300 30 5 
15
9
7
10
15
8
16
10
8
12
10
18
17
17
11
13
6
19
19
14
13
14
12
19
12
20
18
10
10
15
20
5
19
8
11
11
16
8
11
15
6
12
9
5
13
14
12
17
20
18
6
18
19
14
20
16
18
14
20
18
8
6
7
19
6
9
7
5
5
10
11
6
13
18
9
19
8
17
11
10
6
8
5
20
18
6
5
19
20
17
12
8
9
7
13
9
16
6
19
17
6
9
8
8
5
20
19
20
8
18
17
16
18
12
7
12
16
13
7
5
12
20
18
6
19
10
13
15
9
5
6
6
12
12
8
12
6
11
14
17
7
9
5
9
18
8
5
16
6
13
17
13
17
17
13
20
16
7
15
14
9
15
9
12
13
10
6
10
8
15
19
17
11
13
16
15
13
18
7
11
13
12
12
19
10
14
5
8
7
5
12
13
9
12
19
12
18
12
8
10
20
8
9
12
14
8
9
9
11
19
20
18
11
19
15
16
17
20
19
12
15
14
12
5
15
19
13
13
20
10
7
5
16
13
9
10
7
16
9
16
19
19
20
15
10
10
19
10
13
11
15
7
18
8
6
12
20
13
14
7
10
12
10
18
5
7
11
20
14
14
8
11
15
10
16
8
16
9
15
12
6
11
16
18
7
12
19
12
17
19
15
19
11
10
9
9
12
15
6
18

23 37 59 74 91 117 130 154 181 200 227 256 284 296 326 353 375 391 404 434 450 461 487 516 543 553 565 580 608 