350 20 5 
20
14
18
14
5
13
13
6
8
12
8
14
7
13
11
11
18
15
17
12
5
10
9
20
14
14
11
9
9
11
15
9
15
17
10
13
15
12
10
16
11
8
5
17
6
11
13
7
12
19
6
20
19
13
11
14
17
8
14
10
14
10
15
9
11
17
15
8
19
12
20
19
17
11
15
10
18
20
13
6
12
8
12
13
15
5
15
20
12
13
18
5
19
7
17
18
17
20
7
8
9
5
19
7
18
11
16
17
18
16
20
17
10
20
9
14
18
10
11
16
5
20
17
19
17
11
15
9
8
20
11
5
10
15
15
5
7
18
14
15
15
6
10
16
12
17
6
16
19
20
8
10
7
20
17
11
14
14
15
9
8
7
19
6
13
19
15
5
7
7
18
12
16
16
7
10
12
5
10
11
10
10
13
9
7
7
11
6
20
9
11
8
10
7
6
20
11
7
12
14
10
18
20
15
13
5
19
8
17
10
15
6
16
6
20
6
15
20
6
11
11
18
9
14
5
11
14
6
10
5
14
8
8
11
11
16
14
13
5
17
20
7
11
9
11
15
19
9
6
19
12
19
9
19
17
20
17
10
17
5
20
19
13
13
10
10
17
9
12
16
6
14
12
19
7
13
6
14
19
9
5
12
19
6
8
19
13
18
6
14
8
8
17
11
16
18
7
7
12
15
14
7
14
6
17
8
11
10
6
9
12
14
19
7
20
11
16
9
19
15
13
14
11
8
7
20
17
18
8
10
5
13
13
8
5
18
12
13
15
7
5
9
6
17
8
13
7
10
7
15

23 33 63 78 102 117 142 162 182 192 207 221 245 275 285 302 327 346 368 