30 150 7 
18
11
15
10
14
9
14
11
20
13
13
18
20
8
10
18
14
20
8
8
16
20
15
10
17
8
16
15
8
12

19 33 52 73 92 113 140 166 191 208 232 251 267 285 314 339 363 377 395 419 440 469 491 516 538 558 587 609 628 656 679 707 725 740 762 787 801 828 858 877 907 935 960 989 1009 1027 1055 1083 1108 1136 1166 1193 1223 1239 1262 1284 1301 1318 1335 1356 1379 1397 1418 1448 1462 1486 1501 1529 1547 1569 1586 1604 1626 1643 1672 1698 1715 1744 1767 1793 1814 1835 1856 1878 1903 1933 1958 1988 2006 2027 2053 2076 2099 2118 2140 2156 2181 2198 2227 2252 2269 2284 2306 2332 2351 2381 2397 2412 2437 2453 2473 2494 2523 2545 2575 2590 2609 2637 2657 2684 2712 2727 2747 2761 2782 2797 2815 2839 2865 2881 2909 2928 2949 2964 2989 3012 3027 3057 3081 3109 3139 3157 3180 3208 3224 3253 3279 3306 3320 