300 10 5 
10
7
17
20
13
9
14
6
7
10
13
17
14
10
15
14
10
15
6
12
11
8
18
7
14
18
9
12
13
14
12
11
5
19
8
14
12
16
10
9
18
5
7
19
7
18
11
20
14
15
16
15
16
14
17
18
20
15
15
11
13
18
20
14
20
18
6
20
8
16
14
6
20
13
10
10
16
12
16
13
10
7
20
18
6
17
12
10
19
12
17
20
17
12
9
7
16
12
19
14
10
15
18
19
20
9
14
15
16
16
7
16
7
13
12
12
5
7
11
6
5
18
9
15
16
20
20
14
16
8
7
19
9
7
14
8
10
19
11
9
16
6
8
6
12
11
14
6
6
10
5
15
18
10
13
19
18
18
13
12
12
16
9
12
13
14
9
14
14
18
8
17
7
5
11
6
17
7
19
8
16
17
20
12
16
10
6
9
15
14
11
9
12
11
19
16
15
14
13
13
9
14
15
15
13
7
7
9
15
11
18
9
11
19
14
6
9
12
12
8
16
16
8
12
9
18
11
8
6
14
16
12
18
15
6
10
10
19
6
7
13
13
5
18
16
10
12
20
5
6
6
9
12
16
10
14
10
11
10
11
10
6
11
19
18
14
6
10
7
18
14
7
19
7
19
10
6
13
6
15
10
18
14
19
12
6
10
6
8
15
8
18
20
14
6
12
15
17
7
8

22 37 52 64 83 110 122 143 164 