100 100 6 
15
13
8
20
15
20
8
16
6
13
20
6
12
10
10
20
12
8
20
20
20
19
7
13
19
20
12
17
11
20
8
14
8
10
14
9
6
16
18
17
17
10
7
20
14
10
6
10
7
6
15
15
9
17
14
15
18
6
16
10
16
16
19
17
19
18
20
8
15
20
14
7
12
10
14
20
8
20
8
16
20
17
9
7
7
14
8
16
19
8
15
12
16
9
14
11
16
10
9
16

13 43 65 91 107 120 144 164 188 210 222 251 273 294 321 349 364 386 409 432 447 477 492 513 542 556 576 606 634 662 691 716 745 758 787 800 823 845 861 877 906 936 955 967 989 1003 1026 1047 1077 1104 1125 1139 1168 1187 1210 1222 1241 1258 1287 1304 1333 1357 1373 1388 1400 1418 1446 1471 1493 1505 1523 1540 1564 1589 1619 1647 1660 1681 1706 1726 1753 1774 1793 1811 1835 1859 1876 1906 1929 1958 1984 2007 2031 2043 2067 2080 2110 2136 2154 