200 100 6 
9
12
7
16
18
18
11
14
9
18
8
17
7
12
13
11
18
8
18
16
7
20
12
18
12
18
13
7
7
17
7
14
7
7
8
19
8
16
14
19
7
16
10
7
10
13
15
13
13
15
8
20
9
15
19
11
9
19
18
19
10
17
9
15
9
16
20
11
7
18
20
13
6
13
17
8
12
6
7
8
18
12
8
11
13
6
10
20
15
8
9
18
13
18
11
14
13
13
19
13
14
12
15
18
20
17
16
19
18
15
12
20
12
10
8
17
13
6
14
8
11
15
18
13
6
6
15
10
18
13
13
15
12
19
16
6
14
15
7
8
12
8
19
19
9
9
15
8
15
14
9
9
6
18
12
12
9
11
20
16
13
9
6
17
15
8
6
14
8
9
16
18
19
13
18
8
10
6
15
11
15
14
8
16
16
6
15
9
19
18
14
17
11
6
12
18
14
10
10
14

17 46 66 90 118 143 161 188 202 218 236 255 275 300 313 335 364 381 407 425 445 465 483 512 539 555 578 593 606 624 654 684 701 719 734 760 789 801 816 830 846 865 885 907 920 945 959 971 997 1024 1045 1059 1088 1102 1126 1138 1151 1177 1204 1217 1244 1261 1284 1314 1327 1348 1375 1398 1427 1456 1486 1511 1536 1566 1596 1624 1654 1669 1685 1697 1724 1737 1751 1773 1798 1825 1845 1871 1884 1898 1911 1928 1951 1967 1992 2013 2042 2063 2093 