30 100 6 
19
20
13
15
19
11
9
11
10
18
15
7
17
13
12
6
18
19
9
6
8
11
7
19
12
18
19
13
8
13

21 33 54 84 101 124 150 167 196 211 241 267 293 318 336 354 378 396 417 435 465 484 496 509 533 558 585 600 628 646 663 681 711 730 750 768 785 815 833 855 875 904 928 942 958 978 1006 1031 1055 1071 1083 1112 1131 1149 1165 1195 1219 1244 1273 1300 1324 1344 1357 1370 1395 1421 1440 1455 1482 1506 1535 1564 1585 1597 1623 1644 1669 1686 1716 1741 1767 1790 1815 1834 1852 1867 1887 1913 1937 1959 1983 2000 2029 2059 2075 2103 2120 2144 2157 