200 150 7 
11
16
7
20
13
14
11
8
20
8
20
17
12
11
14
8
18
14
8
19
14
12
20
15
8
17
7
15
15
16
18
10
19
18
9
19
17
10
20
8
15
8
16
14
8
14
7
18
17
15
15
15
13
12
8
17
12
19
17
13
7
14
20
10
20
15
17
8
13
15
7
13
15
10
19
9
16
7
19
14
12
19
14
19
18
11
14
20
11
7
15
13
11
19
17
9
15
14
15
7
18
18
10
17
9
18
18
12
14
17
7
13
7
17
20
15
16
19
16
12
8
7
14
15
18
16
13
19
9
15
20
7
11
16
17
14
13
12
13
17
15
8
9
17
11
9
12
9
12
12
16
17
20
10
11
9
11
20
9
20
13
17
14
13
15
13
18
9
17
7
15
14
15
17
20
12
16
18
10
16
11
17
15
7
19
9
18
9
14
15
20
11
16
12
15
17
11
15
17
18

25 43 73 87 114 137 157 183 211 226 245 260 284 302 326 355 374 388 408 427 444 468 490 504 533 555 569 594 617 639 655 679 704 732 761 785 810 835 860 883 905 928 948 964 981 997 1014 1032 1049 1072 1102 1121 1135 1156 1170 1195 1218 1239 1265 1284 1298 1318 1344 1364 1391 1421 1448 1462 1481 1506 1529 1543 1572 1594 1611 1626 1649 1676 1695 1710 1730 1758 1775 1799 1827 1855 1883 1908 1929 1955 1984 2002 2025 2055 2070 2085 2108 2136 2161 2191 2214 2239 2259 2285 2301 2319 2347 2369 2392 2417 2437 2466 2483 2503 2525 2552 2574 2592 2610 2630 2644 2662 2687 2704 2722 2737 2758 2782 2797 2823 2841 2855 2882 2899 2929 2952 2967 2986 3012 3029 3046 3067 3093 3117 3137 3164 3187 3217 3247 