300 20 5 
10
11
16
6
6
19
20
9
15
13
6
20
15
9
6
20
11
15
14
12
16
16
9
15
14
15
16
13
9
16
6
17
13
16
5
10
18
6
7
9
16
8
10
10
5
16
14
7
5
16
16
9
17
19
12
16
11
7
14
5
8
8
10
14
7
15
14
18
18
11
20
13
19
14
12
6
9
11
9
16
10
14
10
14
10
13
12
10
13
13
14
7
10
9
6
5
18
15
18
6
15
10
18
15
15
7
20
16
19
18
15
8
19
17
20
19
5
5
17
5
13
12
9
11
7
9
17
16
19
8
11
13
17
12
8
5
13
12
10
16
12
14
8
6
8
18
6
15
7
19
20
8
19
9
5
9
6
18
19
5
5
18
16
17
15
9
16
8
5
20
6
14
11
6
13
20
16
8
8
11
11
15
11
13
6
14
11
8
16
11
19
12
14
6
10
8
17
7
17
16
14
7
17
17
9
19
20
8
19
12
18
16
7
18
16
10
15
18
20
18
12
13
11
15
6
11
15
11
16
16
19
20
16
14
17
19
14
11
7
11
11
5
12
20
19
19
9
8
6
13
6
13
19
15
18
5
6
10
8
18
20
11
14
14
20
16
15
10
17
8
12
5
13
11
14
15
8
10
16
15
18
8
10
18
13
9
16
5
6
9
13
5
5
17
10
20
18
5
20
15

23 40 53 83 109 137 167 197 226 237 251 265 279 306 332 361 376 388 403 