200 30 7 
14
8
18
16
15
13
19
14
16
13
20
19
19
8
14
10
7
20
12
11
10
9
12
8
12
10
18
12
17
20
12
9
7
19
20
18
15
12
18
17
15
8
17
7
16
19
10
7
19
16
14
19
17
18
7
9
9
20
13
11
20
9
17
13
14
19
12
13
13
7
15
11
15
13
7
18
12
12
11
18
14
19
14
18
13
12
13
7
17
17
15
7
14
11
13
8
19
20
10
18
16
18
8
16
7
19
8
13
7
9
12
20
10
11
7
8
8
13
14
7
20
11
20
19
9
7
18
7
18
8
9
12
13
20
9
14
10
10
14
19
8
12
11
13
8
13
7
16
14
15
8
10
11
19
9
18
7
13
20
7
15
16
17
10
12
19
7
12
12
8
12
11
10
10
14
11
18
10
20
7
17
7
12
19
13
20
8
18
19
10
12
18
18
8
8
13
20
12
18
8

15 34 63 85 106 120 147 163 181 199 222 251 268 297 317 331 349 364 385 403 422 446 476 496 524 554 576 599 616 