30 150 5 
15
11
16
6
18
8
9
10
12
17
15
19
18
15
7
16
20
13
18
5
8
12
10
14
8
8
13
19
14
10

25 40 59 86 107 118 147 157 183 212 226 254 269 289 312 341 352 367 387 417 447 458 487 512 528 541 569 590 609 627 656 686 710 736 747 757 779 800 828 852 882 897 927 939 952 964 980 995 1010 1037 1055 1082 1104 1118 1136 1150 1175 1186 1196 1218 1230 1248 1275 1305 1329 1344 1356 1369 1398 1412 1426 1454 1469 1491 1516 1540 1553 1564 1584 1608 1630 1659 1677 1698 1708 1738 1753 1770 1790 1808 1826 1843 1858 1879 1906 1923 1944 1974 2000 2018 2032 2060 2082 2094 2113 2140 2152 2182 2197 2210 2226 2239 2252 2265 2285 2306 2328 2352 2380 2393 2406 2423 2441 2468 2485 2507 2525 2547 2562 2576 2591 2613 2633 2656 2671 2694 2715 2732 2755 2775 2797 2809 2823 2833 2859 2884 2902 2920 2942 