300 10 6 
6
12
7
10
6
16
9
11
10
9
7
8
13
9
18
7
7
11
15
16
11
9
7
15
18
15
16
19
18
8
11
11
10
18
20
6
7
18
17
19
18
12
7
13
6
14
6
8
6
7
10
13
7
7
10
8
14
11
11
14
19
18
17
14
20
16
15
11
8
10
16
14
12
18
10
12
8
8
15
7
16
15
20
10
11
6
10
6
15
16
14
11
6
17
16
6
19
14
13
7
9
7
6
10
18
9
19
16
12
9
10
7
16
18
16
14
20
15
20
15
17
8
11
13
17
17
20
9
18
8
19
10
7
8
9
14
14
10
7
20
17
8
20
14
20
12
7
6
20
9
13
16
19
6
12
8
15
11
13
13
14
7
14
6
14
19
7
9
9
20
12
12
14
14
16
6
18
19
18
8
15
20
11
20
6
19
6
20
6
19
15
8
15
17
13
10
8
7
15
12
11
14
7
7
15
19
14
17
16
13
11
6
9
20
16
20
18
18
17
13
17
16
7
13
12
19
20
9
14
10
10
15
7
17
11
6
19
18
16
17
9
13
12
13
8
11
20
13
16
15
18
16
13
8
6
15
11
7
19
8
13
10
14
11
17
6
12
9
13
15
7
10
10
12
8
16
16
15
12
18
12
19
13
14
20
12
16
18
8
10
16
14
12
20
20
20
15
8
20
8

18 36 63 76 93 116 129 154 171 