30 150 5 
7
14
11
10
5
11
8
6
5
12
12
16
11
7
10
12
6
10
20
20
7
20
14
14
19
7
19
9
7
12

24 50 66 78 88 104 129 151 179 202 229 256 271 286 299 314 328 344 369 387 413 438 458 478 506 522 532 544 570 594 611 631 659 682 705 731 752 777 793 815 835 847 857 879 902 929 952 972 983 994 1024 1034 1047 1076 1086 1098 1127 1151 1163 1184 1196 1206 1224 1244 1256 1276 1287 1311 1325 1345 1367 1377 1388 1413 1429 1453 1474 1496 1515 1532 1562 1587 1598 1611 1627 1655 1675 1700 1715 1742 1757 1781 1808 1828 1841 1852 1864 1875 1894 1906 1919 1945 1973 1995 2019 2033 2050 2078 2093 2103 2127 2154 2184 2205 2232 2252 2269 2292 2317 2345 2358 2374 2389 2412 2439 2461 2477 2488 2504 2526 2544 2566 2590 2608 2619 2632 2654 2675 2696 2710 2738 2750 2768 2791 2806 2829 2843 2865 2882 