200 20 5 
8
19
10
13
11
12
10
11
7
7
15
15
19
15
20
9
14
5
7
14
6
19
12
17
9
14
20
15
10
11
15
9
6
19
16
8
7
10
17
12
8
12
7
5
11
8
6
6
8
18
8
7
6
20
10
10
15
20
8
16
15
12
10
13
13
6
15
9
13
6
9
8
5
13
9
13
15
11
12
10
15
5
5
11
5
7
14
20
5
11
10
7
5
11
13
11
6
19
13
9
7
11
10
9
6
19
13
13
8
16
13
12
12
6
7
18
11
6
15
5
18
11
18
11
19
15
14
11
9
19
20
17
11
15
13
6
19
6
11
14
15
14
17
20
7
14
6
20
16
9
5
7
16
11
8
20
19
17
7
20
14
14
12
7
18
10
9
6
19
13
12
9
10
14
17
10
7
5
8
9
11
7
9
17
5
19
5
10
11
8
15
16
12
10
11
5
20
5
6
19

15 27 49 69 89 110 120 150 161 191 201 227 254 271 285 311 321 343 369 