400 10 6 
8
7
17
10
9
18
19
13
8
11
18
17
9
6
13
10
19
7
13
19
12
20
7
20
14
12
11
9
18
16
6
11
14
20
7
15
18
9
12
11
17
17
16
17
8
15
8
7
18
14
9
20
17
19
6
11
10
11
6
6
12
14
14
9
13
10
14
9
16
19
20
16
17
17
12
7
14
20
9
13
16
16
12
19
8
18
17
11
18
7
15
19
14
20
20
16
18
18
14
19
16
7
6
20
16
12
13
17
12
6
19
13
9
10
6
8
9
11
18
8
9
15
8
9
15
9
11
14
8
15
14
6
17
6
16
18
15
14
17
8
17
10
14
12
11
14
16
13
6
17
7
19
16
14
7
11
8
7
9
20
7
13
9
17
12
20
18
7
9
16
6
8
18
14
19
15
20
6
8
14
15
8
15
6
12
19
17
15
15
19
17
7
18
6
7
6
16
6
17
9
18
7
14
17
17
7
8
9
11
18
12
7
20
14
14
6
17
10
8
13
18
11
12
19
7
7
8
20
11
15
12
18
10
13
8
7
12
7
11
11
17
12
18
19
16
19
20
15
13
10
14
6
10
13
14
17
9
8
17
19
20
6
15
7
20
7
11
8
8
8
10
11
9
14
8
13
18
17
20
6
16
6
10
9
20
12
8
14
8
16
20
10
7
19
7
13
12
16
6
18
13
12
10
17
20
18
7
6
10
17
20
11
19
16
13
9
15
17
17
10
20
11
20
6
19
8
20
12
9
12
6
9
19
12
14
7
18
18
13
8
9
18
10
12
7
18
6
18
19
9
11
16
13
12
16
15
13
14
6
7
12
9
13
7
14
12
12
15
7
8
17
19
15
7
13
10
15
7
11
13
7
9
18
20
8
17
10
16
19
13
10
11
19
11
12
19
6
11
10
11

22 38 67 91 108 120 142 161 183 