350 150 6 
12
15
8
12
11
16
11
12
11
8
10
9
16
17
9
20
19
10
15
13
14
16
17
16
20
10
9
15
6
15
18
6
15
14
10
17
19
19
18
8
11
17
9
14
18
19
19
10
15
17
19
8
16
11
7
8
8
14
6
12
9
11
8
14
7
14
6
8
18
7
19
8
13
11
9
16
17
13
12
14
14
9
16
10
11
18
6
12
10
8
11
11
8
17
16
12
18
17
15
14
8
15
12
19
10
20
19
16
8
17
9
14
20
9
16
13
18
9
9
12
16
10
13
15
17
15
9
8
11
9
17
11
20
18
9
16
13
8
18
12
18
15
8
19
7
13
17
11
10
17
15
11
11
17
15
14
19
13
14
6
16
8
18
14
17
19
13
8
18
20
8
7
13
10
11
16
10
19
9
10
11
7
16
11
9
18
9
20
20
9
10
18
18
12
10
16
14
16
8
10
13
11
13
16
13
14
20
10
7
14
18
7
7
16
13
9
18
16
18
18
12
7
20
6
11
17
18
11
13
10
18
12
9
9
11
8
15
12
13
20
15
6
15
9
19
10
18
8
7
13
15
15
10
11
13
14
10
11
10
19
20
12
15
14
10
19
15
7
17
8
8
15
13
14
8
16
17
16
7
10
7
18
20
13
19
10
10
13
17
10
14
13
11
7
13
17
12
10
15
6
8
10
18
7
16
15
10
14
15
13
18
18
18
16
18
14
11
8
12
12
11
10
9
8
6
20
11
18
20
15
14
10
18
12
9
15
11
13
10
14
15
20
9
16
18
15
12
15
6
11

19 33 45 58 87 113 125 140 164 176 200 213 225 255 273 303 329 354 368 386 399 425 447 467 496 514 538 563 586 616 632 662 683 696 716 738 759 780 810 830 844 864 882 902 922 940 952 973 991 1018 1043 1061 1086 1099 1112 1139 1160 1186 1200 1225 1253 1275 1298 1327 1350 1375 1400 1420 1450 1476 1496 1521 1535 1557 1584 1614 1636 1659 1688 1706 1734 1755 1783 1797 1818 1847 1869 1882 1898 1928 1952 1969 1981 2001 2022 2039 2069 2098 2118 2147 2171 2183 2196 2210 2240 2262 2275 2303 2321 2337 2350 2375 2388 2404 2420 2442 2454 2479 2493 2523 2539 2555 2573 2597 2616 2630 2651 2665 2684 2712 2725 2754 2768 2791 2813 2842 2866 2887 2914 2927 2944 2968 2985 3005 3030 3048 3064 3076 3099 