300 150 5 
12
15
7
8
20
18
20
11
7
17
20
19
20
9
16
7
9
16
16
19
20
17
12
12
7
20
19
19
10
12
15
12
5
8
8
16
14
18
8
16
16
12
16
10
13
13
9
17
20
6
13
8
6
9
6
15
6
12
7
17
16
10
10
13
12
11
10
20
18
6
19
19
15
20
6
17
9
6
17
10
16
9
14
14
6
9
11
20
16
20
10
19
13
17
10
18
7
17
5
13
7
20
11
11
14
15
16
15
17
13
17
12
20
19
13
12
11
9
17
18
13
5
20
15
10
10
5
18
14
17
18
19
6
6
10
18
19
7
20
11
12
9
18
13
9
12
17
11
14
15
18
19
20
6
14
13
14
11
20
6
10
20
7
14
7
20
7
14
6
19
12
14
20
18
10
6
6
10
17
19
6
5
5
13
14
16
14
7
18
14
16
6
19
16
13
5
16
20
9
8
16
12
15
16
14
17
19
15
20
7
7
12
12
18
18
9
18
9
13
19
13
11
16
10
16
15
13
18
12
16
10
8
9
9
5
9
20
13
19
16
11
10
10
14
7
15
16
15
9
11
20
10
8
8
11
9
10
9
13
11
17
15
17
6
8
18
6
17
14
14
20
16
18
12
18
17
16
19
9
7
10
14
9
20
11
15
11
13
8
20
7
9
8
10
6
10
5
16
10
15

10 40 70 90 104 130 154 182 203 229 242 264 276 300 324 346 366 388 416 438 464 479 491 515 530 543 572 596 608 631 653 680 691 710 740 761 776 786 814 825 853 871 882 907 923 950 961 975 1002 1017 1036 1049 1062 1076 1106 1131 1155 1168 1193 1211 1224 1242 1261 1279 1302 1325 1348 1360 1386 1399 1410 1437 1466 1485 1497 1507 1522 1550 1569 1589 1609 1638 1660 1679 1704 1731 1758 1784 1802 1813 1839 1864 1885 1908 1929 1948 1974 1986 2000 2022 2048 2077 2089 2109 2139 2159 2184 2199 2222 2250 2278 2300 2326 2353 2381 2399 2429 2439 2458 2488 2506 2534 2558 2569 2598 2626 2644 2654 2684 2703 2731 2747 2758 2777 2796 2822 2840 2858 2875 2887 2910 2921 2951 2969 2983 3000 3029 3057 3077 