300 100 7 
12
7
8
17
20
15
15
13
19
16
8
19
12
15
16
20
19
15
11
19
15
19
10
12
8
12
11
18
17
15
8
14
12
7
18
9
9
19
17
15
19
15
20
18
20
8
14
17
20
8
13
12
17
16
9
12
20
12
8
16
20
11
18
7
13
7
10
7
7
12
18
8
10
7
17
16
19
10
11
9
17
17
8
16
11
20
18
18
20
12
19
18
8
13
16
7
19
14
16
14
8
11
16
20
8
8
15
14
9
20
14
19
7
19
13
15
13
14
8
12
19
13
12
19
15
20
12
8
7
19
12
20
9
18
10
7
9
17
19
8
12
13
10
19
18
20
20
17
17
7
12
17
11
14
20
7
12
15
9
19
9
17
14
9
18
8
16
14
18
9
20
19
7
11
14
20
14
18
11
20
7
19
10
15
18
8
20
17
19
7
10
12
19
9
8
14
16
15
16
19
10
10
8
13
16
15
8
8
8
14
11
10
12
13
16
16
17
18
13
15
18
17
7
13
14
16
8
18
11
20
7
8
19
19
19
11
14
10
17
9
8
17
19
16
16
7
7
8
16
19
17
11
20
18
13
14
16
10
11
7
11
14
14
9
15
8
14
11
17
11
17
7
8
18
18
7
11
18
12
9
7
18
10
13
9
19
15
7
18
20
10
12
13
13
15
8
17
19
14
7

14 40 62 91 106 122 141 166 191 221 236 261 289 319 349 370 393 407 423 448 472 491 515 534 550 565 594 622 637 660 677 702 716 730 760 777 791 819 842 856 872 899 925 940 961 978 1006 1034 1051 1076 1095 1120 1136 1163 1179 1195 1222 1247 1266 1286 1302 1326 1341 1368 1391 1407 1421 1441 1455 1480 1506 1525 1550 1574 1603 1619 1646 1665 1685 1703 1725 1741 1769 1796 1815 1845 1869 1889 1910 1927 1943 1972 1987 2007 2023 2038 2056 2081 2100 