350 150 7 
7
14
15
9
7
12
15
19
8
13
11
15
16
12
12
8
11
19
9
9
16
19
9
11
7
7
19
12
15
19
14
18
7
15
8
8
13
10
7
7
13
11
20
16
11
9
14
14
15
18
12
20
12
11
17
20
10
19
17
18
17
13
12
7
10
10
10
13
20
9
14
14
19
13
11
12
7
14
8
8
10
11
12
12
9
8
16
7
14
10
8
14
14
14
17
11
8
17
14
15
13
16
10
13
17
16
17
16
15
19
17
18
8
10
7
7
12
12
14
10
17
10
15
18
14
14
8
7
13
15
9
11
16
9
11
7
10
7
12
12
17
16
9
16
19
16
14
12
17
11
19
17
20
16
11
10
13
11
16
17
20
9
12
7
8
20
10
14
20
18
13
7
8
10
13
8
14
14
20
9
15
7
19
20
12
16
8
17
20
10
8
9
8
12
16
20
13
18
19
19
7
19
15
12
10
7
11
11
17
12
20
13
7
11
10
9
13
14
17
8
11
10
14
17
11
18
9
14
16
7
7
19
11
12
18
7
13
11
11
18
11
12
11
9
15
12
17
12
19
10
13
17
13
14
11
12
10
17
20
10
9
16
11
8
12
14
19
14
19
17
11
12
10
14
18
15
7
20
7
17
15
19
11
9
13
18
17
15
15
11
13
7
19
15
12
15
9
15
16
8
12
15
14
17
19
14
10
10
7
15
12
9
19
12
10
7
10
16
16
13
8
10
10
13
9
10
7
15
9
9
18
14
14
13
20
19
20
7
9
7
9
7
17
15
10
19
15
19
17
20

19 36 51 65 79 106 125 143 165 183 205 229 246 264 283 310 324 345 365 380 394 408 431 445 464 482 499 523 548 569 594 608 632 655 674 695 724 746 767 796 823 851 867 894 920 945 959 983 999 1029 1049 1066 1081 1109 1137 1161 1186 1205 1235 1250 1272 1298 1316 1333 1353 1374 1396 1417 1431 1445 1474 1500 1514 1529 1555 1585 1605 1623 1637 1666 1688 1706 1736 1757 1785 1809 1823 1853 1881 1901 1915 1932 1949 1969 1988 2007 2024 2054 2083 2102 2127 2145 2175 2191 2219 2237 2254 2273 2300 2322 2350 2376 2397 2411 2426 2455 2485 2510 2536 2559 2580 2604 2628 2647 2663 2679 2704 2722 2743 2768 2782 2799 2826 2842 2866 2882 2908 2931 2947 2969 2983 3011 3037 3063 3081 3095 3122 3146 3175 