20 100 5 
8
5
19
11
10
7
17
18
8
7
20
16
5
11
7
9
6
5
6
20

17 35 57 79 89 118 139 149 159 184 213 241 266 296 309 336 346 369 388 406 431 449 477 491 508 530 556 572 602 622 637 664 690 703 722 746 773 796 823 847 866 896 910 924 936 948 970 997 1007 1017 1047 1070 1087 1117 1143 1153 1166 1190 1215 1242 1255 1284 1314 1342 1354 1372 1386 1410 1439 1466 1482 1499 1511 1523 1544 1557 1583 1600 1622 1643 1657 1684 1699 1714 1725 1746 1775 1794 1823 1837 1859 1876 1895 1906 1927 1942 1952 1968 1991 