350 10 6 
16
8
11
18
18
13
20
17
15
16
19
15
20
12
19
10
13
11
18
19
10
12
15
17
12
6
14
12
15
11
16
13
15
10
10
14
6
14
19
11
18
16
16
20
16
11
18
13
7
13
15
12
20
20
17
16
10
20
16
18
9
18
16
8
19
19
9
17
7
14
8
19
10
14
10
7
17
6
12
14
6
6
14
7
14
11
12
18
11
15
12
6
9
20
11
20
8
14
16
17
18
16
20
9
11
7
13
15
19
8
9
18
20
17
18
11
12
18
9
16
14
17
11
13
12
18
20
6
6
14
12
12
19
17
9
11
7
9
17
15
8
19
13
9
14
8
17
13
7
8
10
11
6
7
17
12
17
17
8
9
9
18
19
16
15
14
20
14
8
12
20
16
17
17
20
8
20
10
6
6
11
10
20
10
8
10
14
9
20
9
17
10
6
16
8
20
18
16
7
11
7
20
17
20
14
14
12
7
8
13
11
11
16
19
19
16
12
11
18
17
11
18
9
8
14
15
18
8
19
17
16
9
12
7
14
13
17
15
19
12
9
12
6
19
10
16
7
6
8
8
18
19
14
15
19
14
12
17
13
9
15
9
14
14
6
19
18
13
14
7
18
17
13
17
10
8
13
14
13
14
16
6
20
7
20
8
13
20
9
7
7
16
7
19
18
12
12
18
8
14
7
6
19
12
6
14
8
6
18
13
15
16
16
15
9
17
12
11
13
15
11
16
9
6
15
19
19
10
20
18
14
12
13
18
16
13
6
9
7
7
7
10
15
17
6
14
14
9
10
10

14 34 53 73 97 119 146 159 188 