300 150 7 
19
7
9
18
9
13
19
15
16
15
19
12
10
16
11
7
11
18
12
19
17
20
13
17
20
18
13
17
15
12
10
7
7
17
18
13
10
8
11
15
7
7
16
14
11
9
19
14
12
9
7
8
14
19
15
7
17
12
10
9
11
7
8
7
15
15
8
16
8
15
9
18
12
16
12
14
14
17
17
16
16
7
11
14
8
7
14
20
19
7
8
20
16
11
7
12
10
15
13
17
13
15
9
13
8
9
18
17
17
18
16
12
15
14
12
15
11
20
8
16
9
19
13
8
9
11
7
14
9
13
11
8
17
15
12
16
15
17
9
8
11
13
7
9
8
19
10
20
18
9
16
17
16
11
12
20
7
18
13
11
12
13
14
14
13
13
11
15
8
9
7
19
19
17
20
19
8
9
13
18
9
12
14
10
15
20
16
10
8
20
15
16
10
7
17
14
19
18
8
15
17
9
16
8
8
18
10
12
10
12
8
12
16
10
7
9
11
18
7
16
7
9
14
19
13
13
8
8
17
9
20
19
7
11
10
17
13
15
17
14
9
11
17
10
13
8
16
14
18
12
19
10
17
13
11
10
12
18
11
10
8
12
19
17
13
8
7
15
12
11
7
13
12
19
14
19
12
16
17
10
20
15
9
7
15
8
8
20
15
19
10
19
14
15
9
17
8
15
18
20

17 32 49 65 94 117 145 163 180 209 226 250 266 289 303 322 342 366 391 417 433 448 472 500 518 545 570 600 624 640 668 684 709 732 747 761 787 806 828 858 880 901 924 942 961 989 1018 1043 1072 1101 1117 1143 1160 1187 1205 1221 1237 1252 1269 1285 1309 1330 1359 1374 1401 1429 1456 1470 1491 1505 1535 1565 1581 1605 1625 1640 1654 1684 1698 1727 1754 1775 1800 1814 1833 1860 1882 1906 1920 1934 1962 1992 2021 2051 2071 2099 2129 2150 2165 2182 2207 2227 2248 2272 2293 2311 2337 2361 2380 2402 2430 2457 2479 2500 2524 2550 2571 2585 2608 2638 2657 2676 2704 2732 2762 2787 2811 2837 2853 2878 2895 2909 2939 2959 2976 3005 3022 3039 3066 3086 3108 3136 3166 3185 3204 3227 3255 3280 3295 