300 100 5 
16
6
6
14
16
13
14
19
9
10
16
20
17
10
19
8
9
12
15
13
15
20
8
5
5
14
7
17
18
20
15
12
8
17
14
11
6
6
19
19
14
12
15
11
9
12
15
20
10
12
9
7
16
11
20
13
16
14
13
5
19
12
8
17
12
7
19
18
12
12
17
6
9
13
6
14
12
12
14
5
11
11
19
14
7
18
15
13
6
17
14
9
19
6
8
16
20
17
13
11
12
7
17
20
19
20
11
6
19
19
9
19
20
19
6
12
10
18
14
12
13
13
17
5
10
12
7
16
8
8
19
15
13
14
11
6
18
8
7
9
20
10
7
7
13
10
10
8
19
19
12
18
14
12
15
18
16
5
14
10
16
17
14
5
7
11
6
19
15
18
17
17
9
6
17
8
14
8
6
10
8
13
15
8
18
20
16
7
13
8
5
20
20
7
5
6
18
20
11
19
19
10
17
6
8
18
14
15
15
7
18
11
19
8
15
5
15
14
11
13
9
14
19
8
13
17
17
9
6
18
17
15
5
8
17
14
11
5
7
18
9
13
8
17
10
11
5
17
15
17
8
11
12
15
16
14
17
6
10
6
12
13
17
14
12
19
7
19
9
6
20
11
18
20
13
7
7
16
9
5
9
7
17
9
14
19
6
12
9
15
7
5
10
13
18
8
18
5
11
12

12 22 36 56 78 99 128 152 165 180 203 223 250 271 283 297 319 341 358 382 408 422 432 452 469 489 507 533 545 566 593 605 615 629 639 653 678 693 714 734 761 775 789 815 835 865 878 895 924 945 961 989 1015 1036 1066 1077 1101 1118 1140 1155 1175 1187 1203 1215 1231 1246 1264 1275 1305 1324 1338 1350 1377 1395 1408 1438 1448 1467 1481 1494 1523 1547 1561 1580 1597 1621 1633 1649 1662 1683 1708 1733 1746 1776 1789 1804 1832 1857 1868 