350 50 5 
20
13
7
9
5
11
5
20
19
12
16
8
6
7
19
6
7
18
9
11
18
8
6
15
12
9
20
12
7
18
17
19
19
14
7
11
7
13
11
11
16
5
11
10
9
6
17
5
12
18
13
17
8
13
19
18
20
17
16
11
18
5
19
7
7
15
9
7
11
8
9
12
12
15
18
8
8
16
17
16
10
6
7
5
20
14
11
20
15
15
12
10
14
7
10
11
10
7
5
5
9
18
6
17
16
18
13
10
11
12
10
17
10
5
16
15
15
20
6
12
5
10
16
16
19
15
14
9
17
15
20
13
11
5
10
16
19
6
20
7
11
18
20
14
20
7
14
7
17
6
13
20
15
10
20
7
9
6
8
7
6
14
12
6
6
8
12
18
14
20
15
8
16
11
7
15
15
20
10
20
17
13
6
18
5
7
16
5
7
18
14
15
17
12
6
10
5
20
6
14
9
19
6
6
17
14
11
14
19
5
13
16
7
15
10
15
14
10
12
19
5
13
9
7
10
17
11
15
14
16
15
14
11
12
17
6
7
19
8
18
9
17
13
17
12
6
18
19
19
10
17
9
12
15
18
8
8
6
17
14
9
20
15
8
12
6
8
19
9
18
6
18
9
16
20
16
8
10
5
6
11
15
5
14
20
14
16
9
19
18
18
15
15
8
15
5
5
9
20
20
16
20
13
7
10
11
8
20
18
17
10
15
15
18
17
12
20
20
10
20
20
13
20
9
8
5
5
13
14
13
11
16
20
16
5
9
5
9
19
7
19
5
11
8
7
10
14
9
5
8

10 24 39 52 69 88 104 128 138 163 183 207 222 252 276 293 312 332 362 392 409 421 439 459 472 498 514 542 571 589 607 617 631 652 677 697 716 743 759 779 794 816 844 874 893 903 916 936 950 