200 100 5 
10
10
18
15
12
5
16
13
6
12
7
15
14
17
7
19
7
6
10
12
10
18
6
5
5
8
20
6
5
10
17
5
17
10
5
14
6
18
19
6
10
5
16
12
11
20
8
18
8
5
13
11
19
18
17
5
5
14
6
8
18
13
19
15
15
20
10
7
17
14
8
6
7
17
13
15
11
17
13
18
5
19
6
8
17
5
18
16
18
12
15
20
7
13
14
16
12
16
9
19
20
18
8
6
6
10
6
13
6
14
15
12
5
7
12
13
11
19
19
15
20
9
9
16
9
18
9
14
17
6
10
10
7
20
11
14
14
7
18
17
18
5
6
8
17
9
9
15
10
20
10
9
20
15
10
20
18
20
14
17
5
14
20
19
19
14
9
5
7
15
10
16
9
12
10
13
16
17
20
8
5
16
17
7
9
5
11
10
9
11
19
18
17
16
16
6
15
6
10
20

11 35 52 66 85 96 109 127 153 175 203 219 235 258 283 302 328 350 364 391 418 439 454 469 486 503 532 547 577 605 618 648 674 693 705 727 754 772 787 800 810 825 836 848 858 869 884 903 920 937 967 989 1013 1030 1051 1071 1090 1117 1133 1153 1176 1199 1228 1245 1271 1285 1305 1330 1360 1390 1414 1431 1454 1466 1486 1515 1533 1557 1573 1586 1600 1614 1643 1658 1676 1696 1722 1743 1772 1797 1807 1824 1837 1850 1876 1896 1918 1941 1954 