350 10 6 
17
19
13
17
20
12
12
14
19
19
15
10
12
10
8
6
16
13
7
18
11
16
14
12
6
16
9
16
7
17
13
20
9
9
16
7
10
19
9
10
11
10
12
18
14
16
11
7
20
9
17
10
18
14
20
6
13
9
19
17
12
20
11
17
16
10
19
17
11
14
16
11
12
19
16
17
6
11
11
14
11
14
11
8
6
10
9
8
8
10
20
20
14
8
16
14
11
9
12
16
17
7
7
8
11
13
8
11
14
17
7
14
16
12
16
10
15
13
15
8
20
7
20
12
16
15
11
17
12
16
14
18
11
6
10
8
12
18
6
9
17
19
17
14
15
6
18
14
7
9
9
9
9
10
10
11
6
7
9
15
19
19
20
13
18
13
17
19
6
17
10
20
19
18
12
11
9
9
20
19
19
13
12
17
13
19
7
13
11
16
11
14
15
18
15
12
8
19
17
6
10
10
20
9
18
11
16
13
14
6
13
13
8
17
15
8
15
14
15
15
9
9
13
9
9
6
14
9
12
17
7
17
17
9
10
9
14
11
11
12
14
17
11
11
13
20
7
13
16
15
10
18
16
15
12
7
13
6
20
6
7
12
7
20
14
14
14
18
7
10
17
20
6
9
19
19
11
20
19
17
13
16
8
18
10
13
9
11
6
8
7
17
20
16
12
13
9
12
11
12
6
17
8
8
19
16
6
8
13
14
8
8
8
6
19
20
13
11
19
9
16
20
7
10
20
19
17
10
13
8
9
6
18
14
20
11
13
7
6
17
19
7
16
7
8
7
10
8
18
7

25 42 61 78 96 111 138 160 186 