350 10 7 
11
14
17
12
12
8
16
20
11
9
8
15
12
13
9
20
12
9
20
11
12
10
7
19
12
11
13
19
12
18
20
7
18
15
8
13
16
16
18
19
13
20
10
18
7
15
9
20
12
18
20
14
7
17
9
15
15
9
17
15
12
19
20
18
16
16
10
19
13
8
11
13
19
14
11
12
20
19
13
8
18
14
9
18
8
19
17
10
19
10
10
7
18
20
10
10
12
8
20
13
9
11
10
15
17
8
14
7
10
17
19
11
14
13
7
12
17
13
13
10
20
11
10
20
17
14
13
15
14
8
19
13
16
14
13
9
16
8
16
18
13
9
16
10
13
16
13
12
16
15
9
7
11
11
14
14
7
13
18
15
12
19
11
17
11
9
13
15
18
17
15
10
9
17
15
8
8
9
15
10
20
17
16
13
11
19
20
16
14
18
13
20
8
14
16
19
15
20
11
11
16
8
11
9
17
7
14
8
13
12
15
14
16
14
13
14
10
8
9
14
7
15
10
20
12
13
19
13
19
16
7
9
20
20
19
8
17
16
10
8
16
13
17
8
12
9
7
16
12
13
16
20
12
12
16
12
20
19
13
17
17
7
12
12
20
10
18
11
18
13
20
19
9
9
10
11
16
12
12
19
19
12
15
16
10
12
16
20
10
17
7
12
11
18
12
8
17
7
19
18
8
18
14
14
8
10
8
13
10
17
10
10
14
20
9
14
18
14
16
7
12
18
18
14
20
8
18
9
9
20
11
13
7
16
8
9
15
13
17
9
9
7
7
13
10
8
17
18
17
16

19 46 68 98 115 130 147 171 187 