200 50 7 
14
17
15
7
20
7
8
10
12
19
13
11
7
19
7
10
15
8
20
11
20
16
13
14
18
18
9
15
9
8
19
16
14
20
7
10
9
15
17
17
19
17
13
19
17
15
14
12
11
13
20
13
9
18
9
7
12
14
15
8
8
15
8
8
12
12
11
8
13
7
18
17
8
8
20
8
17
8
7
12
10
12
15
18
8
9
20
8
12
8
11
17
15
17
18
14
17
17
12
18
8
17
8
13
14
7
12
15
10
17
13
8
14
9
8
19
7
9
7
8
8
14
20
12
16
14
20
16
11
8
8
10
12
11
11
7
15
9
9
7
17
17
9
10
17
20
12
14
16
12
7
16
7
18
10
18
15
20
8
10
12
9
14
8
9
8
16
20
12
10
20
10
12
16
12
12
7
9
20
20
8
9
17
10
11
17
10
14
12
14
11
18
10
19
18
9
9
8
11
18

19 36 59 81 104 131 148 167 185 203 230 246 262 291 319 347 376 394 418 445 469 489 515 531 553 575 598 618 632 662 684 699 722 744 768 784 800 829 856 870 886 911 929 950 972 1001 1015 1043 1070 