400 100 7 
9
9
20
13
12
7
10
12
9
10
15
18
9
9
13
8
9
12
12
13
9
13
13
17
15
17
11
18
14
19
12
10
13
19
18
18
14
13
14
20
17
14
13
13
13
14
19
15
9
10
17
16
15
19
11
16
18
18
13
20
12
14
19
18
15
15
15
11
12
13
19
9
18
19
12
13
14
14
13
20
10
20
20
13
9
20
19
19
20
13
12
9
14
8
18
13
8
10
14
20
13
18
9
17
14
14
7
13
14
12
19
10
7
14
18
11
14
16
10
19
13
19
20
7
7
13
20
20
12
7
10
18
18
17
19
10
11
7
13
12
12
15
16
12
7
12
19
14
8
18
17
7
8
10
20
14
12
17
9
18
12
9
11
10
9
15
15
9
13
10
8
18
8
15
10
12
17
12
8
20
16
17
18
13
13
15
15
10
12
8
12
13
18
20
12
11
8
20
18
10
14
17
10
19
14
8
8
18
11
18
10
10
12
18
20
13
7
17
16
19
18
19
15
15
18
11
19
16
18
16
13
15
11
10
11
17
15
10
20
15
8
9
7
18
13
11
11
19
19
8
8
16
11
19
11
19
8
17
14
12
18
9
12
13
15
13
19
14
10
17
8
19
20
12
10
15
19
7
7
9
8
7
7
8
19
14
20
8
15
16
11
14
10
17
7
14
8
19
11
8
8
7
10
12
9
10
15
7
13
10
10
9
7
19
12
20
13
19
15
15
9
10
14
13
14
14
11
9
15
19
7
7
18
14
14
18
10
15
18
12
14
14
10
9
9
8
9
10
12
13
14
16
16
18
17
10
17
16
15
18
16
16
17
15
12
8
13
14
18
19
10
11
9
19
10
17
15
20
20
14
17
20
20
13
16
13
8
15
11
9
7
13
9
14
7
12
8
13
20
17

18 38 61 77 92 114 134 160 176 191 209 224 251 273 287 305 332 354 373 396 421 442 463 483 501 528 543 567 595 620 637 657 677 693 709 734 753 782 808 826 841 857 872 896 910 927 944 960 988 1013 1038 1055 1082 1109 1126 1140 1163 1192 1212 1238 1253 1275 1296 1322 1348 1372 1389 1419 1434 1454 1483 1497 1521 1545 1564 1586 1601 1628 1655 1672 1686 1711 1729 1748 1767 1797 1821 1841 1858 1882 1905 1929 1949 1969 1996 2019 2047 2063 2082 