400 150 6 
20
11
20
12
13
12
9
14
12
13
6
19
6
6
8
15
20
16
12
11
7
9
14
11
13
15
10
14
12
16
19
6
11
17
14
12
16
20
9
16
18
18
20
7
17
16
19
12
15
14
13
10
11
20
14
8
18
7
8
14
10
15
20
7
11
20
12
9
16
11
14
9
19
19
7
18
12
10
19
13
7
12
9
14
7
7
19
15
9
19
16
12
19
19
18
18
8
12
8
18
11
11
12
12
6
19
10
19
9
8
7
7
8
14
6
11
9
13
13
16
13
7
9
19
20
19
6
6
7
12
16
9
7
15
6
13
6
11
16
20
6
13
6
14
14
17
10
19
10
7
7
20
7
14
10
17
7
16
11
8
20
6
15
10
6
10
18
9
19
13
16
17
17
6
14
10
12
15
19
16
7
19
15
6
12
6
6
14
11
16
18
10
18
12
18
7
7
7
11
10
15
12
16
18
12
6
19
7
20
15
13
14
20
9
11
10
9
11
11
15
12
15
13
13
7
16
16
18
15
9
9
18
18
11
7
19
13
17
12
7
13
20
12
11
13
16
11
18
20
16
11
11
20
16
11
10
12
16
13
14
18
19
16
7
17
12
11
18
18
14
11
10
19
13
11
11
18
8
12
8
20
6
18
13
12
18
7
20
6
11
8
13
14
12
11
14
7
12
6
17
20
8
12
8
9
13
18
6
11
8
8
8
12
13
16
15
13
10
16
10
15
14
10
15
8
13
11
18
9
12
13
18
17
13
8
13
20
11
15
12
17
18
6
8
12
8
18
11
19
19
13
13
14
13
15
12
8
11
8
16
7
10
17
20
8
10
10
13
9
12
7
11
6
14
16
16
17
17
13
12
20
6
12
11
17
13
11
7
8
19
19
12
16
15
16
20
7
6
18
8

26 43 66 92 114 134 160 190 213 233 261 282 312 336 348 365 395 420 441 464 494 520 537 564 594 612 625 641 655 683 695 721 742 763 783 802 820 843 870 890 911 939 968 994 1008 1035 1059 1087 1112 1140 1169 1189 1209 1235 1255 1276 1299 1326 1351 1378 1393 1417 1437 1450 1477 1500 1519 1531 1543 1565 1580 1606 1623 1638 1662 1682 1705 1720 1740 1769 1792 1808 1828 1841 1859 1877 1891 1920 1945 1975 1987 2002 2016 2031 2044 2069 2085 2102 2125 2149 2162 2180 2206 2222 2249 2266 2294 2315 2330 2355 2367 2380 2404 2428 2449 2472 2497 2522 2540 2569 2589 2614 2637 2659 2672 2702 2722 2748 2767 2784 2813 2836 2861 2878 2893 2910 2934 2951 2964 2976 2988 3009 3028 3046 3071 3088 3118 3136 3153 