350 100 7 
13
14
14
11
13
17
18
12
10
13
19
10
15
13
8
11
10
7
17
11
18
17
16
7
20
18
11
17
8
13
17
9
18
11
7
7
17
15
8
19
20
11
17
7
11
7
17
8
10
20
14
17
11
10
10
17
16
19
12
17
15
12
8
19
8
18
18
11
8
14
18
20
19
11
14
16
15
8
11
18
17
7
7
17
14
15
20
20
13
10
20
14
17
8
17
10
16
14
19
18
15
13
18
17
20
13
20
16
10
10
18
18
15
11
7
10
17
18
19
17
12
13
7
7
20
12
15
7
15
17
17
13
7
8
8
17
12
15
8
18
14
7
9
20
15
18
13
12
19
19
12
17
15
16
8
20
16
8
20
19
20
7
19
17
12
12
19
12
18
11
12
11
18
15
16
19
14
18
13
12
9
18
14
11
12
19
13
20
15
20
10
12
11
18
9
13
17
11
12
17
19
15
18
10
9
20
9
10
12
17
7
9
17
17
16
18
13
7
17
9
15
14
17
18
14
10
13
18
17
14
10
15
7
8
13
8
13
12
19
20
10
19
9
8
14
8
7
13
17
18
10
12
16
20
8
8
7
9
15
12
8
13
19
18
14
14
13
10
7
11
14
14
17
18
9
14
19
16
8
20
8
17
8
8
12
13
7
12
12
17
10
16
8
11
15
8
15
9
16
7
12
16
10
7
13
10
20
8
10
10
14
14
8
19
18
18
17
7
16
11
19
7
15
15
11
16
15
20
15
13
15
15
12
19
16
18
11
12
17
13
8
18
19
17
12
12
14
11
7
14

25 44 62 90 104 123 141 166 184 201 227 242 263 283 298 314 338 352 371 395 421 437 463 477 495 516 537 564 589 619 639 663 678 693 710 728 753 773 792 810 837 863 884 909 926 942 959 988 1008 1034 1054 1077 1104 1133 1161 1175 1200 1224 1249 1278 1296 1311 1332 1351 1373 1390 1419 1444 1474 1488 1506 1526 1556 1573 1594 1611 1641 1663 1690 1713 1733 1753 1780 1797 1811 1837 1866 1886 1911 1933 1956 1975 2002 2021 2045 2061 2079 2100 2114 