300 150 5 
16
19
18
12
12
6
7
6
18
19
17
17
19
7
12
12
18
14
20
16
18
6
13
19
20
6
20
12
15
15
5
8
16
17
14
11
5
17
20
11
5
9
5
10
19
16
14
18
18
12
13
6
10
6
10
6
11
13
18
19
18
14
20
20
10
18
16
9
5
8
11
14
11
20
8
18
18
8
20
8
15
18
17
13
12
6
6
12
11
14
20
15
9
15
12
6
6
14
15
12
20
19
6
8
13
12
20
18
11
5
8
7
18
7
7
15
17
15
9
12
9
16
19
5
12
11
5
5
11
14
5
14
9
10
12
17
19
10
15
18
20
17
17
7
19
19
7
18
16
7
12
16
16
11
5
16
5
9
8
8
17
9
9
20
12
6
5
17
20
5
19
10
5
19
7
16
10
15
9
15
18
8
5
14
6
8
20
7
9
17
11
8
17
7
19
9
6
14
9
16
9
5
6
17
7
20
18
9
13
18
5
13
14
10
14
15
19
14
7
17
19
12
8
13
19
16
11
20
15
11
16
5
9
19
18
16
17
11
10
12
7
20
19
6
13
19
13
11
16
5
6
7
8
17
5
15
14
13
9
12
14
20
18
9
13
6
14
16
13
16
7
15
14
13
11
16
7
13
12
9
5
6
8
18
19
8
12
5
11
5
5
11
12
17
7
20
13
6
18
6

24 50 68 81 96 113 127 138 150 172 190 210 231 256 275 293 318 339 360 370 387 402 415 428 440 463 486 499 523 545 558 568 581 595 623 633 645 675 689 708 738 761 777 797 820 832 861 883 895 912 928 947 974 1004 1019 1042 1058 1073 1086 1113 1126 1144 1172 1192 1212 1235 1257 1287 1298 1327 1338 1354 1369 1395 1425 1440 1470 1482 1500 1511 1537 1566 1583 1608 1634 1653 1679 1700 1714 1728 1755 1778 1797 1808 1819 1833 1858 1870 1881 1896 1925 1944 1963 1985 2012 2027 2054 2078 2105 2125 2151 2167 2188 2209 2239 2262 2281 2301 2326 2346 2374 2385 2412 2429 2454 2471 2491 2511 2531 2543 2564 2585 2599 2629 2645 2668 2691 2701 2719 2738 2755 2776 2795 2808 2825 2847 2875 2890 2900 