400 10 6 
15
6
11
12
16
9
16
8
8
8
10
10
19
11
9
7
15
13
10
7
17
18
6
15
9
11
10
19
8
7
19
14
8
7
14
9
16
10
9
18
6
7
7
16
9
12
18
20
12
18
12
9
20
15
8
19
15
13
14
9
14
16
18
6
13
17
14
12
8
11
11
19
6
6
7
11
9
20
6
8
17
16
6
10
20
13
13
12
16
9
14
9
20
13
15
7
19
11
18
13
8
13
18
12
17
10
16
9
14
20
7
16
13
16
7
19
20
14
13
16
10
19
8
17
15
12
11
19
19
14
6
20
17
8
9
20
12
6
15
15
17
20
8
14
12
20
6
15
18
15
20
18
6
12
20
18
13
14
13
11
15
17
11
18
20
15
11
13
6
14
8
14
7
12
18
9
17
12
17
9
11
18
8
19
18
12
17
9
11
18
18
16
16
10
17
16
18
13
17
11
18
12
17
13
12
10
12
20
10
18
6
14
19
9
13
8
12
19
13
12
8
15
11
20
12
15
18
19
14
20
6
10
6
10
13
7
10
13
13
13
19
18
12
19
10
12
9
13
14
10
13
20
19
11
20
15
19
6
17
14
9
19
19
7
16
15
8
6
7
17
8
6
9
8
12
10
12
20
14
17
8
19
16
19
20
10
20
10
11
9
10
18
19
13
17
9
16
14
6
14
9
14
6
6
18
19
13
17
16
9
14
20
6
10
9
12
16
16
7
8
13
13
6
11
10
12
16
9
15
11
15
13
7
12
14
13
12
7
11
12
20
16
10
6
14
13
8
19
9
19
17
19
7
20
13
11
13
11
11
16
10
7
8
19
11
9
10
19
12
10
17
19
8
10
8
8
6
7
20
20
12
20
16
12
10
17
13
11
17
20
7
9
11
6
12
6
10
14
19
12

16 40 68 91 113 143 167 182 201 