300 150 6 
10
17
14
6
6
19
11
20
20
8
17
19
13
7
9
10
10
12
6
13
11
11
10
10
11
16
17
8
20
10
7
8
14
11
6
19
20
19
13
19
12
13
19
14
20
16
19
12
13
15
16
8
20
16
11
14
20
7
17
9
14
13
18
17
7
9
7
20
6
8
14
19
16
11
8
7
11
16
12
14
19
14
18
16
7
12
12
18
20
9
16
14
8
12
8
16
10
16
19
20
13
16
12
16
15
10
8
17
15
10
18
16
7
16
20
16
18
14
12
19
10
16
18
14
16
6
11
6
13
8
11
17
16
14
12
12
14
12
18
7
15
15
10
10
6
9
16
19
10
11
12
16
7
9
12
11
11
8
9
8
16
20
16
13
10
19
16
14
17
15
10
19
15
7
14
11
16
13
8
19
7
8
16
18
10
9
11
13
11
11
19
7
9
19
8
8
14
14
16
18
11
20
9
17
7
9
14
9
20
12
16
6
8
8
18
9
19
10
8
15
9
19
6
11
9
7
6
13
6
7
8
6
8
20
11
6
14
8
7
16
9
15
16
10
6
19
8
16
8
7
20
9
9
14
6
12
7
7
15
10
10
8
15
6
8
11
8
17
11
16
17
13
16
18
13
16
17
19
8
13
8
6
15
6
9
11
18
11
6
11
14
14
11
20
7
8
20
15
19
10

27 53 80 96 111 135 161 184 203 233 262 278 294 307 337 367 390 410 425 441 469 481 505 529 559 589 601 627 653 666 688 704 730 758 783 800 816 846 864 893 922 948 965 994 1008 1030 1047 1063 1087 1099 1117 1146 1176 1196 1216 1231 1244 1258 1284 1309 1334 1361 1374 1395 1421 1450 1473 1491 1520 1540 1561 1579 1606 1628 1649 1675 1697 1709 1729 1748 1760 1789 1819 1848 1878 1896 1923 1949 1979 1994 2024 2045 2057 2073 2096 2123 2150 2168 2195 2208 2230 2255 2277 2294 2313 2335 2363 2378 2403 2416 2432 2460 2483 2501 2531 2558 2580 2592 2617 2637 2652 2675 2688 2706 2736 2764 2779 2804 2819 2848 2863 2880 2904 2925 2954 2966 2978 3001 3023 3045 3071 3099 3116 3135 3156 3181 3208 3233 3263 