300 100 6 
8
19
10
20
6
20
17
10
15
7
14
20
17
6
15
7
8
17
12
15
9
17
15
12
12
9
17
14
7
13
14
9
19
14
9
11
16
10
10
10
6
16
18
13
11
6
8
13
15
14
10
13
8
12
17
19
20
20
6
20
13
16
8
11
7
6
14
12
6
7
17
17
7
18
10
15
17
19
6
8
20
17
7
15
12
7
9
18
10
18
16
7
20
9
13
12
9
19
15
7
11
9
8
8
11
11
20
9
7
20
19
6
10
10
12
20
7
20
17
18
15
18
20
10
12
17
6
9
19
20
7
12
18
16
20
14
15
9
13
19
7
19
6
16
12
9
6
7
9
16
19
19
13
13
11
16
7
9
13
15
18
18
7
20
15
12
15
10
16
19
6
11
17
20
7
18
16
18
9
10
16
8
17
16
10
9
7
11
8
11
20
9
17
13
19
6
7
14
15
9
7
15
11
15
16
17
13
13
8
10
8
15
18
8
12
14
11
7
20
12
20
16
8
12
10
16
10
14
8
16
8
16
11
13
19
19
20
16
10
18
20
13
14
12
17
9
15
20
12
7
12
12
8
17
13
17
12
8
14
18
6
14
20
15
20
17
16
12
6
17
20
18
6
11
17
20
15
17
13
11
8
13
20
11
18
7
20
20
7
16
19
16
20
14
10
13
17
17
16
14

27 42 69 94 120 141 157 181 203 220 243 270 290 302 325 354 379 392 415 441 471 500 520 543 562 574 599 614 642 661 679 693 709 738 758 772 789 811 834 851 880 905 932 961 981 1004 1020 1033 1061 1090 1108 1128 1150 1169 1190 1217 1245 1273 1302 1317 1346 1358 1381 1404 1427 1447 1470 1496 1518 1539 1551 1571 1600 1622 1647 1674 1690 1707 1725 1737 1757 1781 1805 1821 1841 1857 1883 1898 1917 1944 1972 1989 2007 2034 2052 2069 2085 2109 2130 