300 100 6 
19
6
16
18
14
13
19
12
10
15
10
20
7
14
17
19
6
13
10
16
14
16
12
10
20
19
17
12
12
20
11
16
18
7
12
12
17
20
11
17
12
19
18
15
13
13
6
10
16
18
18
20
16
8
12
12
10
7
6
13
8
14
7
17
11
9
8
10
7
8
20
9
10
20
14
15
16
20
20
9
7
10
12
9
12
14
12
6
7
6
13
14
12
13
12
10
19
16
20
7
16
13
13
18
8
17
10
14
14
15
9
10
17
14
13
7
20
12
17
12
19
19
6
12
13
9
15
10
14
18
20
19
12
12
13
12
16
18
14
19
9
15
20
7
17
11
7
9
11
16
13
8
8
15
10
10
13
16
16
9
19
6
13
8
13
13
10
7
10
16
9
6
9
16
11
20
17
18
12
20
15
11
12
13
14
6
7
9
10
9
19
15
8
16
9
10
13
15
20
15
18
16
15
10
11
12
19
11
20
20
19
7
10
12
8
14
9
14
7
9
7
19
13
12
15
8
12
20
17
18
15
19
18
14
13
16
16
15
14
13
9
19
15
11
14
12
7
12
20
15
13
7
13
6
10
13
8
6
7
19
20
17
10
12
18
17
7
19
18
13
12
20
13
13
7
11
15
11
19
9
17
8
16
14
10
16
18
11
8
20
20
14
8
17
12
18
12
11
14
11

24 49 62 76 100 128 144 169 185 213 225 254 277 300 325 352 364 388 410 427 453 482 511 539 551 570 586 607 621 650 674 690 710 736 754 776 800 825 855 873 886 911 923 936 951 981 995 1024 1046 1069 1097 1113 1140 1168 1196 1226 1240 1258 1278 1300 1330 1350 1370 1387 1415 1442 1467 1497 1527 1552 1565 1581 1597 1618 1644 1665 1687 1711 1738 1757 1779 1796 1822 1838 1853 1879 1898 1910 1923 1935 1958 1979 1999 2018 2033 2049 2079 2091 2117 