200 20 7 
15
9
13
20
16
18
7
16
7
7
8
12
12
10
11
7
8
12
14
12
7
12
11
19
19
14
16
7
20
16
10
15
11
9
7
7
19
13
18
7
12
9
9
17
20
7
10
16
10
14
10
15
7
15
15
12
13
10
16
19
9
14
11
7
14
13
14
13
13
17
8
14
7
11
7
15
8
9
15
12
12
11
11
12
8
10
17
12
15
17
12
8
12
10
11
14
13
7
20
9
12
20
17
16
19
19
9
16
9
12
13
12
7
8
9
15
12
9
7
10
20
7
20
13
18
17
12
14
14
13
13
14
20
19
20
20
15
12
19
11
10
19
16
19
12
11
17
17
20
9
16
17
14
17
10
8
12
7
9
16
12
11
17
10
17
18
13
9
12
16
20
7
17
20
18
20
18
18
14
18
7
14
20
8
17
7
15
16
14
17
20
18
12
9
11
18
10
8
20
8

14 35 59 73 88 102 126 152 170 184 202 217 235 250 267 281 307 331 347 