200 100 6 
8
16
20
16
20
7
9
12
20
15
17
16
14
15
6
6
9
6
9
6
7
18
8
8
9
17
10
19
13
6
10
9
19
11
10
11
13
7
20
11
18
14
10
9
17
6
11
6
13
11
8
13
11
20
16
8
18
12
20
13
19
7
13
15
11
17
18
14
8
6
8
15
11
19
12
9
13
19
19
20
17
15
20
9
19
12
11
8
7
15
12
11
18
15
11
17
10
8
15
7
6
20
9
20
9
10
15
9
7
19
6
10
6
16
16
14
15
15
17
10
18
14
12
12
10
16
6
6
10
13
17
12
18
7
16
14
16
16
11
14
9
16
20
16
12
11
10
13
15
17
7
6
20
7
16
14
10
9
7
6
18
15
18
9
12
6
13
17
6
9
15
13
20
13
18
20
14
14
18
18
18
7
9
15
12
6
12
6
8
18
9
6
15
11
16
15
14
18
15
20

29 55 78 97 117 135 158 172 192 211 230 256 273 301 322 346 364 378 391 420 445 461 481 495 523 550 573 597 612 625 652 671 692 709 729 747 766 794 818 848 865 895 919 935 959 971 998 1018 1047 1065 1078 1106 1136 1161 1180 1203 1225 1241 1270 1292 1319 1343 1362 1381 1404 1426 1449 1468 1488 1507 1537 1566 1579 1594 1608 1635 1657 1672 1689 1704 1717 1733 1745 1763 1775 1796 1824 1847 1868 1897 1910 1939 1959 1981 1996 2013 2043 2067 2085 