300 100 7 
11
15
19
15
19
12
13
7
9
8
14
16
8
8
12
12
9
16
8
20
9
17
19
8
7
18
12
20
20
15
18
9
16
13
15
13
15
9
10
17
10
11
8
15
7
8
11
12
20
11
13
11
17
7
8
17
13
11
13
9
17
15
10
8
16
12
11
17
14
16
10
18
16
7
17
12
18
10
12
20
9
12
17
18
20
19
14
14
13
9
17
9
8
12
7
8
19
20
18
15
14
17
9
15
11
18
10
12
16
13
9
16
20
15
17
7
9
18
9
19
19
9
18
18
18
20
15
17
13
15
18
11
10
11
17
18
7
11
9
11
16
19
17
11
10
11
19
8
12
14
19
8
8
18
10
16
20
15
20
13
19
18
7
13
12
8
13
14
15
10
8
17
13
15
11
12
11
15
16
15
9
8
12
15
14
19
10
9
12
18
9
12
11
17
16
7
8
8
18
19
7
19
13
18
18
10
13
20
13
18
14
11
12
8
8
16
12
13
7
11
14
9
10
20
7
15
14
16
13
12
10
20
19
7
16
16
20
15
10
18
9
13
10
8
8
14
19
10
20
10
19
16
14
11
16
19
20
11
7
8
13
16
19
19
19
9
7
13
8
7
19
20
11
20
11
11
8
15
20
8
18
7
11
18
11
17
14
9
13
12
10
17
10
13
7
11
19
7
16
11

17 35 50 69 99 122 140 159 181 208 235 250 279 303 326 346 371 387 410 432 453 476 495 509 526 542 557 579 598 616 635 665 691 719 742 757 779 801 827 844 870 899 927 948 962 981 1005 1035 1052 1077 1100 1126 1143 1158 1188 1213 1241 1270 1294 1320 1337 1357 1374 1404 1426 1447 1467 1490 1510 1538 1558 1585 1611 1636 1661 1691 1709 1730 1755 1774 1792 1811 1831 1854 1884 1907 1932 1959 1977 1991 2019 2043 2059 2088 2104 2123 2138 2162 2177 