200 20 5 
14
16
9
19
6
6
7
6
10
7
15
15
12
12
19
8
14
12
17
9
10
12
5
12
17
8
16
17
18
18
8
19
13
10
16
11
9
16
9
20
19
6
8
14
8
9
10
7
20
17
6
6
12
7
18
10
9
7
9
19
6
6
11
15
13
6
5
8
12
7
18
12
13
16
18
13
6
14
11
9
15
12
13
13
18
20
10
6
8
5
6
8
17
6
11
19
19
9
16
18
8
19
11
6
17
12
20
19
16
18
13
8
20
19
15
5
6
10
6
8
20
9
15
9
11
9
17
7
10
14
10
17
5
14
11
10
7
18
7
7
12
14
8
11
14
14
19
5
14
18
12
8
5
12
13
12
12
7
19
19
9
10
10
14
10
13
11
16
7
12
18
19
19
9
20
10
19
6
17
7
19
20
7
15
5
6
7
10
11
9
12
15
7
8
8
15
17
11
17
16

24 38 59 76 104 134 155 174 202 227 255 277 298 312 336 353 370 384 401 