200 10 6 
6
16
7
19
6
15
14
20
13
18
18
9
12
17
13
20
15
10
7
17
16
16
10
6
11
20
17
7
18
15
18
8
17
10
19
16
8
6
8
19
19
16
8
8
15
11
18
9
14
8
7
12
10
19
6
13
15
16
9
15
7
8
13
15
7
14
11
10
9
13
7
10
12
20
20
13
16
12
19
16
20
19
15
13
11
15
16
9
11
17
9
11
19
14
11
8
8
17
16
16
15
9
8
18
16
10
15
19
7
6
9
12
11
15
9
20
19
8
8
17
9
20
8
10
15
18
16
16
19
17
10
11
15
19
9
6
15
11
6
14
14
14
10
14
11
13
7
7
19
12
7
11
7
20
16
17
13
12
6
14
13
16
10
6
12
13
14
10
18
18
12
19
11
15
15
19
7
16
17
9
16
20
12
20
18
10
7
10
16
18
9
7
9
7
12
13
12
16
18
9

25 50 69 86 101 117 131 155 168 