10 150 7 
7
19
19
8
14
19
8
13
7
14

16 44 70 98 120 141 165 180 203 228 255 276 295 319 340 362 389 413 434 456 472 499 520 538 560 586 614 640 659 686 705 735 763 792 820 840 859 878 898 927 957 974 1002 1020 1043 1071 1096 1117 1146 1164 1191 1206 1225 1241 1262 1287 1316 1346 1364 1383 1404 1424 1443 1472 1500 1517 1541 1563 1583 1604 1631 1645 1671 1691 1717 1741 1761 1788 1814 1839 1868 1891 1911 1937 1951 1973 1990 2009 2037 2059 2088 2104 2120 2145 2162 2184 2212 2241 2259 2288 2302 2326 2346 2375 2395 2420 2449 2464 2479 2498 2523 2549 2573 2591 2605 2633 2654 2679 2699 2717 2741 2765 2784 2801 2819 2840 2869 2894 2912 2935 2960 2976 2998 3027 3045 3059 3075 3100 3129 3159 3183 3206 3228 3256 3278 3307 3337 3360 3380 