400 10 7 
9
11
9
16
16
11
11
14
19
12
17
17
8
16
10
15
7
15
17
14
11
17
14
19
10
10
20
7
7
14
14
20
18
20
16
12
18
16
9
17
14
8
18
7
18
18
15
20
19
18
8
20
9
19
17
12
19
13
9
15
14
16
20
19
9
11
11
17
10
13
12
12
15
20
20
13
10
20
14
11
13
15
8
18
16
18
19
19
13
8
14
10
14
15
18
7
14
7
15
18
13
7
20
17
7
16
13
12
11
17
12
7
14
19
13
7
8
13
10
7
7
20
8
9
12
12
20
14
11
17
9
9
8
14
13
7
16
19
9
12
16
12
17
14
9
11
9
9
7
7
11
8
10
20
10
19
14
10
11
20
17
11
9
8
15
9
14
16
17
14
12
15
8
19
9
12
13
8
8
14
19
20
11
16
14
12
10
19
9
19
17
13
15
13
12
8
11
20
20
18
12
11
13
14
8
10
16
12
12
7
9
7
9
13
14
10
8
7
17
8
19
18
10
8
14
18
10
13
19
14
15
14
9
19
18
19
17
19
12
9
7
18
10
13
9
13
15
12
16
18
17
7
17
18
17
18
19
17
17
13
14
20
12
8
12
15
17
18
16
8
19
11
17
7
12
9
8
8
10
14
19
15
20
11
17
13
17
9
16
7
17
12
9
12
7
20
19
9
10
14
19
9
17
20
7
9
14
11
12
10
9
10
11
14
14
15
14
12
16
13
7
9
18
19
12
19
20
9
19
18
9
11
17
7
15
8
20
11
9
7
11
10
16
15
17
8
15
20
13
16
9
7
12
13
20
15
10
20
7
9
11
17
20
12
13
13
15
15
17
15
10
7
12
13
7
16
20
8
13
20
14
7
8
19
20
17
15
10
7
12
16
14
12
18
15
9
18
10
13
12

20 40 66 81 97 113 141 164 181 