300 150 5 
7
10
12
5
12
15
16
15
11
16
7
20
20
10
5
17
17
19
12
6
7
11
11
5
10
18
18
10
5
10
10
17
10
15
18
20
7
20
13
5
10
16
10
11
7
9
20
16
7
15
12
10
19
12
19
8
17
11
12
16
14
7
17
6
13
5
5
15
15
20
10
7
19
19
20
16
16
5
14
13
17
17
11
14
16
12
16
12
6
11
16
7
17
19
7
13
8
20
11
14
11
6
16
14
14
18
12
11
7
20
11
16
6
16
19
9
5
18
9
8
16
10
6
8
7
8
5
15
17
5
14
9
20
18
8
18
18
20
10
20
5
17
19
19
15
20
10
5
11
7
8
6
8
17
6
10
7
14
17
20
19
15
5
7
17
17
8
11
8
18
6
19
18
17
14
12
19
6
10
8
10
18
20
12
6
7
8
7
10
11
5
20
20
10
8
17
11
10
10
17
7
19
8
15
5
14
20
5
11
12
10
11
9
11
6
19
17
5
20
5
8
9
7
7
13
14
14
15
9
5
5
12
8
15
8
17
7
15
13
20
14
17
18
6
17
10
20
19
17
18
18
13
8
16
17
20
5
20
17
9
20
11
16
19
18
14
14
18
16
12
17
17
5
10
10
17
9
8
7
20
15
6
10
7
19
6
10
20
5
19
8
7
20
19
5
15
14
9
18
7

25 50 70 88 109 122 136 160 170 191 221 246 262 286 301 319 347 358 380 393 406 422 441 462 488 511 539 561 589 606 617 640 658 681 691 715 734 752 774 798 824 851 879 895 916 930 944 971 983 1009 1039 1067 1079 1089 1112 1139 1149 1168 1185 1208 1222 1241 1265 1295 1320 1330 1342 1356 1368 1395 1418 1448 1470 1490 1504 1529 1549 1579 1607 1636 1649 1678 1697 1723 1747 1775 1804 1823 1838 1867 1885 1900 1930 1944 1961 1985 2012 2024 2050 2080 2104 2121 2138 2156 2180 2205 2228 2254 2266 2294 2310 2326 2345 2365 2378 2398 2417 2438 2452 2479 2508 2524 2545 2563 2574 2591 2607 2619 2639 2652 2675 2699 2715 2731 2745 2773 2799 2812 2828 2855 2883 2897 2908 2938 2948 2959 2989 3009 3038 