350 20 6 
14
7
15
9
10
13
12
20
6
10
17
12
18
11
8
14
9
7
9
11
18
19
19
6
15
14
9
18
15
17
17
15
6
17
16
9
16
16
20
9
17
17
11
8
8
9
17
19
6
20
17
15
7
15
20
12
14
16
15
6
20
7
16
15
17
19
17
16
18
9
20
7
18
9
14
17
12
9
15
20
13
17
8
6
17
13
17
20
8
14
12
17
18
11
15
11
11
6
18
20
14
17
8
7
14
12
16
6
20
11
8
17
6
12
9
19
17
18
17
12
17
17
11
16
18
9
9
10
6
14
19
9
6
13
11
19
9
17
7
14
10
7
15
19
8
18
7
6
17
18
7
12
9
19
7
7
9
20
7
19
17
17
17
18
16
19
20
11
13
20
8
10
9
13
9
11
17
17
16
15
20
7
20
10
10
9
7
17
7
13
7
6
7
18
6
6
6
13
13
9
12
13
19
8
19
20
17
18
11
16
10
7
15
15
7
20
9
15
8
11
7
20
13
9
20
17
6
9
18
20
19
20
17
20
11
11
17
10
7
18
7
16
20
17
18
11
10
6
17
9
19
8
16
8
17
18
13
6
9
9
15
8
19
10
19
8
17
18
12
13
17
7
11
9
15
13
14
14
6
11
20
13
9
6
6
10
18
15
11
7
13
19
20
14
7
9
12
17
18
6
19
12
16
14
10
13
7
8
20
17
10
14
14
6
13
17
18
13
11
11
13
6
19
6
19
18
20
6
17
7
10
8
12
11
7
13
10
17
12
6
20
9
16
7
12
15
16
15
10
19

17 35 58 88 104 124 150 169 183 204 230 257 271 299 329 345 360 384 412 