20 150 6 
19
17
10
17
16
19
12
15
18
8
19
14
16
18
8
14
9
13
7
18

28 43 59 73 96 121 149 179 204 229 256 283 308 332 345 374 392 419 437 464 480 503 532 544 567 589 613 635 658 674 696 712 731 749 772 793 808 827 854 881 897 916 937 953 970 995 1022 1050 1068 1092 1121 1151 1174 1197 1219 1240 1254 1270 1287 1305 1331 1354 1374 1397 1421 1437 1459 1472 1488 1505 1532 1551 1576 1599 1619 1640 1664 1685 1714 1735 1759 1773 1789 1818 1847 1869 1893 1909 1925 1953 1979 2008 2020 2038 2058 2076 2090 2109 2123 2152 2168 2194 2211 2241 2266 2291 2307 2335 2361 2375 2389 2405 2418 2430 2445 2468 2496 2518 2541 2569 2598 2617 2646 2669 2699 2714 2728 2748 2764 2789 2818 2842 2866 2896 2918 2942 2969 2985 2998 3025 3038 3054 3079 3104 3131 3147 3177 3197 3223 