300 10 5 
18
6
13
19
20
5
20
6
16
19
19
8
14
7
12
16
14
20
18
5
6
19
11
6
13
5
5
11
8
7
7
11
18
7
10
15
18
5
8
7
7
14
19
11
7
5
9
5
9
18
6
14
15
16
10
5
9
18
13
7
6
6
17
11
11
13
7
14
9
9
20
15
10
7
5
11
12
15
16
11
17
10
13
12
6
20
6
16
19
18
11
19
19
6
8
17
5
16
11
6
17
7
17
6
15
8
16
14
20
14
10
10
15
19
16
9
19
6
5
14
5
14
5
8
9
14
6
20
7
9
14
17
20
7
5
20
15
9
12
13
9
10
14
10
8
6
6
11
14
15
17
6
5
14
5
12
14
7
19
11
11
16
9
5
9
19
10
17
18
17
18
17
17
10
5
20
7
11
7
12
14
7
18
18
12
9
19
9
11
8
5
16
7
12
19
12
7
16
8
6
15
9
9
16
5
6
5
14
19
9
12
19
12
5
14
9
18
7
5
5
8
10
6
10
20
6
20
13
7
9
5
9
15
8
9
20
13
8
8
17
19
8
12
8
16
17
15
19
15
17
5
10
12
20
13
17
9
5
20
16
17
19
11
20
11
7
11
20
16
5
6
6
16
17
15
19
18
20
12
8
11
15
11
14
17
15
19
13
16
18
12
13
13
9
18
13
9
14
6
7

12 28 58 86 116 137 152 162 181 