350 50 7 
10
20
18
11
7
8
9
10
18
16
15
12
11
19
7
13
8
14
18
8
7
20
20
12
20
18
20
10
13
18
18
18
14
11
16
19
14
17
18
16
17
20
13
20
7
17
14
11
12
8
8
7
14
12
17
18
10
14
17
11
8
16
8
7
14
17
15
7
14
18
12
15
18
17
13
10
18
15
12
19
17
7
7
7
13
10
12
19
12
7
10
14
18
13
20
7
8
19
11
7
11
13
19
8
9
10
20
9
9
12
17
14
20
17
13
7
9
16
15
19
9
15
10
14
15
7
12
19
13
20
20
19
14
18
19
14
13
18
20
7
9
17
17
12
18
19
10
20
9
17
10
20
18
15
17
15
12
18
8
7
9
18
20
9
17
16
20
19
17
11
14
10
9
8
14
17
20
20
18
18
17
7
16
9
7
14
9
11
14
20
17
7
7
20
8
10
13
10
16
7
20
18
17
19
20
11
10
17
19
10
16
13
13
11
15
9
9
18
18
11
16
19
13
20
16
9
13
18
8
20
10
9
11
18
7
18
16
15
8
13
14
20
7
14
14
12
14
14
8
8
16
9
7
7
11
8
13
9
17
15
19
11
8
17
15
13
10
15
18
11
16
7
9
20
15
15
17
14
11
10
18
15
17
10
20
13
17
11
19
7
13
8
13
10
8
17
19
20
8
12
19
19
18
19
7
17
9
8
10
18
11
8
16
7
13
10
20
16
18
16
15
14
15
20
20
13
16
14
17
16
13
14
16
12
14
8
8
16
11
19
12
9
12
18
13
11
13
11
17
13

15 41 61 78 96 125 151 173 203 228 255 272 295 317 333 362 381 397 418 441 466 494 521 535 552 578 601 621 646 664 692 719 741 765 790 805 834 864 889 918 936 950 969 997 1018 1032 1052 1070 1084 