100 150 6 
6
15
19
17
14
8
12
16
12
11
16
16
12
9
6
9
14
12
12
20
9
20
11
11
8
12
18
12
12
17
18
14
10
6
14
8
10
9
15
12
7
20
7
20
13
9
20
19
13
8
18
12
15
13
8
10
11
16
10
12
14
11
7
9
10
16
14
11
16
7
9
8
16
18
12
9
13
17
17
14
9
12
17
16
6
8
8
9
13
19
9
12
8
16
9
8
17
20
6
13

16 38 54 81 109 138 156 175 189 212 237 267 280 308 329 350 369 396 413 435 454 466 493 523 551 577 604 625 644 661 680 697 709 731 759 787 810 840 852 871 889 917 939 951 965 994 1019 1044 1062 1082 1105 1123 1142 1158 1188 1209 1238 1259 1282 1295 1315 1333 1355 1370 1389 1410 1428 1446 1463 1486 1510 1531 1554 1572 1585 1600 1623 1650 1680 1692 1721 1745 1760 1783 1808 1820 1848 1864 1879 1907 1930 1946 1959 1988 2014 2042 2059 2083 2099 2122 2146 2172 2192 2214 2233 2246 2273 2290 2306 2334 2356 2370 2393 2409 2435 2456 2479 2501 2530 2555 2576 2594 2623 2650 2663 2688 2702 2717 2740 2753 2768 2786 2804 2821 2847 2871 2886 2910 2926 2949 2961 2983 3000 3029 3059 3075 3103 3115 3137 