400 100 6 
20
7
12
14
16
18
7
8
13
12
15
9
19
8
19
12
6
14
6
7
14
14
14
13
13
11
6
17
12
11
17
9
15
20
14
9
19
8
16
14
13
18
7
15
19
18
8
11
15
15
8
12
14
12
14
11
13
7
19
16
14
12
12
9
20
7
17
11
15
19
16
7
9
8
7
10
20
9
13
14
14
15
17
14
20
18
17
15
8
15
12
13
6
15
20
18
17
17
7
8
11
20
8
11
6
14
16
13
18
19
17
10
13
7
7
14
11
8
6
18
14
8
18
17
20
18
15
17
20
19
19
10
14
14
9
16
14
18
12
16
20
12
15
20
12
17
15
20
6
9
16
13
13
14
18
7
19
8
10
6
6
15
18
14
6
9
6
20
18
13
16
13
17
9
16
6
15
16
13
20
12
17
13
19
14
13
6
16
6
18
6
16
14
9
6
16
10
13
20
8
15
7
10
13
6
8
20
13
20
20
10
11
14
14
18
8
14
8
13
10
13
13
20
10
10
17
8
10
12
8
15
11
18
17
12
10
9
17
18
6
9
7
12
19
19
9
19
9
9
15
20
19
6
18
20
13
12
6
6
15
17
18
7
8
16
10
9
17
11
16
13
18
12
14
18
8
6
19
12
20
12
20
17
16
10
18
14
20
11
11
20
6
12
7
18
16
19
11
13
17
16
18
8
9
19
16
16
20
10
15
17
11
17
19
14
6
20
13
16
16
10
6
8
14
19
15
15
10
6
15
16
8
12
19
17
14
8
13
16
13
11
7
19
6
15
14
13
8
16
18
9
12
7
10
17
12
8
18
8
18
11
7
7
6
19
13
20
8
12
15
11
11
17
15
14
6
11
9
11
6
20
16
20
9
13
16
15
11
18
8
14
17
6
18
17
12
14
19
20
9

29 57 78 104 116 136 159 173 193 219 232 248 265 284 303 322 343 357 374 397 427 442 467 480 504 528 555 568 583 599 627 641 662 680 698 712 731 760 775 798 817 831 856 869 889 911 932 951 974 1002 1030 1058 1072 1100 1122 1147 1176 1191 1208 1220 1250 1274 1292 1310 1332 1353 1374 1388 1404 1424 1443 1472 1484 1497 1513 1535 1549 1562 1580 1596 1616 1634 1662 1691 1719 1743 1759 1780 1799 1811 1828 1856 1879 1903 1930 1944 1968 1997 2010 