200 150 6 
9
15
14
13
7
14
17
10
11
14
11
17
9
9
6
14
12
20
16
17
15
15
20
14
18
10
17
9
9
7
7
10
15
7
13
16
16
12
15
16
11
16
7
12
11
8
9
8
12
8
16
10
20
20
18
10
7
20
11
19
11
17
17
6
20
17
7
15
11
7
20
12
19
10
16
10
14
17
11
11
7
11
9
14
14
8
19
9
20
13
9
6
16
18
13
19
20
6
11
6
8
16
17
12
19
10
12
18
6
15
6
18
7
11
17
6
7
15
16
9
20
13
10
9
11
12
10
8
11
17
20
16
20
8
6
17
11
18
13
16
16
9
8
16
17
14
13
17
16
10
20
9
13
13
17
6
14
9
14
8
14
9
6
10
20
8
12
6
10
8
6
12
15
6
7
7
19
8
18
18
14
19
16
17
8
18
12
9
20
9
14
16
9
15
16
19
15
12
17
17

17 31 44 66 86 104 131 150 177 189 217 247 262 287 303 327 347 369 387 400 423 450 468 494 513 525 537 557 570 597 619 645 662 682 699 725 741 755 778 807 831 856 871 896 919 946 966 991 1003 1022 1036 1053 1066 1093 1116 1134 1153 1183 1202 1227 1250 1271 1298 1327 1341 1363 1386 1412 1437 1466 1495 1512 1536 1566 1593 1608 1631 1661 1679 1703 1730 1744 1774 1791 1819 1845 1857 1872 1894 1922 1937 1949 1968 1992 2019 2037 2061 2083 2113 2132 2149 2167 2189 2212 2234 2260 2279 2304 2323 2345 2368 2392 2409 2427 2440 2461 2484 2500 2516 2540 2564 2588 2601 2620 2634 2651 2672 2688 2703 2729 2742 2755 2783 2806 2824 2837 2864 2889 2909 2927 2951 2981 2996 3017 3041 3060 3074 3090 3107 