200 100 6 
6
20
13
20
11
14
6
19
19
17
14
6
12
7
10
7
19
19
20
10
9
15
12
17
8
9
7
9
14
7
20
17
19
14
12
13
17
12
6
10
6
20
19
17
15
16
20
7
10
18
6
16
17
8
13
16
19
14
20
7
7
15
8
8
18
18
6
7
18
17
8
16
15
20
7
7
13
19
20
16
6
11
16
10
11
7
16
17
6
16
19
8
16
8
20
8
8
19
7
7
7
6
17
14
10
14
16
18
14
13
8
9
19
8
19
10
7
14
17
15
20
9
19
18
9
20
11
11
18
17
17
14
10
15
16
14
14
7
16
9
11
6
10
12
6
10
7
8
17
7
18
18
19
11
19
16
18
8
7
10
14
10
17
11
13
11
17
13
8
17
19
11
18
16
14
10
18
11
20
16
12
10
13
17
15
13
9
17
11
11
20
10
6
8
18
9
7
20
16
20

29 54 76 98 112 131 160 174 191 205 218 230 246 261 290 318 342 365 379 391 403 419 441 458 475 490 503 524 551 571 594 619 649 677 702 732 756 776 788 817 833 853 877 892 914 936 963 988 1002 1031 1047 1073 1093 1119 1142 1169 1187 1205 1217 1247 1276 1301 1329 1356 1379 1407 1424 1443 1465 1492 1521 1535 1563 1587 1604 1619 1640 1665 1690 1710 1734 1753 1767 1787 1810 1834 1846 1869 1890 1905 1931 1943 1972 2002 2021 2034 2050 2067 2091 