30 150 7 
9
12
7
8
12
14
8
11
11
20
13
9
18
14
16
20
18
14
15
15
9
16
14
12
15
14
7
19
8
14

27 55 84 103 129 153 176 195 213 227 250 279 309 330 357 378 392 408 423 438 459 478 500 521 543 573 590 615 630 657 685 710 733 753 771 790 808 827 853 878 898 928 956 986 1009 1036 1065 1085 1099 1115 1133 1163 1178 1206 1224 1251 1279 1299 1318 1346 1372 1402 1420 1449 1470 1487 1504 1519 1545 1567 1591 1612 1637 1651 1669 1693 1713 1729 1750 1770 1797 1818 1835 1861 1885 1914 1932 1960 1986 2002 2026 2046 2072 2094 2118 2140 2170 2200 2227 2251 2281 2306 2325 2354 2368 2392 2422 2451 2474 2499 2517 2546 2568 2595 2614 2637 2661 2684 2713 2727 2742 2759 2783 2808 2823 2851 2866 2896 2921 2941 2959 2982 3001 3026 3045 3075 3089 3116 3130 3155 3169 3198 3213 3240 3264 3288 3303 3319 3342 