300 150 6 
7
14
8
13
19
18
17
18
15
6
20
12
20
6
17
12
11
6
20
11
14
16
17
19
19
16
6
19
20
16
9
18
8
18
16
10
17
16
17
14
13
14
19
12
17
12
15
10
17
19
19
20
20
19
10
8
15
17
14
19
8
7
10
14
7
13
8
17
12
19
8
14
11
16
7
17
10
17
12
20
16
9
14
19
12
20
18
18
9
18
11
17
12
10
13
9
9
16
15
9
17
6
10
11
19
13
9
8
8
12
16
6
17
8
10
14
14
17
9
15
20
12
15
6
18
8
12
18
15
18
17
8
16
14
11
19
14
10
7
17
9
15
10
20
14
15
15
16
18
18
6
9
8
6
10
8
6
11
16
18
10
16
11
19
15
10
6
15
19
20
6
7
19
7
6
17
14
7
8
8
17
17
18
10
11
13
15
10
17
20
9
10
17
6
18
20
13
6
14
11
17
8
20
6
20
9
16
6
10
17
19
8
10
7
10
8
13
14
8
19
15
20
15
10
20
20
7
16
11
12
9
11
16
7
13
8
8
6
11
17
16
12
16
8
9
13
15
14
11
19
12
8
11
17
20
12
19
12
15
9
16
12
14
20
11
20
15
9
17
10
16
7
8
13
10
18
7
18
16
16
10
14
8
15
13
14
6
16
18
18
13
10
7
14
11
16
8
11
6
19

27 44 67 93 114 134 163 191 214 242 263 276 293 318 341 370 386 398 417 438 457 484 506 522 541 558 588 608 634 658 678 705 733 754 784 804 823 840 860 889 905 918 938 964 987 1017 1044 1058 1083 1097 1127 1152 1175 1199 1212 1236 1256 1284 1312 1327 1356 1385 1412 1432 1458 1478 1502 1516 1546 1568 1593 1623 1638 1652 1678 1696 1714 1734 1751 1763 1776 1805 1828 1853 1870 1882 1909 1933 1949 1974 1988 2012 2038 2061 2078 2096 2116 2142 2167 2187 2203 2233 2253 2275 2293 2309 2324 2353 2383 2395 2414 2444 2464 2491 2509 2529 2553 2574 2597 2617 2637 2652 2669 2681 2709 2724 2751 2781 2803 2821 2843 2856 2869 2885 2903 2922 2949 2967 2996 3026 3044 3064 3093 3118 3135 3147 3166 3193 3222 