200 20 5 
11
18
10
16
17
17
8
8
9
7
15
15
7
6
20
16
6
17
12
11
8
16
17
6
13
19
18
16
6
7
12
6
10
7
8
9
8
5
5
16
14
9
8
10
9
9
16
6
14
10
15
7
9
5
6
18
20
14
16
10
10
17
19
14
13
14
18
17
5
7
6
10
9
6
13
13
19
5
19
10
15
8
17
20
20
14
20
5
6
8
16
16
11
8
20
7
13
14
15
14
15
15
19
15
20
8
9
16
12
17
5
18
16
5
11
11
16
16
18
7
11
10
9
10
15
20
7
9
18
16
7
9
16
6
20
8
5
20
17
11
13
6
12
7
10
6
20
5
7
6
9
16
11
11
19
16
15
12
5
12
19
12
19
11
14
20
18
11
5
5
15
6
14
11
18
18
5
6
20
8
15
6
16
8
13
20
6
10
19
9
5
8
10
9
10
10
18
16
20
18

26 56 84 98 126 155 175 195 210 238 253 267 287 313 332 350 380 398 424 