400 100 5 
17
11
9
14
16
9
15
13
7
13
11
11
16
7
16
6
19
15
5
6
10
8
13
16
19
8
12
12
7
6
7
9
9
5
11
15
17
16
16
5
9
6
15
20
7
9
18
12
13
17
12
5
13
6
9
9
17
14
6
17
10
20
20
13
7
10
9
7
9
16
8
10
5
5
18
15
9
13
13
8
18
19
20
17
13
17
15
20
12
15
20
12
12
8
14
12
5
19
13
16
17
16
14
20
17
17
13
20
12
11
8
20
9
13
6
17
16
17
7
7
12
16
13
5
19
11
12
14
9
7
14
17
17
9
11
11
6
18
7
11
9
12
11
7
12
6
8
13
14
13
10
12
8
12
10
20
8
20
6
11
11
15
5
18
17
18
5
7
11
17
8
12
8
8
15
8
17
7
5
13
17
13
15
10
9
9
18
17
19
12
5
11
5
19
9
11
8
20
6
17
10
6
8
16
17
6
11
17
17
7
18
9
16
10
14
9
7
15
13
20
11
11
16
7
14
10
18
20
16
6
6
15
9
8
16
13
12
15
7
9
20
15
9
9
18
12
15
16
10
7
19
6
10
8
16
5
13
13
8
5
15
17
12
10
18
16
7
12
16
10
11
8
18
7
17
5
16
10
11
9
10
9
13
13
6
11
11
15
11
19
20
6
14
12
16
11
11
6
5
6
6
16
16
6
18
6
18
5
18
13
9
11
14
12
18
19
8
13
11
11
16
5
13
15
5
16
10
8
13
17
19
17
6
8
13
11
13
20
5
18
16
12
18
15
15
9
10
14
8
6
8
19
20
10
12
9
11
5
18
11
15
9
8
7
8
11
11
15
11
10
17
18
17
16
13
11
5
7
14
8
14
13
8
13
14
11
7
10
10
18
17
11
11
7
12
14
20
17
17
10

12 27 55 76 101 118 133 146 171 192 206 234 262 278 305 332 359 388 416 443 460 474 491 512 522 532 554 567 592 609 638 661 691 713 725 740 752 779 800 814 831 850 877 887 903 933 947 969 982 1008 1025 1040 1069 1082 1101 1122 1151 1172 1189 1208 1230 1248 1267 1295 1307 1333 1354 1365 1387 1401 1421 1447 1469 1487 1515 1530 1560 1585 1596 1618 1635 1648 1674 1692 1721 1731 1745 1760 1788 1798 1825 1845 1856 1873 1891 1920 1949 1966 1990 