200 50 7 
17
16
14
20
17
13
9
8
15
15
13
20
9
12
19
19
13
18
11
10
14
9
16
14
16
8
10
18
14
15
18
8
11
14
16
11
11
19
17
7
9
16
12
11
14
7
8
12
9
12
8
10
16
17
7
9
15
20
19
9
7
19
19
16
16
17
12
18
20
20
20
13
20
13
20
16
18
17
12
13
13
14
18
9
16
15
9
9
20
7
7
17
20
7
17
12
20
15
20
19
14
20
9
13
14
9
14
10
17
14
14
15
20
10
7
11
15
15
11
8
19
9
17
19
17
9
11
11
8
11
19
17
9
15
12
9
14
8
13
16
17
13
18
19
10
16
10
18
11
12
16
16
14
19
11
19
9
8
18
7
20
14
16
19
12
20
8
12
18
18
20
13
7
12
9
19
14
10
18
9
20
10
17
16
17
8
18
18
12
20
7
12
16
12
8
18
13
17
18
11

26 44 72 94 114 130 152 174 193 213 233 253 274 288 310 329 352 371 401 427 457 482 512 534 548 566 588 610 630 648 674 692 714 731 755 777 794 812 838 852 879 901 929 952 968 991 1014 1039 1056 