300 150 6 
9
9
8
9
20
10
12
10
16
19
8
8
14
8
13
10
16
15
8
7
6
20
13
18
20
16
10
7
12
15
8
10
8
15
14
8
13
11
16
15
10
8
10
11
19
17
14
9
20
20
6
10
6
16
20
15
14
15
14
10
20
14
15
14
8
19
12
9
9
8
8
13
14
15
12
12
9
17
19
9
12
13
18
17
6
10
13
17
10
10
19
6
15
16
18
19
12
14
7
9
16
6
17
17
19
9
8
14
16
11
14
7
19
16
6
10
14
18
17
18
10
17
8
6
11
11
14
6
7
14
17
6
10
6
19
19
8
19
17
14
14
11
12
9
19
15
10
6
8
13
17
11
16
10
14
14
13
12
9
7
13
6
20
17
14
13
17
11
10
13
16
9
14
18
17
12
17
9
13
10
15
15
13
8
16
6
18
14
6
13
13
6
11
16
16
11
20
20
13
11
9
6
7
20
13
12
9
18
10
19
11
20
18
11
9
11
19
19
10
12
8
12
13
9
18
15
11
15
14
14
15
6
18
8
13
17
13
9
11
12
16
13
14
12
16
14
10
13
14
16
20
15
11
18
16
9
9
6
8
16
18
9
8
7
8
8
12
16
14
9
7
20
8
17
18
17
15
15
7
17
11
15
15
12
14
11
14
13
18
9
10
19
12
7
16
12
8
18
17
6

18 35 49 63 88 109 130 149 169 182 206 218 241 262 277 297 316 328 352 377 404 430 459 487 501 516 537 554 575 590 619 636 650 673 687 713 743 766 795 823 841 854 871 894 924 949 974 990 1009 1039 1064 1087 1110 1126 1140 1166 1190 1217 1247 1270 1290 1308 1328 1352 1373 1396 1411 1424 1437 1454 1483 1501 1515 1531 1547 1559 1574 1595 1623 1636 1654 1679 1694 1724 1749 1761 1786 1799 1823 1840 1852 1870 1897 1916 1930 1949 1961 1988 2009 2026 2044 2062 2077 2090 2115 2145 2162 2176 2203 2222 2252 2275 2294 2306 2320 2334 2364 2380 2396 2408 2421 2442 2458 2479 2508 2538 2562 2574 2595 2616 2632 2662 2690 2720 2738 2762 2791 2815 2829 2846 2861 2889 2903 2933 2963 2981 2999 3023 3050 