20 150 7 
16
16
11
16
14
11
15
11
10
17
19
14
17
12
18
12
11
15
13
11

19 38 58 73 89 113 135 156 177 207 237 257 281 300 317 336 356 384 409 436 455 479 493 513 533 557 574 603 629 656 677 704 720 734 753 770 785 814 842 858 873 891 905 926 956 972 1002 1021 1046 1076 1091 1119 1145 1172 1190 1209 1235 1261 1290 1318 1343 1367 1381 1407 1436 1450 1469 1497 1522 1542 1557 1579 1599 1621 1638 1662 1685 1701 1716 1744 1765 1780 1800 1825 1847 1866 1893 1920 1949 1972 2001 2030 2044 2064 2090 2105 2129 2148 2169 2185 2213 2242 2259 2287 2301 2315 2339 2361 2378 2402 2421 2447 2475 2497 2523 2543 2558 2576 2592 2608 2632 2646 2674 2697 2719 2734 2753 2773 2798 2824 2840 2855 2875 2889 2906 2927 2952 2972 2993 3010 3026 3040 3064 3079 3095 3123 3151 3171 3192 