350 50 5 
20
9
9
18
15
15
9
12
15
20
9
17
19
14
20
11
11
15
12
10
13
17
10
17
10
5
18
17
16
13
10
10
17
6
12
15
20
9
9
9
11
20
17
15
20
5
17
5
20
7
12
18
17
16
13
6
14
10
11
12
13
17
14
12
16
12
18
20
16
15
9
8
18
16
6
8
7
9
7
17
19
13
18
7
16
14
20
17
19
15
5
5
15
6
16
5
9
20
18
10
12
7
17
17
14
16
15
19
18
17
14
9
15
9
6
15
18
19
6
9
15
11
7
20
14
19
7
14
20
6
5
8
14
11
8
10
5
11
20
8
15
6
15
20
18
19
17
5
15
7
11
6
12
8
10
17
18
18
12
14
9
9
18
6
16
17
6
13
17
11
15
16
20
16
18
11
19
18
11
14
15
17
13
17
17
12
6
5
19
9
7
13
16
7
18
13
8
17
20
17
9
6
6
18
11
7
14
5
10
16
11
20
10
10
18
17
6
16
18
7
9
17
15
19
17
6
12
20
16
5
10
15
5
5
17
6
10
18
12
10
15
19
10
14
8
10
18
14
19
12
7
16
12
18
12
9
20
15
10
19
15
19
15
14
12
16
9
5
11
11
19
18
11
20
16
20
17
9
6
16
15
8
12
6
20
20
7
6
17
10
17
19
12
5
12
6
8
14
5
6
5
8
12
6
20
11
19
15
13
15
6
16
20
12
10
19
10
15
8
19
16
15
11
11
17
17
8
16
16
9
15
17
16
18
15
13
19
16
14
6
5
19
9
5
9
15
8
15
20
10

13 27 53 83 111 122 138 156 177 203 223 238 265 286 301 313 336 356 379 400 419 442 471 498 527 547 557 572 597 614 624 638 649 674 692 710 722 734 748 762 776 790 819 834 861 874 903 919 941 