200 150 5 
8
20
8
5
15
17
16
20
20
15
13
6
16
5
11
12
17
11
18
9
12
12
17
7
7
13
10
9
7
13
14
17
5
13
10
19
6
18
18
10
11
9
13
10
6
10
17
5
15
16
17
17
6
8
20
10
9
8
8
20
8
18
6
20
7
8
8
16
20
18
8
19
10
14
11
6
5
8
14
12
6
11
15
12
9
6
15
20
6
18
7
11
5
19
9
8
6
13
8
18
15
9
11
8
7
8
13
18
19
7
9
7
14
19
20
16
14
15
11
13
5
20
15
7
6
9
14
5
9
19
20
19
16
14
18
15
11
12
14
6
8
14
10
16
15
17
9
7
13
10
15
13
16
6
9
14
19
11
14
19
9
19
20
9
15
10
5
18
13
5
19
10
14
5
10
13
17
13
5
7
14
16
20
12
13
15
12
9
19
18
15
10
14
20
14
14
20
20
13
8

17 41 69 92 113 130 157 171 186 196 207 233 245 273 284 296 319 332 353 373 394 408 421 434 447 467 494 511 523 548 569 580 597 614 625 639 658 677 694 718 733 743 768 792 818 838 866 883 897 924 951 964 983 1006 1030 1044 1060 1074 1104 1129 1148 1170 1194 1214 1226 1249 1277 1295 1324 1350 1364 1386 1411 1434 1457 1477 1490 1519 1531 1561 1589 1613 1642 1665 1677 1693 1711 1730 1748 1762 1791 1801 1822 1845 1870 1890 1917 1928 1948 1963 1993 2013 2037 2067 2093 2113 2125 2152 2166 2180 2193 2204 2217 2235 2245 2270 2287 2311 2337 2367 2385 2400 2414 2440 2459 2483 2501 2519 2535 2555 2570 2587 2603 2624 2638 2648 2666 2694 2711 2739 2750 2779 2809 2826 2838 2866 2890 2902 2931 