20 150 7 
19
16
11
15
10
17
15
9
12
13
20
10
13
18
15
14
15
11
17
18

22 40 61 86 114 128 153 169 199 218 233 251 277 299 327 345 360 383 398 427 455 472 487 514 532 546 568 592 619 637 667 684 708 725 752 771 790 815 829 848 878 897 916 943 972 1002 1028 1048 1064 1087 1112 1133 1149 1175 1197 1227 1256 1275 1302 1327 1351 1377 1401 1425 1439 1453 1477 1500 1528 1556 1585 1599 1627 1650 1680 1710 1739 1765 1794 1813 1836 1866 1884 1899 1925 1946 1975 1998 2028 2042 2057 2071 2101 2121 2136 2156 2173 2199 2224 2244 2261 2277 2291 2310 2325 2341 2368 2394 2417 2438 2456 2483 2508 2525 2553 2582 2604 2626 2641 2670 2697 2719 2740 2756 2774 2797 2812 2839 2858 2878 2893 2918 2939 2958 2979 3006 3034 3064 3090 3117 3140 3154 3173 3189 3218 3242 3258 3276 3290 