300 20 6 
10
15
20
18
12
13
20
10
10
15
7
8
11
16
8
20
13
14
19
15
15
14
9
9
11
17
16
16
16
7
18
16
20
12
11
20
7
15
8
13
11
7
13
12
20
11
13
10
12
19
10
8
19
8
8
6
16
15
15
20
19
15
15
12
9
11
7
7
16
6
16
19
8
20
18
20
17
18
12
20
11
12
14
8
20
9
13
16
8
19
12
17
17
16
15
7
16
17
13
16
17
20
14
16
15
10
20
7
15
19
17
11
19
10
18
14
17
10
13
20
7
10
19
19
13
14
10
18
20
20
7
20
12
15
10
14
18
14
15
14
10
10
12
8
12
13
20
9
16
16
15
6
10
18
19
18
7
12
17
6
13
6
20
10
14
13
18
15
9
6
9
9
20
7
11
11
15
9
17
8
16
17
18
16
18
13
20
20
9
9
15
11
18
6
8
18
9
6
13
11
9
16
17
18
18
10
16
12
13
8
16
17
11
13
11
13
13
6
20
19
12
19
9
10
19
11
13
7
16
15
12
17
8
20
10
10
7
18
20
20
9
14
17
13
6
14
16
13
16
18
7
18
16
17
9
20
7
19
17
16
12
13
7
18
12
13
19
11
9
17
7
15
12
7
6
12
12
10
9
16
15
9
13
13
11
15
14
12
10
10
18
17
7
15
9
15
17
8
19
14

22 42 70 92 104 122 144 163 180 195 219 240 255 277 306 321 340 360 372 