400 150 7 
9
12
13
19
20
13
14
7
10
16
17
16
12
16
16
9
14
20
7
10
15
8
20
19
9
16
18
17
10
7
15
20
13
8
10
12
18
16
9
12
14
18
10
18
13
11
14
8
19
10
20
17
17
19
13
13
20
17
8
7
12
20
10
16
13
10
18
20
20
9
7
10
14
7
11
17
14
18
19
17
11
19
14
17
12
19
18
7
9
20
18
16
9
10
13
12
13
9
16
19
16
17
13
20
12
7
17
15
13
17
12
17
7
7
20
20
16
20
16
12
10
9
16
9
19
20
12
8
14
17
19
11
10
13
10
11
8
9
11
14
14
11
16
7
12
14
15
16
19
17
16
20
9
12
13
10
12
12
18
14
10
10
16
20
18
16
15
19
13
11
14
8
9
14
12
19
20
11
18
16
13
9
18
18
14
13
10
13
14
18
10
20
9
19
11
14
12
13
15
8
11
14
18
19
8
20
12
7
9
10
16
12
14
7
7
13
18
18
7
11
9
19
9
20
15
13
8
17
16
11
15
9
7
10
8
7
11
14
19
19
15
8
15
11
20
17
14
8
19
20
8
13
10
15
14
8
14
14
13
15
14
7
8
17
16
19
15
20
17
17
18
7
10
9
8
20
10
13
20
19
20
20
12
14
7
18
9
10
17
18
10
13
10
20
18
8
14
16
18
12
9
13
20
19
11
15
20
14
14
19
20
10
8
18
19
12
15
19
20
18
17
16
20
14
19
12
18
9
9
15
20
19
9
8
8
16
8
15
16
7
11
19
13
7
18
18
18
11
19
16
18
14
14
12
17
11
7
15
8
17
11
10
13
18
8
18
11
17
20
11
15
7
20
14
10
16
9
11
12
19
9
11
13
15
15
10
16
14
18
11
10
12
18
20
10
20
20
13
8
9

27 45 74 94 109 137 162 186 211 241 264 294 316 341 371 397 417 434 463 493 509 535 562 580 607 632 646 668 686 707 735 752 779 808 832 851 870 893 914 935 961 975 999 1020 1045 1062 1079 1097 1125 1144 1169 1183 1207 1230 1260 1286 1302 1325 1339 1367 1394 1421 1440 1458 1477 1499 1515 1531 1556 1571 1596 1625 1649 1677 1704 1734 1753 1779 1795 1825 1844 1859 1875 1899 1914 1942 1960 1982 1996 2015 2034 2058 2072 2091 2114 2137 2159 2173 2200 2223 2242 2266 2291 2309 2329 2345 2360 2374 2396 2424 2452 2482 2511 2533 2561 2575 2599 2621 2640 2659 2677 2702 2724 2741 2757 2771 2789 2806 2826 2855 2875 2902 2917 2944 2967 2983 3013 3030 3059 3079 3097 3122 3139 3156 3176 3194 3224 3247 3277 