200 30 7 
18
7
9
7
12
20
11
12
18
8
20
14
7
14
12
19
11
17
16
10
18
16
9
17
19
13
19
15
8
13
11
15
19
8
9
19
17
16
17
7
12
15
15
13
12
17
12
8
17
15
16
16
16
9
13
19
20
20
11
13
18
14
20
7
9
10
12
15
13
20
18
13
13
18
15
18
13
15
16
18
17
8
17
9
7
18
16
8
17
16
17
7
13
15
12
20
8
13
11
20
8
7
10
15
8
15
9
8
14
12
14
19
9
12
20
20
16
19
10
7
17
20
17
20
11
16
9
16
15
17
12
13
11
9
16
17
9
15
18
14
9
14
12
8
15
15
19
20
9
16
17
11
12
12
10
20
20
7
16
17
15
14
13
7
15
11
7
18
11
16
13
7
19
19
11
18
17
11
12
10
15
7
12
17
19
11
16
8
18
16
9
12
16
14
18
8
10
15
11
9

23 52 69 83 101 129 144 164 192 213 237 253 274 288 302 324 353 369 396 423 448 476 492 518 538 565 593 618 633 