30 150 5 
9
12
10
13
11
16
7
20
7
13
12
16
16
14
10
19
14
5
9
18
9
16
19
20
7
12
17
11
19
7

11 31 52 70 93 106 119 137 161 183 210 227 254 280 300 328 342 358 386 405 426 456 468 484 499 526 543 562 579 591 610 633 651 676 703 716 743 766 776 790 813 832 844 855 865 887 904 931 941 955 984 1002 1019 1045 1059 1079 1089 1112 1139 1167 1194 1220 1240 1257 1284 1307 1328 1346 1358 1368 1380 1406 1427 1457 1472 1500 1516 1528 1549 1566 1594 1622 1650 1668 1679 1705 1716 1728 1743 1771 1798 1818 1839 1868 1885 1899 1921 1941 1952 1965 1980 2000 2012 2035 2047 2062 2085 2107 2137 2155 2181 2193 2220 2234 2253 2282 2306 2330 2343 2372 2394 2419 2449 2465 2492 2518 2537 2554 2567 2584 2599 2618 2641 2651 2671 2700 2717 2731 2748 2762 2780 2798 2823 2840 2867 2883 2911 2927 2946 