200 40 5 
10
7
17
18
17
13
16
15
11
15
13
18
13
13
9
17
17
10
5
14
6
7
19
20
9
19
8
15
19
12
5
17
19
9
6
19
14
11
10
9
20
16
5
9
20
10
18
13
19
16
13
7
9
20
16
5
12
5
12
5
17
5
10
10
16
14
18
15
8
16
12
11
19
14
6
6
11
10
6
12
13
14
16
16
13
12
9
18
10
8
12
20
19
5
13
9
10
13
13
14
8
6
14
14
17
17
8
17
10
20
11
5
8
10
5
16
10
9
6
20
10
5
18
20
16
19
6
6
8
16
15
10
5
19
8
10
5
17
19
17
7
16
10
17
11
13
5
16
9
18
14
19
20
18
20
14
16
7
13
10
18
14
16
8
7
17
18
6
8
6
14
15
12
6
10
7
14
16
8
8
17
14
11
6
17
9
11
10
12
9
10
13
16
15
7
19
7
7
19
10

12 26 37 64 88 111 135 152 170 196 214 227 243 263 278 294 318 334 359 375 399 426 438 449 463 481 493 519 547 576 589 614 630 658 675 688 705 729 745 