200 50 5 
6
14
8
5
15
16
14
18
19
6
9
8
20
9
15
13
16
16
7
9
19
7
19
5
13
13
19
20
6
12
5
6
16
15
17
11
12
15
5
5
15
14
12
17
6
8
20
8
7
7
15
16
10
6
10
8
9
7
13
5
20
9
19
6
7
20
11
14
16
8
13
19
11
5
17
19
17
11
12
7
17
6
12
10
13
18
7
11
8
5
15
17
14
13
8
14
5
7
13
8
19
18
16
20
16
20
17
19
13
11
17
18
5
6
6
13
19
5
17
20
20
14
15
16
14
18
14
7
17
15
17
14
14
7
20
15
5
17
19
12
19
14
9
18
11
15
5
17
20
5
18
11
20
10
6
11
12
14
11
8
20
20
13
10
7
14
19
13
19
5
17
19
10
14
13
15
12
9
17
15
9
12
16
9
17
16
12
10
14
11
8
10
5
14
10
20
9
14
19
5

10 32 59 69 98 113 138 167 189 199 217 241 265 293 323 336 351 367 382 402 426 455 476 492 507 526 547 576 603 632 653 679 700 711 723 743 768 782 805 817 837 859 875 888 898 926 948 959 976 