200 20 6 
18
18
9
9
15
10
10
20
15
16
16
20
18
12
19
20
17
18
18
13
16
6
9
8
17
19
16
19
16
9
15
19
20
13
12
19
7
15
7
9
6
16
19
14
15
16
20
7
13
19
16
8
14
18
14
15
8
20
10
13
11
10
11
6
7
8
9
6
6
11
7
15
18
12
12
8
19
13
11
19
12
17
20
18
13
15
7
6
8
8
10
15
17
18
8
18
8
20
14
14
17
17
12
18
16
8
9
8
18
6
17
7
20
8
15
9
18
9
18
16
13
12
17
20
9
20
11
16
12
10
7
12
17
18
17
7
19
13
6
18
14
10
20
12
7
11
14
12
7
17
17
9
7
14
10
15
7
12
16
15
19
7
20
14
10
8
14
11
20
12
14
15
19
10
12
11
15
8
14
9
20
10
13
11
16
17
18
15
6
8
8
13
14
14
15
20
8
6
6
12

25 39 52 67 84 104 116 145 159 183 211 229 250 280 310 333 345 372 399 