350 50 7 
15
16
14
12
19
12
11
20
20
11
20
18
17
19
14
12
10
20
20
13
10
19
20
16
18
10
12
17
14
9
17
13
20
14
9
13
20
17
20
18
12
19
7
11
18
8
13
14
11
14
20
13
15
7
14
15
15
8
16
9
15
14
12
12
20
10
10
15
18
9
20
10
8
20
13
11
7
10
13
8
15
12
14
16
20
20
12
8
10
19
19
8
14
19
10
20
10
12
11
8
15
14
10
16
13
13
8
12
12
15
17
17
19
18
19
19
16
19
7
18
16
9
11
9
9
15
11
14
7
19
13
10
19
16
11
13
7
15
7
20
8
16
11
15
8
17
18
14
15
13
15
8
17
15
17
19
7
11
20
9
11
10
8
7
11
20
12
9
20
8
8
20
11
17
14
7
10
12
11
10
13
8
17
8
19
17
16
13
12
7
7
11
11
19
19
9
19
8
10
14
16
20
10
14
18
10
16
18
10
9
18
15
9
20
14
12
8
15
10
15
18
17
20
9
11
16
7
12
11
12
20
16
19
7
7
12
17
18
14
12
14
16
16
12
17
18
17
13
12
14
16
12
15
7
11
20
17
13
15
18
9
13
14
20
9
15
16
17
18
11
16
17
16
16
17
10
14
16
11
12
18
13
18
12
13
19
7
20
19
19
20
13
11
19
11
18
8
20
14
14
17
11
19
14
8
17
20
15
7
18
19
11
8
7
11
19
8
8
12
7
11
12
20
11
9
17
7
14
13
18
7
13
18
14
12
12
12
19
14
20
20
15
8
9
7
8
11
11
18
8

23 52 76 106 130 154 168 185 206 227 251 276 302 329 352 372 392 416 434 463 482 511 526 542 564 590 614 638 654 673 697 721 737 755 783 803 819 845 872 888 902 928 956 984 1005 1020 1049 1077 1102 