350 50 5 
18
9
18
12
14
11
5
18
11
15
6
13
5
19
6
6
13
18
9
20
17
18
7
12
13
14
19
10
17
6
10
17
20
5
15
15
10
20
5
5
19
14
11
5
20
20
15
12
9
17
12
19
11
16
6
16
14
13
8
18
15
9
12
14
12
18
11
19
20
18
5
5
17
7
19
8
19
19
10
10
15
5
19
6
7
8
10
6
12
10
19
9
17
15
20
6
18
7
15
16
20
14
14
10
15
18
20
13
10
10
17
7
6
5
6
6
13
17
10
6
12
13
12
7
15
17
11
18
12
12
18
13
19
14
7
13
20
7
7
12
18
16
10
12
6
9
13
10
6
18
15
6
8
14
11
19
18
5
8
10
20
9
14
19
8
11
10
6
8
15
19
14
17
13
14
16
7
9
15
12
10
5
17
17
7
6
8
5
17
20
5
5
17
6
9
9
12
14
14
12
20
16
18
11
18
9
5
12
18
13
5
17
15
17
8
13
17
11
11
6
20
7
8
11
12
11
12
8
5
13
10
8
15
19
10
11
10
12
7
8
14
13
8
19
15
14
12
19
15
6
11
14
20
20
10
6
11
16
15
8
13
17
7
17
18
17
5
20
19
14
11
11
20
17
13
10
17
20
20
10
8
16
17
20
8
5
19
11
8
14
10
16
12
19
13
16
19
16
9
17
20
7
10
13
10
18
15
14
14
11
9
10
20
15
5
17
8
16
11
5
11
11
5
8
8
10
19
13
12
10
14
8
6
15
13
7
11
6
5
5
12
11
19
13
12
13
15
12
13
15

21 43 57 87 106 122 135 148 170 181 211 230 243 257 277 306 334 362 388 399 427 446 456 466 492 502 528 551 576 592 603 626 647 667 678 702 723 745 758 788 798 822 851 865 883 908 929 951 974 