200 100 6 
8
19
20
20
20
11
10
17
6
6
12
9
8
14
14
14
19
15
9
10
18
12
8
13
7
13
12
18
10
8
7
12
7
18
14
17
15
10
12
13
13
15
15
14
16
14
11
16
12
12
12
6
20
18
18
18
14
17
18
17
6
14
19
13
6
17
6
16
8
19
7
18
15
14
15
20
10
19
12
17
19
13
14
16
16
14
9
6
15
8
6
17
17
20
13
15
19
19
9
13
16
8
10
16
15
9
19
7
18
15
13
10
14
15
9
19
13
16
7
9
12
11
20
7
8
12
15
16
20
20
11
19
7
15
9
11
11
12
6
19
18
10
14
11
10
19
15
14
6
10
17
18
11
20
13
17
16
7
15
16
6
20
8
8
11
15
15
13
7
14
10
9
8
9
7
14
12
11
13
11
11
12
9
10
7
19
14
15
8
18
14
16
6
15
20
18
19
9
6
12

24 48 77 100 124 139 168 188 213 242 258 287 303 324 336 359 388 415 441 458 487 505 524 543 556 569 591 608 636 661 681 702 715 737 755 781 806 818 833 851 863 878 893 915 940 955 981 1010 1039 1057 1075 1099 1125 1150 1177 1193 1223 1237 1252 1267 1286 1316 1336 1358 1386 1401 1422 1447 1465 1480 1506 1524 1541 1565 1586 1599 1616 1640 1656 1678 1705 1735 1750 1766 1792 1818 1847 1860 1882 1911 1937 1965 1979 1998 2020 2033 2054 2083 2098 