300 150 6 
12
16
6
6
8
8
9
17
7
12
15
7
9
7
13
16
10
8
10
14
20
15
6
6
18
19
14
10
9
10
18
18
16
15
8
8
10
17
18
15
18
16
14
19
6
14
17
6
7
9
14
6
16
19
16
9
15
10
7
11
13
19
14
6
11
7
7
15
11
18
13
7
7
20
16
13
16
16
20
14
17
8
16
7
12
20
19
14
7
16
19
16
17
9
16
9
7
9
6
18
15
18
20
18
20
11
11
7
10
13
7
18
17
8
17
9
16
8
10
14
16
10
19
18
15
13
7
12
15
10
20
7
20
6
20
9
10
9
8
17
7
11
14
16
10
17
16
17
14
15
11
16
15
18
13
20
17
6
17
7
8
7
15
11
8
8
14
14
7
13
15
18
6
15
15
15
10
12
16
6
13
11
12
19
16
8
10
11
15
18
19
6
10
10
10
17
19
18
20
10
8
7
6
11
8
13
9
15
11
13
11
20
12
9
7
13
15
9
9
17
10
6
17
8
7
19
13
14
18
6
14
7
18
19
14
16
6
13
20
8
17
9
8
19
9
15
17
9
14
17
8
10
8
13
14
16
6
12
11
12
7
20
8
6
10
7
8
13
20
15
10
16
19
9
17
18
11
15
10
12
14
13
8
9
15
13
9
8
15
7
17
12
10
16
16
10
10
18
14
6

21 45 71 85 110 127 152 173 191 204 218 230 248 261 288 303 333 349 375 399 423 440 452 468 481 498 517 540 553 576 590 603 622 648 675 705 720 750 776 799 816 842 857 881 904 926 947 970 987 1005 1023 1043 1073 1103 1120 1133 1162 1176 1205 1229 1246 1262 1290 1316 1332 1360 1372 1388 1401 1429 1446 1458 1488 1509 1529 1543 1570 1598 1616 1639 1667 1689 1706 1724 1754 1778 1790 1813 1835 1854 1875 1898 1911 1929 1943 1970 1991 2018 2041 2059 2084 2113 2125 2137 2151 2164 2183 2197 2217 2233 2254 2266 2278 2305 2335 2350 2371 2388 2404 2417 2429 2441 2471 2486 2501 2519 2538 2552 2577 2590 2608 2621 2645 2668 2681 2708 2728 2756 2780 2798 2828 2845 2869 2889 2903 2931 2958 2981 3011 