300 20 7 
10
14
19
9
9
8
12
12
20
12
13
9
8
20
18
11
8
12
9
9
14
10
18
12
8
13
18
19
14
17
9
14
7
10
19
9
20
11
13
15
19
16
11
7
14
10
13
16
14
15
17
8
12
15
7
12
10
17
10
18
12
10
16
8
9
17
16
9
7
20
13
10
9
15
13
8
16
15
11
8
20
9
13
7
19
13
11
20
8
12
18
15
9
16
17
12
12
19
10
11
17
20
12
17
7
12
10
10
17
12
14
12
11
13
13
18
20
9
19
8
7
18
12
20
19
17
14
16
9
17
19
15
17
17
10
7
16
18
8
9
16
13
11
19
20
9
19
12
17
17
8
7
20
11
14
16
17
10
11
11
14
16
15
13
8
20
13
16
8
12
15
14
7
9
14
19
14
14
13
9
19
14
12
14
14
17
16
12
7
13
18
19
13
12
16
14
17
18
8
10
16
14
15
8
11
11
7
8
9
17
17
12
12
19
8
11
12
8
18
10
13
13
11
8
16
8
16
13
14
19
15
12
17
12
11
11
20
11
18
9
18
16
8
13
10
12
16
16
8
16
7
10
19
13
20
9
17
12
13
7
8
10
16
15
14
7
7
13
19
12
16
18
10
18
7
14
8
10
20
7
12
11
10
8
17
17
11
20
11
19
9
13
9
13
15
11
14
12
18
17

14 41 61 90 104 120 146 163 192 214 241 270 293 316 336 363 392 412 426 