200 10 6 
18
18
16
12
9
17
13
13
17
14
15
11
9
16
19
14
6
14
8
12
20
10
20
16
7
14
11
9
10
12
7
18
15
18
9
12
18
12
7
8
7
20
7
17
8
8
9
20
7
6
13
16
14
10
9
9
7
17
6
18
18
8
10
9
13
9
11
14
14
15
18
14
13
16
11
12
14
17
8
12
11
14
16
8
7
18
10
19
6
7
18
10
8
17
20
10
11
13
7
17
7
15
12
8
6
16
18
14
20
7
20
17
20
7
14
16
15
10
15
12
12
6
10
16
8
12
8
10
10
19
10
17
20
20
16
19
11
18
8
11
9
10
11
6
19
12
12
10
16
11
11
16
7
12
10
6
10
12
10
11
6
7
13
13
7
19
19
10
17
15
18
14
10
7
14
7
14
18
15
9
7
6
7
14
17
11
12
18
9
18
12
14
11
9
6
6
18
16
13
17

15 27 55 67 91 107 119 148 176 