100 150 7 
12
9
18
18
14
11
19
13
8
8
20
12
13
8
11
19
15
13
9
14
15
12
17
13
12
8
7
12
9
19
15
10
17
16
9
13
9
14
13
13
16
12
17
8
20
17
13
14
18
11
16
17
8
16
14
8
13
7
11
17
10
19
20
19
8
11
18
16
15
15
17
18
19
8
19
19
17
10
14
9
7
10
20
19
20
14
18
9
9
14
17
11
14
20
8
15
10
10
18
9

29 53 74 98 128 142 161 181 206 222 244 271 292 319 337 361 376 392 407 428 445 474 491 513 541 563 582 609 634 654 681 702 720 744 760 782 798 821 845 865 881 905 919 948 967 982 997 1012 1033 1058 1084 1109 1132 1162 1180 1200 1224 1243 1257 1271 1289 1304 1321 1347 1364 1378 1400 1430 1452 1478 1507 1530 1557 1578 1605 1635 1652 1677 1699 1717 1736 1750 1775 1793 1818 1835 1860 1881 1908 1927 1947 1977 2005 2030 2058 2078 2100 2118 2137 2153 2173 2200 2227 2247 2270 2284 2298 2314 2337 2352 2367 2385 2412 2442 2457 2487 2509 2535 2554 2583 2599 2626 2652 2670 2694 2708 2727 2757 2784 2801 2818 2836 2864 2884 2906 2923 2942 2960 2979 2995 3018 3034 3064 3081 3108 3124 3152 3175 3191 