200 50 7 
7
7
10
19
12
8
11
12
12
18
20
13
14
8
16
10
11
10
19
7
20
12
18
13
18
16
7
14
16
14
7
13
9
11
20
10
9
15
16
11
11
11
14
20
7
19
9
9
11
20
14
19
11
11
14
20
16
19
13
12
8
10
17
16
9
18
20
11
11
18
16
14
17
15
16
17
8
16
13
20
18
9
10
14
19
7
11
14
11
18
15
17
14
13
11
12
18
9
17
15
7
15
8
19
18
15
7
7
11
17
10
9
16
10
18
9
7
18
12
7
18
15
15
19
8
16
14
19
11
16
15
10
17
15
20
14
20
9
14
18
7
13
10
14
9
11
13
9
17
11
12
15
8
13
19
13
19
20
20
10
7
14
17
20
13
7
11
7
9
11
17
11
12
12
7
13
14
11
19
9
17
14
19
12
15
19
19
14
18
15
17
13
16
18
16
18
7
12
12
15

18 40 67 83 99 126 145 174 204 228 244 261 279 301 320 343 369 383 413 429 457 482 511 539 553 580 603 621 651 673 695 717 735 759 773 798 821 851 880 909 929 959 989 1017 1044 1070 1091 1120 1139 