300 30 7 
7
7
9
13
20
10
19
7
14
18
9
17
7
17
12
11
11
16
13
8
13
14
19
17
16
13
8
15
16
18
19
10
16
17
9
7
14
17
12
8
14
19
11
18
12
9
14
15
19
7
8
17
12
14
19
17
9
9
18
20
14
8
11
8
20
7
20
11
13
7
10
14
12
9
11
13
16
19
9
16
9
7
16
12
17
20
9
7
12
10
17
8
12
11
8
18
19
20
8
15
16
16
17
12
15
12
18
7
19
17
18
8
20
18
20
13
18
13
13
15
15
12
19
8
20
15
12
19
20
20
9
10
16
13
13
17
19
16
20
8
14
8
8
20
10
20
20
16
20
15
18
8
20
14
14
19
10
7
8
8
10
15
20
12
11
20
13
20
15
18
9
17
8
10
15
10
10
9
18
9
8
15
12
7
20
10
17
14
15
17
8
10
17
7
15
14
11
18
13
7
20
12
8
20
10
8
17
13
9
11
12
10
10
17
17
17
18
10
18
12
10
19
12
10
12
10
15
17
20
12
11
11
20
16
9
8
14
8
13
14
15
12
11
20
14
16
10
19
15
11
15
12
15
7
11
10
18
7
16
16
10
16
16
9
15
12
17
13
20
15
11
10
7
18
19
15
15
8
7
19
17
13
11
13
7
13
12
7
19
17
10
16
17
16
18
12
20
18
12
14

25 45 73 100 120 149 163 188 202 228 248 272 299 320 337 366 385 404 419 441 456 476 499 514 540 564 583 608 629 