300 10 7 
7
10
7
12
8
19
20
14
18
19
18
7
9
13
9
7
19
19
8
16
16
14
14
16
11
17
18
16
13
12
19
13
15
16
18
15
11
11
10
15
12
19
13
7
8
20
12
9
19
17
13
20
12
10
13
18
19
19
15
19
18
9
20
16
10
7
13
11
9
7
9
15
7
16
19
8
8
18
8
19
18
19
12
7
9
10
18
18
10
14
14
18
19
17
18
10
18
15
20
16
7
20
20
20
13
18
13
17
20
17
12
16
16
20
12
16
20
12
10
15
17
18
20
7
12
9
7
10
15
11
7
15
15
13
12
15
20
11
14
11
16
19
18
10
18
15
20
7
7
8
9
15
13
10
8
17
20
16
19
7
11
14
17
19
10
12
18
9
18
8
16
18
19
11
15
12
9
13
17
13
11
13
20
15
16
20
7
7
17
12
15
15
13
17
9
14
20
19
19
10
13
20
12
18
20
9
17
20
11
12
17
9
16
13
19
8
8
20
18
15
13
11
18
11
9
18
10
15
14
12
19
15
15
13
17
17
13
19
11
13
7
12
9
11
14
7
10
20
12
9
10
13
10
12
7
16
19
15
15
8
12
11
20
7
16
11
20
7
16
20
7
10
13
13
11
9
9
9
12
14
17
7
9
12
12
16
9
14
13
17
16
20
12
12
19
12
7
10
18
10

14 29 57 79 109 138 164 181 198 