400 100 7 
7
16
13
7
10
16
20
8
8
18
14
10
18
18
16
19
14
13
20
14
19
12
14
9
18
19
7
15
8
14
15
15
10
8
19
17
10
20
14
19
12
20
18
12
15
19
7
13
8
20
10
16
12
20
15
17
12
10
7
13
19
9
18
10
16
13
9
14
11
20
18
14
20
11
10
8
12
13
11
16
13
15
14
14
10
14
16
14
11
16
9
13
13
18
13
11
20
13
7
8
16
16
17
17
17
16
12
9
16
19
10
20
14
14
11
9
7
16
11
8
18
10
10
14
19
14
20
16
20
12
19
14
20
13
8
16
12
16
9
19
16
14
7
9
13
17
18
12
10
19
9
8
13
10
16
8
15
17
19
15
13
11
7
14
9
10
9
20
8
9
13
20
15
18
14
8
13
8
19
13
20
20
16
18
15
8
17
13
15
12
10
11
14
13
12
20
16
13
12
17
20
10
18
13
20
14
7
15
18
8
10
20
20
12
8
14
9
12
19
10
20
11
15
9
20
20
10
14
18
7
13
12
12
16
18
8
10
7
10
16
9
11
15
18
13
16
19
13
12
18
12
18
7
10
20
17
14
7
14
19
10
19
14
7
7
15
11
10
19
17
8
8
16
19
17
12
9
20
20
7
19
12
18
9
16
16
15
11
10
9
17
9
20
7
10
20
17
10
7
17
20
18
19
13
14
15
14
13
7
12
15
14
9
14
19
7
19
7
19
16
15
19
15
14
16
8
8
10
14
18
12
15
16
20
13
18
10
10
10
7
13
19
11
19
9
16
18
11
7
19
8
10
13
11
12
13
20
17
8
15
13
15
15
15
20
16
17
16
12
16
15
12
10
8
7
13
9
14
17
17
9
10
10
9
18
7
16
7
16
18
15
11
11
20
8
13
11
12
13
8

16 30 60 80 100 129 152 169 188 218 234 257 271 292 307 324 350 369 391 411 427 445 467 496 522 544 571 599 614 631 655 684 712 739 768 792 819 848 877 894 913 933 956 986 1010 1025 1043 1069 1088 1104 1126 1155 1180 1204 1223 1249 1275 1299 1327 1354 1368 1395 1425 1439 1465 1479 1502 1518 1535 1565 1580 1595 1617 1639 1655 1676 1696 1717 1736 1753 1767 1789 1809 1830 1857 1887 1905 1925 1947 1961 1979 1996 2021 2050 2077 2104 2125 2151 2180 