200 150 5 
11
18
8
6
11
15
12
20
17
8
13
20
9
13
18
18
10
10
17
11
14
14
20
16
5
10
15
7
10
13
16
19
6
13
8
5
19
8
9
19
19
12
17
7
19
20
6
11
10
20
18
5
7
7
18
13
10
7
9
6
16
12
10
12
5
8
5
11
6
19
17
17
5
19
12
5
16
15
15
7
19
19
6
9
13
6
14
15
17
10
15
19
15
20
12
12
18
13
8
16
10
8
12
8
13
5
7
19
9
5
5
13
14
15
19
17
10
18
17
13
20
12
8
5
13
11
15
11
20
18
9
13
9
14
17
15
20
10
9
11
7
15
15
6
17
16
17
20
20
5
18
15
10
6
13
20
20
10
10
15
18
16
15
9
10
15
9
14
18
9
11
20
16
5
5
8
5
13
9
11
5
5
10
14
11
14
6
9
10
9
6
18
6
15
19
12
20
17
11
14

16 30 46 60 81 103 126 138 159 182 197 207 220 243 264 287 311 324 353 365 395 406 416 428 440 451 467 479 493 513 535 546 569 579 589 618 647 658 684 712 726 750 761 773 789 812 840 852 862 884 912 938 950 971 992 1011 1033 1044 1058 1085 1106 1135 1146 1157 1182 1210 1229 1240 1254 1282 1300 1327 1339 1365 1392 1422 1451 1470 1495 1522 1551 1572 1586 1615 1631 1657 1683 1701 1717 1730 1743 1767 1785 1805 1829 1858 1877 1895 1924 1936 1947 1977 2007 2028 2047 2077 2101 2120 2133 2163 2191 2219 2247 2267 2296 2311 2327 2347 2369 2396 2424 2452 2468 2493 2507 2525 2539 2568 2588 2598 2617 2629 2646 2670 2684 2710 2728 2755 2774 2804 2819 2831 2847 2872 2882 2895 2917 2940 2958 