30 100 6 
6
12
15
11
18
8
15
14
15
18
9
19
12
18
14
10
17
15
14
13
14
17
7
20
17
12
17
19
16
9

15 30 51 74 87 114 142 162 175 188 204 230 259 274 300 322 351 365 382 397 414 427 453 465 488 502 528 544 561 590 605 633 648 669 682 709 724 736 749 763 778 804 820 850 866 885 906 920 933 951 977 1005 1024 1042 1058 1074 1094 1124 1150 1179 1199 1220 1238 1263 1290 1306 1318 1336 1354 1371 1389 1418 1439 1468 1495 1509 1534 1561 1586 1599 1612 1631 1651 1677 1698 1725 1745 1767 1790 1816 1846 1871 1898 1925 1950 1972 1988 2015 2038 