100 100 6 
15
15
16
16
12
18
14
15
7
19
19
8
6
17
8
13
16
18
7
20
17
14
16
18
7
11
15
11
6
9
13
11
9
19
19
7
8
15
14
19
9
12
16
11
11
9
16
14
11
6
6
14
18
15
9
20
19
7
18
16
8
8
17
8
20
9
16
12
13
6
18
12
15
6
18
12
10
8
20
16
11
11
20
14
17
14
20
14
16
11
20
9
17
15
15
7
19
18
10
7

29 54 78 90 112 134 157 174 188 208 221 248 261 278 307 322 345 367 397 410 434 461 485 504 520 547 562 586 600 619 642 659 678 700 721 734 757 782 812 831 843 872 885 901 913 931 954 972 987 999 1029 1048 1078 1094 1110 1127 1155 1184 1197 1210 1223 1245 1260 1288 1316 1342 1356 1379 1408 1436 1466 1493 1516 1529 1550 1569 1598 1613 1635 1648 1671 1696 1713 1726 1744 1768 1797 1825 1845 1875 1888 1916 1945 1967 1982 2003 2024 2038 2063 