200 50 5 
17
12
20
7
12
18
18
15
13
16
15
15
9
12
11
7
12
17
8
15
16
15
18
9
16
20
12
20
13
17
13
19
17
6
11
14
18
16
6
6
9
20
8
14
20
12
12
9
9
17
13
15
12
9
16
20
19
20
20
10
8
18
8
5
14
7
15
15
7
17
16
14
5
9
16
19
16
8
20
5
8
13
17
13
12
12
7
18
10
8
14
8
7
20
15
5
17
7
6
20
19
14
7
14
9
7
15
5
5
11
11
18
17
10
15
18
6
14
16
13
12
9
18
8
19
16
10
11
18
13
11
20
14
15
19
13
13
5
11
12
10
11
10
10
12
19
12
7
19
7
18
12
19
14
9
16
20
14
15
15
8
17
19
7
15
11
13
5
8
11
14
16
9
16
9
20
16
14
17
19
11
16
5
6
5
16
10
10
18
5
8
9
13
13
8
5
15
11
12
13

16 34 53 77 90 120 139 154 170 185 210 231 243 256 286 297 311 321 340 363 379 408 437 453 483 504 532 550 571 601 616 634 644 657 672 701 712 741 753 767 792 819 833 847 857 879 898 916 939 