100 150 6 
14
13
11
15
12
7
11
15
16
17
16
9
9
17
9
9
12
17
17
13
19
18
16
17
9
15
8
19
9
16
10
16
18
15
13
7
8
8
6
20
7
17
7
19
12
20
14
14
18
8
14
8
8
11
9
20
19
12
15
14
18
19
14
19
14
8
16
6
15
18
7
18
14
9
6
13
11
19
15
7
9
9
12
12
18
8
11
12
7
17
15
7
12
12
13
20
19
17
7
16

24 50 74 104 122 150 177 198 211 233 262 285 312 341 353 383 397 421 445 459 479 508 520 546 558 581 601 623 648 676 705 727 753 776 803 831 847 859 872 893 919 931 956 979 1004 1028 1044 1058 1088 1110 1138 1159 1188 1206 1223 1240 1258 1270 1291 1311 1332 1347 1361 1389 1406 1422 1442 1459 1479 1504 1529 1543 1569 1594 1617 1647 1665 1695 1710 1737 1757 1777 1801 1831 1853 1865 1889 1904 1927 1955 1977 1996 2018 2033 2055 2068 2096 2124 2153 2183 2211 2234 2262 2288 2300 2320 2334 2352 2369 2395 2408 2422 2444 2469 2492 2513 2534 2556 2581 2605 2620 2640 2657 2670 2693 2710 2738 2764 2782 2807 2832 2854 2868 2884 2906 2930 2953 2979 3008 3023 3037 3051 3066 3089 3109 3123 3151 3177 3204 