300 40 5 
13
9
18
13
6
12
5
15
20
10
9
8
6
14
13
17
14
6
20
11
16
6
19
11
6
14
14
6
7
10
14
14
9
8
6
11
20
15
6
13
9
14
15
16
19
19
7
17
13
13
16
17
5
20
5
8
15
7
20
11
12
6
18
17
13
18
11
19
18
17
9
18
8
7
8
13
19
17
7
19
8
19
17
5
14
5
13
16
5
9
18
10
8
16
15
10
15
14
10
13
9
11
8
7
8
11
13
7
13
16
20
14
5
15
16
16
20
17
20
11
17
10
16
9
18
15
13
17
10
19
12
19
15
19
9
19
17
20
6
5
9
9
5
10
14
9
5
10
13
16
18
19
10
20
6
16
18
11
20
13
19
11
6
10
14
19
5
15
12
8
10
15
15
18
19
16
10
9
8
10
20
9
14
13
8
14
11
8
16
12
11
7
20
13
19
13
14
17
20
19
16
17
19
15
8
5
6
8
18
7
17
8
14
7
17
20
20
15
9
9
5
10
12
7
20
17
10
18
5
7
14
6
5
6
7
11
11
8
6
9
13
11
7
14
5
15
20
14
5
17
6
10
8
13
13
20
12
15
18
17
13
11
11
16
20
15
15
11
16
5
10
12
19
13
19
18
16
10
13
19
19
11
11
19
18
13
7
6
18
15
20
19
14
7
18
11
20
19
19
8

22 37 56 67 91 107 137 152 175 205 215 244 263 281 302 312 322 342 353 368 386 398 412 423 448 478 492 520 538 558 588 610 627 653 671 694 723 750 763 