350 40 7 
9
11
9
11
7
16
14
18
9
14
16
11
15
20
17
13
20
16
7
17
11
11
11
20
17
9
14
11
10
19
19
11
14
11
14
11
17
14
15
12
12
12
14
14
11
20
7
15
17
12
20
7
9
12
7
8
7
13
17
12
9
20
14
10
20
14
12
10
9
9
12
13
9
20
15
20
11
20
11
20
13
16
16
18
15
17
12
9
20
19
17
12
9
9
12
13
9
20
20
12
20
18
10
13
20
7
7
14
11
12
19
18
18
17
15
15
9
8
17
9
9
13
14
11
14
19
10
11
13
10
11
10
11
19
15
18
14
19
8
8
10
11
15
17
17
20
11
12
15
12
17
10
11
14
20
20
15
13
19
12
19
8
11
16
13
11
20
13
10
11
12
9
12
13
15
7
14
10
8
14
18
18
8
13
15
17
13
7
15
20
9
10
11
8
10
7
17
12
20
18
12
15
15
19
7
11
13
16
18
18
15
13
15
7
18
10
9
13
7
16
19
9
15
8
16
9
10
20
12
13
17
19
10
18
12
18
11
13
17
10
15
11
11
15
18
20
18
13
13
7
20
7
19
20
10
11
16
8
7
9
16
12
15
8
18
20
14
16
19
7
19
15
17
11
7
14
13
8
9
20
16
15
10
10
13
10
16
11
15
16
19
20
17
10
11
15
19
20
11
15
18
9
15
20
7
15
11
8
17
16
14
7
15
9
17
15
7
18
16
7
16
12
20
8
10
20
18
16
18
13
12
19
16
16
16
7
19
16
17
13
12
14
14
18
12
12
11
16
10
17

15 35 61 89 103 131 151 178 197 212 234 250 279 293 310 328 345 373 400 422 452 471 488 509 529 544 571 591 618 645 660 688 710 726 742 765 786 809 827 