100 150 7 
18
16
18
18
7
13
9
19
17
15
14
12
9
13
20
16
7
7
20
12
14
10
15
18
18
16
19
9
20
16
13
9
7
17
20
20
19
18
11
13
18
18
7
16
8
9
18
16
10
11
11
16
7
18
18
15
15
20
10
10
10
17
10
7
14
11
16
16
20
12
13
20
12
8
15
8
16
10
17
7
18
10
8
18
10
18
16
15
18
13
15
17
10
7
10
7
19
8
7
13

24 42 61 79 108 125 155 172 188 203 231 258 281 303 318 336 351 376 395 417 431 457 484 514 533 560 589 608 636 659 679 703 721 748 766 796 810 838 866 894 915 939 960 986 1013 1042 1056 1082 1110 1137 1154 1169 1194 1211 1227 1243 1270 1293 1319 1340 1361 1381 1404 1426 1455 1469 1496 1514 1529 1555 1582 1600 1616 1644 1673 1695 1723 1740 1755 1778 1804 1823 1849 1868 1891 1918 1945 1970 1993 2009 2036 2065 2090 2118 2137 2151 2172 2187 2216 2240 2269 2297 2326 2348 2377 2394 2412 2434 2455 2479 2505 2522 2536 2562 2588 2607 2624 2651 2672 2698 2725 2748 2768 2790 2808 2827 2848 2863 2884 2913 2942 2960 2986 3015 3040 3059 3083 3102 3129 3156 3183 3205 3231 3255 3282 3300 3317 3336 3350 