300 40 5 
19
18
18
13
5
16
7
13
7
9
17
17
7
16
5
7
17
20
8
15
15
18
18
5
18
11
16
17
18
8
10
11
18
10
20
18
8
6
8
14
12
18
19
20
14
9
15
11
13
5
18
13
5
14
5
16
9
13
7
6
18
6
19
17
6
6
15
11
12
8
6
5
15
15
9
14
17
15
17
7
18
12
8
20
17
8
9
5
19
7
5
6
17
6
8
20
6
11
11
18
10
14
11
10
9
8
10
7
8
11
20
18
8
18
20
12
11
10
8
12
7
18
18
9
9
15
17
11
11
19
16
13
9
14
13
5
17
6
13
7
10
19
14
6
6
14
13
12
10
11
9
13
13
20
7
7
15
9
7
13
13
5
6
20
18
18
6
13
16
15
12
5
15
17
8
9
5
8
10
14
7
20
19
15
14
8
10
8
14
13
16
19
19
9
6
17
13
18
13
12
13
14
14
10
16
13
11
20
12
9
5
8
9
12
16
12
18
19
20
20
11
18
6
5
5
8
6
11
17
20
10
8
17
8
11
14
5
13
13
15
20
8
5
19
9
11
7
10
16
15
14
18
17
16
15
11
13
9
15
9
6
18
20
10
20
7
10
9
5
11
8
18
20
13
18
6
14
10
16
18
17
19
14
11
6
16
5
13
16
20
10
20
5
19
5
10
13
18
5
18

27 52 64 76 86 99 115 126 148 159 175 202 229 241 267 278 292 307 335 351 366 391 403 426 448 467 496 510 523 547 559 588 606 620 648 675 697 721 732 