350 10 5 
8
5
19
8
12
11
10
8
14
16
8
20
6
13
6
17
12
6
17
8
14
8
10
20
16
17
16
15
19
16
11
7
9
15
10
6
8
13
15
19
13
17
9
19
19
12
19
20
20
15
11
11
14
13
6
12
10
18
18
10
9
20
12
16
16
8
18
15
7
8
12
9
12
20
7
13
12
7
17
20
5
11
12
12
5
15
13
18
7
8
20
5
16
6
17
9
5
9
5
10
16
19
7
17
18
15
8
11
10
19
9
8
7
18
11
18
11
5
7
15
16
11
15
8
16
15
20
11
15
9
10
14
11
7
9
5
8
12
6
5
5
10
17
10
19
13
16
6
7
8
11
11
13
20
9
11
15
5
12
14
7
16
9
20
18
10
11
11
5
19
7
19
20
19
18
16
16
19
18
16
17
15
19
14
5
10
12
6
8
19
17
10
20
6
10
20
10
6
19
12
18
10
5
13
16
6
5
19
8
12
11
8
18
18
6
16
17
5
15
16
17
14
11
6
15
20
20
5
14
19
10
16
7
11
6
10
16
12
16
11
16
16
18
6
18
9
12
8
8
14
9
19
18
16
18
12
16
17
17
17
20
7
9
15
11
14
20
19
13
12
13
16
18
8
15
17
8
13
13
15
19
12
20
5
5
16
14
18
14
6
9
14
20
12
7
17
6
9
6
16
14
14
19
10
6
11
10
18
13
5
18
13
10
7
7
15
15
7
7
17
17
10
18
5
7
10
11
13
18
6
20
9
12
11
9
16
20
18
12
17
8
10
17
10
20
7
10
9
10
11

13 25 53 80 91 115 133 148 161 