350 40 7 
7
14
20
12
12
20
8
15
8
14
9
14
14
16
9
8
13
8
15
15
11
10
13
8
20
17
20
16
17
10
8
15
12
14
17
8
13
16
15
14
8
12
10
11
16
7
13
15
18
8
16
12
19
20
11
14
13
20
8
7
19
8
15
20
19
11
16
9
8
13
15
15
13
8
16
15
18
11
9
8
7
15
15
16
14
14
8
18
17
20
15
9
20
14
20
7
17
18
19
12
17
20
13
11
16
13
9
7
8
13
16
12
11
20
19
12
18
12
12
7
13
8
19
14
20
8
11
7
8
15
19
13
15
10
11
10
7
16
19
7
7
13
14
15
19
8
12
10
10
13
19
13
7
7
19
12
8
15
17
10
12
13
13
10
8
16
14
13
18
20
12
19
19
12
20
7
7
7
19
16
12
17
12
17
19
18
20
9
12
14
7
10
16
18
9
13
18
15
16
10
11
13
8
14
14
8
17
12
9
10
11
10
16
18
8
19
8
14
16
15
12
14
18
9
11
16
20
14
14
10
18
16
15
12
13
9
7
14
9
20
13
11
20
13
19
9
7
20
12
15
10
10
11
18
9
9
19
7
9
10
18
10
11
19
13
10
8
14
9
18
9
16
10
19
16
19
14
16
16
12
15
8
9
13
12
11
12
15
8
12
10
10
10
14
9
14
11
8
20
10
8
7
16
7
18
10
13
18
13
13
8
11
16
11
19
8
11
20
7
16
11
9
10
10
13
8
7
20
13
9
20
19
12
16
10
9
9
15
20
17
10
18
11
11
15
11
17
8
14
15

20 44 62 76 101 122 152 168 186 208 237 264 293 323 337 356 384 413 432 449 469 494 512 530 549 572 588 617 635 665 683 707 733 763 788 811 825 855 881 