100 150 5 
12
12
17
17
20
18
5
11
15
13
16
16
8
11
14
18
9
15
16
16
10
12
17
18
13
19
14
7
10
9
6
18
7
13
14
16
10
8
8
13
18
6
20
8
18
20
7
20
16
11
12
16
13
12
9
8
5
11
19
13
10
17
20
20
12
13
12
11
12
11
5
17
17
8
12
6
10
5
13
16
5
10
14
15
16
12
15
20
14
18
15
14
12
20
19
20
20
5
19
10

15 27 43 70 84 94 109 129 144 169 180 203 225 255 266 295 307 332 344 365 385 407 427 441 466 488 499 513 541 562 586 610 630 641 655 677 700 728 745 774 793 817 829 846 859 888 908 934 956 973 984 997 1016 1039 1053 1065 1084 1109 1134 1153 1182 1205 1233 1255 1284 1298 1314 1335 1358 1380 1393 1415 1443 1463 1482 1505 1532 1551 1570 1597 1621 1631 1656 1670 1688 1716 1744 1758 1779 1803 1826 1844 1855 1877 1887 1911 1934 1957 1975 1993 2010 2032 2050 2075 2095 2119 2141 2165 2179 2206 2229 2251 2279 2305 2326 2347 2367 2377 2390 2403 2418 2433 2461 2489 2515 2543 2567 2581 2600 2622 2651 2661 2673 2685 2711 2733 2758 2777 2789 2805 2829 2840 2862 2884 2903 2922 2939 2959 2984 