30 100 5 
16
19
19
12
9
11
5
18
12
15
15
7
18
10
11
13
9
14
6
9
14
19
6
11
17
15
11
19
19
6

18 36 50 80 110 123 136 159 173 203 230 245 270 293 312 329 351 376 398 427 454 473 499 512 541 570 593 607 619 633 646 663 685 715 734 761 779 809 827 840 866 889 904 921 940 964 985 1005 1015 1043 1063 1076 1103 1123 1135 1155 1179 1203 1230 1251 1272 1299 1310 1331 1353 1364 1392 1422 1439 1455 1470 1487 1513 1523 1546 1575 1587 1607 1625 1647 1666 1692 1715 1725 1753 1764 1774 1800 1812 1839 1856 1879 1909 1931 1945 1970 1997 2026 2043 