30 150 7 
14
11
10
11
17
17
13
20
18
18
12
9
10
16
12
9
16
9
17
9
14
13
18
16
18
18
15
11
17
19

25 49 66 92 109 139 154 175 194 209 223 240 255 282 304 321 339 366 383 399 420 434 455 485 508 525 551 577 601 626 651 668 698 716 739 767 786 804 819 845 865 891 918 948 963 987 1012 1039 1058 1088 1112 1128 1147 1173 1203 1225 1246 1260 1283 1312 1329 1355 1377 1398 1415 1442 1468 1486 1515 1529 1553 1581 1605 1632 1656 1672 1687 1703 1718 1736 1754 1773 1795 1817 1836 1860 1883 1905 1929 1946 1975 1994 2019 2039 2068 2082 2104 2118 2141 2169 2195 2210 2235 2265 2290 2310 2328 2348 2374 2395 2411 2440 2468 2496 2513 2537 2559 2589 2607 2624 2644 2658 2685 2711 2729 2755 2770 2784 2813 2836 2865 2892 2917 2932 2961 2988 3014 3029 3044 3069 3090 3106 3134 3154 3184 3203 3233 3259 3281 