400 100 6 
15
15
16
9
11
11
7
12
19
8
16
15
11
18
8
20
20
10
11
17
15
19
8
14
16
16
20
18
19
16
14
14
15
9
7
16
10
20
15
16
18
6
6
10
20
19
9
19
16
16
20
19
12
12
9
12
9
7
13
6
12
16
15
12
7
10
12
7
9
7
7
20
6
9
9
7
9
7
9
9
10
10
13
13
15
19
19
19
6
11
7
18
18
16
7
10
11
12
17
8
11
19
8
19
12
13
17
20
10
15
7
10
8
7
17
9
9
17
13
14
19
12
14
13
16
9
8
10
18
16
7
20
9
6
10
12
20
9
19
13
13
10
8
17
18
6
14
13
6
12
19
18
6
9
18
6
11
17
7
9
9
6
19
8
15
8
9
17
11
7
13
15
13
15
16
7
10
20
7
6
14
18
9
9
9
7
13
20
12
16
11
14
6
6
20
12
7
19
20
20
7
11
7
15
6
6
16
20
14
15
16
19
8
8
9
15
8
10
7
9
18
18
19
15
16
6
6
19
20
9
20
6
7
8
8
16
19
8
18
8
8
19
11
19
18
16
15
7
17
16
8
15
9
7
12
15
13
6
10
8
18
16
12
6
7
16
16
9
11
20
17
20
17
13
13
12
7
9
14
18
15
20
19
18
11
15
12
20
13
16
15
14
13
8
8
17
10
20
11
6
16
15
6
9
16
15
15
11
11
18
6
14
10
10
7
9
8
8
16
11
7
6
13
19
16
6
14
19
20
13
18
16
9
19
16
13
17
18
20
15
16
8
12
6
19
10
11
15
19
20
6
9
15
6
7
20
8
8
10
10
8
17
9
16
10
17
10
10
18
11
19
19
6
10
6
9
20
14
10
6
11
14
14
10
10
7
16
13
17
19
14
12
16
10
14
8
9
13
17
10

16 35 54 79 105 122 152 182 210 228 256 276 303 320 333 345 360 388 417 433 461 478 499 521 547 564 593 612 627 639 655 667 687 704 720 747 777 794 819 835 858 887 903 918 944 966 982 1007 1032 1055 1084 1104 1118 1148 1171 1201 1216 1234 1258 1279 1296 1312 1332 1354 1381 1397 1423 1437 1452 1482 1504 1534 1560 1575 1605 1623 1640 1658 1678 1692 1720 1742 1759 1776 1789 1805 1831 1847 1869 1887 1901 1929 1944 1962 1976 2006 2023 2047 2071 