20 150 6 
13
11
20
15
9
9
18
11
19
17
14
18
14
16
15
10
10
20
8
10

14 41 61 76 95 120 147 176 198 218 240 257 270 300 323 344 369 389 414 429 449 464 476 501 529 551 567 583 595 625 654 672 696 723 739 765 791 806 835 847 877 900 917 937 954 970 991 1015 1036 1062 1085 1114 1129 1158 1173 1196 1218 1242 1262 1282 1296 1316 1333 1355 1375 1400 1425 1438 1463 1486 1498 1514 1534 1562 1588 1613 1639 1665 1685 1715 1727 1743 1764 1788 1802 1818 1833 1845 1858 1874 1903 1929 1959 1983 2003 2024 2037 2055 2079 2093 2114 2143 2172 2196 2215 2238 2259 2289 2308 2329 2351 2374 2402 2427 2445 2471 2486 2513 2538 2562 2590 2606 2621 2633 2661 2691 2718 2748 2762 2778 2802 2824 2837 2861 2885 2908 2938 2963 2990 3016 3036 3055 3084 3103 3124 3138 3163 3179 3199 