30 100 6 
14
7
10
9
10
16
9
20
14
8
6
19
13
9
18
15
18
19
18
11
16
6
14
10
20
7
14
7
8
13

17 43 64 87 108 121 139 154 183 205 217 242 257 276 297 326 342 363 386 412 441 462 477 499 516 542 564 581 603 628 654 668 695 710 730 755 779 806 827 842 863 887 909 937 952 981 1009 1039 1063 1081 1107 1125 1150 1176 1192 1222 1235 1260 1282 1297 1319 1348 1366 1385 1397 1411 1427 1440 1454 1476 1496 1518 1545 1562 1581 1602 1620 1636 1652 1664 1690 1702 1727 1742 1764 1788 1803 1831 1843 1867 1884 1899 1915 1930 1951 1965 1978 2001 2013 