400 100 6 
6
18
6
9
12
8
8
19
19
12
16
11
17
10
16
18
6
19
7
20
19
14
8
10
18
17
11
20
12
12
13
8
19
16
17
11
10
17
19
12
8
10
7
17
10
8
11
11
7
14
15
10
19
12
13
10
16
7
19
14
17
13
13
20
8
7
6
19
12
16
6
13
6
8
13
9
19
19
16
7
17
11
8
6
8
12
9
19
11
9
12
14
16
10
14
19
8
11
12
11
7
9
10
15
19
7
6
15
6
13
18
17
16
15
19
19
18
11
10
7
19
15
6
12
7
7
18
15
17
16
17
7
17
7
7
17
12
17
17
19
17
12
16
19
10
10
13
19
14
19
9
19
15
15
11
12
18
11
20
8
18
9
11
17
7
12
8
17
20
7
10
8
9
20
12
19
9
10
12
17
14
8
14
14
20
16
8
8
8
20
19
15
20
20
14
10
10
19
7
16
10
7
12
20
14
20
15
11
20
15
9
18
19
11
8
19
11
14
20
14
13
8
7
20
19
15
11
14
7
15
10
13
10
14
20
14
17
16
16
12
8
18
12
19
18
13
19
17
10
6
9
18
16
15
16
20
17
14
16
9
14
7
17
12
16
20
6
16
13
18
14
17
9
20
14
18
14
14
19
20
8
9
18
14
8
9
14
12
20
10
15
9
20
19
14
15
6
7
8
19
20
14
17
10
14
15
12
10
17
15
18
8
6
19
20
16
10
12
13
6
20
8
10
19
15
11
6
18
12
17
18
19
11
14
8
17
12
11
16
16
8
6
13
18
10
8
10
12
6
12
15
18
16
16
12
18
8
6
6
14
13
15
11
18
17
11
15
16
11
7
6
20
14
15
13
15
16
8
19
11
18
8
8
9
11
6
6
12
10
7
17
8
12
19
12
17
13
13
15
15

26 40 63 77 93 122 138 167 197 226 256 274 298 316 331 359 381 409 432 455 468 480 500 512 526 543 567 587 609 630 647 666 683 697 711 733 746 762 786 808 833 847 872 885 906 925 945 959 989 1018 1030 1051 1063 1080 1103 1127 1153 1179 1193 1210 1236 1252 1272 1297 1324 1346 1358 1378 1405 1433 1455 1472 1488 1503 1533 1555 1576 1603 1617 1646 1670 1699 1713 1738 1767 1787 1811 1823 1845 1873 1889 1907 1927 1957 1971 1983 2001 2018 2032 