100 150 6 
7
17
18
20
18
6
10
7
14
9
16
17
14
17
19
16
10
14
14
6
6
8
20
17
11
10
6
20
14
14
8
18
12
15
11
6
13
8
11
13
15
14
8
19
10
8
16
9
17
8
10
18
9
10
10
15
19
9
12
17
6
19
6
7
11
7
10
16
14
8
20
13
12
15
16
8
15
20
13
14
16
6
13
8
16
16
20
15
10
7
6
17
9
7
10
18
20
6
7
20

13 37 63 77 93 113 137 154 166 187 207 235 257 287 317 338 365 392 416 435 456 484 500 528 544 570 591 606 618 644 657 685 699 711 731 759 775 789 815 844 865 892 920 936 959 985 1010 1033 1055 1079 1092 1116 1129 1142 1165 1191 1217 1232 1252 1280 1302 1326 1340 1368 1384 1413 1436 1459 1489 1516 1541 1554 1582 1606 1628 1653 1673 1694 1720 1743 1761 1789 1815 1845 1864 1888 1908 1922 1934 1962 1990 2004 2022 2043 2060 2077 2103 2115 2138 2150 2171 2190 2219 2242 2266 2280 2292 2322 2340 2363 2393 2408 2428 2443 2470 2492 2518 2548 2577 2601 2630 2651 2675 2694 2720 2741 2756 2775 2789 2819 2836 2862 2891 2905 2935 2947 2972 3001 3025 3039 3055 3074 3087 3104 3120 3139 3155 3169 3183 