400 100 7 
18
15
17
18
8
7
15
15
10
17
7
10
12
10
8
19
12
16
19
20
8
7
16
12
13
10
19
10
14
7
14
14
8
7
19
13
16
12
7
13
10
11
17
15
17
13
17
9
9
18
16
15
19
16
18
9
15
20
18
18
16
14
15
15
10
16
8
8
11
17
18
8
8
20
10
11
13
10
13
11
18
9
10
7
7
9
18
10
19
20
16
7
8
20
9
20
17
9
12
14
16
20
8
16
13
18
10
16
15
15
7
17
10
17
7
19
10
7
20
7
8
11
8
9
15
13
12
13
10
13
17
17
13
16
8
10
8
17
8
20
10
15
19
8
13
17
7
17
20
20
7
17
15
19
19
12
14
8
11
10
8
18
17
19
18
12
12
19
13
14
10
7
20
11
20
9
17
10
8
15
20
17
7
11
19
15
19
11
14
9
14
16
10
19
14
18
20
19
17
10
7
17
7
13
14
13
14
16
15
14
18
12
20
9
18
13
15
11
15
13
16
16
11
19
12
7
10
18
20
17
20
15
14
10
9
8
9
11
15
19
10
20
10
13
10
16
14
11
12
16
9
20
11
12
16
7
17
20
13
9
11
14
16
14
14
15
7
12
14
10
7
16
8
13
16
19
14
19
19
14
19
17
9
16
19
14
13
8
15
11
18
15
18
13
14
11
8
15
10
9
16
17
10
17
19
7
9
9
11
16
17
12
14
10
11
14
7
20
11
15
8
14
13
14
19
17
20
12
11
18
16
9
12
11
11
7
20
8
19
20
7
20
19
9
14
14
18
14
11
14
11
10
11
18
8
20
12
17
17
20
15
17
20
15
9
12
14
7
19
15
11
15
16
16
19
17
18
9
10
12
19
13
19
9
17
16
11
10
16
17
14
17
14
9
8
8
15
18
14
15

24 54 69 90 108 130 156 185 207 226 248 265 294 316 332 354 384 413 433 453 468 486 500 528 553 583 600 624 649 676 691 705 735 760 782 801 819 839 859 878 908 931 947 970 993 1008 1027 1046 1074 1098 1127 1144 1168 1192 1207 1235 1256 1284 1303 1319 1336 1354 1378 1394 1408 1430 1444 1460 1478 1495 1511 1526 1552 1577 1604 1631 1654 1672 1687 1709 1732 1748 1776 1790 1810 1832 1858 1874 1891 1915 1933 1963 1981 2008 2028 2043 2061 2081 2095 