350 100 6 
6
18
12
6
18
6
17
15
20
12
17
13
20
8
6
8
12
20
19
16
18
11
11
16
15
9
7
18
19
15
19
16
18
7
20
11
8
11
19
18
13
6
10
12
14
6
12
20
7
18
8
7
9
19
6
10
9
10
15
15
18
14
18
19
18
11
14
20
20
7
10
6
9
16
11
17
12
13
15
6
6
20
9
9
16
14
6
18
7
11
13
17
11
10
7
12
12
8
17
11
6
17
7
19
8
9
14
6
18
8
9
14
18
8
8
9
19
10
6
15
16
14
12
16
10
16
12
7
15
16
17
10
6
18
7
10
13
20
11
6
20
9
14
13
15
15
13
8
14
7
10
12
6
20
15
8
8
16
13
18
11
13
9
11
9
8
16
14
9
20
20
20
11
10
13
10
7
8
20
10
13
18
18
9
9
9
7
8
18
6
6
14
10
10
9
15
11
8
6
14
15
8
15
8
11
19
13
13
18
11
20
16
6
16
18
10
15
9
8
16
17
20
12
19
11
19
16
17
16
6
15
12
17
20
14
7
14
19
10
16
14
20
20
18
10
8
6
14
19
9
16
11
12
10
6
6
8
6
13
12
6
8
13
17
12
7
15
10
10
11
8
7
19
19
9
13
8
18
11
19
6
11
12
10
19
7
15
16
16
11
11
7
10
9
13
16
16
6
10
17
10
7
14
19
8
9
19
10
12
6
18
15
9
9
18
18
13
13
18
15
16
13
18
12
14
18
11
14
12
17
11
17
9
14
15
6
19
20
6
7
12
16
9
20
12
14
13
16
20
7

13 26 54 75 102 115 145 168 184 212 231 256 286 312 341 370 393 418 446 467 481 496 523 548 574 600 625 644 674 687 699 715 744 764 791 803 832 846 871 892 913 927 949 973 1003 1031 1059 1084 1114 1130 1153 1181 1201 1217 1246 1266 1295 1310 1340 1353 1370 1389 1415 1437 1458 1476 1494 1507 1535 1558 1585 1605 1631 1656 1676 1698 1725 1740 1760 1776 1800 1825 1839 1860 1878 1897 1927 1949 1978 1997 2015 2037 2059 2085 2106 2136 2160 2179 2209 