350 20 7 
15
19
8
8
8
9
9
20
14
19
16
14
7
13
20
10
14
14
18
17
15
14
8
11
15
15
16
18
9
12
11
17
7
8
8
9
19
20
20
12
10
7
15
8
19
17
17
14
10
20
13
17
12
18
13
12
13
14
12
13
10
18
17
20
7
9
12
9
15
8
14
18
8
18
16
9
10
12
8
14
11
12
14
7
15
19
7
12
18
12
20
20
13
17
11
14
19
11
19
17
16
13
9
7
12
7
14
9
18
16
13
17
13
15
16
9
12
8
12
12
7
18
11
7
13
12
10
11
19
11
8
10
8
9
18
12
12
13
16
17
13
13
7
7
11
15
15
20
15
16
15
7
14
7
7
15
7
14
10
8
9
13
11
20
20
14
19
9
12
18
11
7
14
7
17
8
15
8
16
7
11
13
15
14
17
7
15
12
15
7
9
16
11
12
8
12
20
9
13
7
18
10
18
7
9
13
20
17
13
14
18
18
18
11
10
20
8
12
20
14
12
7
16
10
14
10
8
18
11
10
18
11
12
13
16
14
10
8
19
15
10
13
12
15
12
16
8
11
9
13
7
13
16
16
13
14
8
9
13
15
8
17
14
11
20
7
7
7
15
20
17
20
20
10
13
7
11
17
14
7
11
12
11
12
19
7
17
20
13
16
18
16
15
11
20
16
20
10
10
14
8
15
13
19
15
19
8
15
19
18
18
7
8
19
15
14
19
15
9
16
19
11
14
13
8
17
13
17
10
14
13
18
15
9
9
11
15
16
18
14
12
7
13
20
13
11
10
9
20
14

17 37 53 78 102 127 157 184 214 229 258 281 308 327 355 371 385 405 429 