200 40 7 
11
18
18
10
11
18
10
20
11
13
12
8
8
12
19
20
12
7
19
19
8
20
9
9
7
16
9
19
9
9
7
15
7
18
12
17
19
8
15
17
13
11
15
13
12
11
14
11
16
15
7
18
9
19
15
13
20
16
19
16
8
8
11
8
13
8
9
18
15
8
7
15
20
9
12
8
10
11
12
10
8
14
14
19
17
7
13
20
14
10
8
20
11
18
19
12
9
12
15
9
17
10
16
16
20
12
15
8
7
9
17
13
11
17
7
17
7
12
13
8
10
15
14
13
17
20
13
18
18
16
10
9
10
7
12
14
18
16
7
9
16
9
15
7
14
13
13
16
20
16
14
10
14
17
11
11
18
12
15
12
9
14
16
8
11
20
8
13
8
12
20
7
18
19
12
19
16
8
10
10
8
8
11
11
13
14
9
16
7
13
8
14
11
10
19
8
12
10
14
19

30 55 72 91 121 149 167 181 204 223 245 270 287 303 321 345 372 401 417 439 468 492 508 530 557 572 594 620 649 674 690 715 738 761 786 807 832 847 871 