350 30 6 
17
7
14
10
15
6
18
14
10
12
15
14
15
15
20
18
16
12
7
14
7
20
17
9
13
9
20
10
16
20
14
18
18
14
6
8
19
15
20
10
6
14
16
6
7
20
14
13
20
14
9
9
16
18
13
14
7
18
17
18
12
14
9
13
20
6
11
9
11
17
10
19
8
20
19
9
6
14
14
13
9
18
12
12
20
10
19
11
18
16
7
15
17
6
14
15
12
14
15
20
6
14
7
19
6
19
18
7
11
18
13
9
8
14
11
7
12
19
7
15
8
6
17
9
10
11
9
14
15
11
18
8
20
10
6
10
18
20
11
16
20
8
7
10
6
11
10
10
13
15
10
12
9
13
17
15
7
8
10
13
10
11
17
16
19
7
17
15
16
13
6
19
15
7
12
19
10
7
12
16
11
17
18
7
11
19
17
6
7
9
20
19
7
17
12
9
7
20
6
10
20
17
18
14
11
18
17
6
7
17
8
19
17
14
11
7
12
7
18
17
8
9
20
13
19
15
7
14
8
14
8
7
14
16
18
6
9
19
7
19
13
18
6
6
9
10
15
11
14
7
16
17
12
7
19
9
18
20
15
18
7
16
19
12
17
15
12
8
8
8
12
18
12
18
6
14
8
20
12
14
11
11
19
13
15
7
7
8
6
18
6
8
17
8
20
15
17
13
17
13
14
19
9
14
12
19
17
12
20
20
14
6
17
6
17
15
15
12
16
16
17
6
9
15
20
10
16
11
20
13
12
12
19
9
19
16
13
18
17
15
11
17
10
12
7
10
11
16
12
14

26 54 83 100 122 138 150 177 205 232 251 273 300 322 346 360 372 392 415 438 451 463 479 498 523 542 570 588 600 