400 100 7 
15
20
17
16
12
14
13
7
18
8
20
17
7
14
10
13
12
8
17
19
9
18
20
11
9
10
18
18
20
17
20
19
16
8
19
19
18
17
14
11
10
15
15
17
9
13
20
18
11
11
19
18
15
15
13
13
14
12
14
7
17
7
17
18
11
18
13
17
11
19
12
20
12
8
11
9
18
9
11
18
18
17
8
7
15
19
9
15
14
17
19
7
19
19
7
15
12
19
13
20
13
8
11
14
11
19
20
13
20
9
19
15
16
9
8
14
8
14
17
11
12
8
12
10
10
7
17
17
18
9
16
10
13
15
19
19
14
9
16
8
12
8
12
7
16
10
20
7
19
20
17
18
8
16
14
12
15
18
19
18
12
10
12
19
7
15
18
14
10
11
12
20
12
15
8
15
8
18
18
19
16
11
7
10
19
19
15
11
11
13
11
8
13
17
20
11
7
8
16
16
16
10
20
13
9
18
17
10
17
15
16
9
19
7
7
8
10
8
10
9
12
12
10
8
14
17
7
18
17
13
11
17
13
12
7
12
11
17
15
18
9
16
18
17
11
12
15
14
8
20
7
20
18
16
19
16
16
7
11
10
9
14
9
13
14
12
9
20
17
17
12
15
9
8
19
15
20
10
20
20
16
7
16
8
14
18
8
20
10
20
9
10
8
10
18
8
11
18
19
13
18
19
12
10
15
20
7
13
19
17
18
11
17
19
17
14
18
8
16
17
15
18
13
7
17
14
17
9
19
15
17
15
9
14
14
17
12
10
19
17
19
18
11
7
18
7
14
11
11
15
19
11
10
15
13
17
9
17
18
20
9
10
19
19
7
20
14
14
9
20
11
14
11
10
19
12
12
8
17
10
16
15
15
10
7
20
8
20
20
7
17
19
12
11
18
7
12
11
10
18

21 48 77 96 113 138 160 174 191 206 226 248 271 288 315 333 353 377 399 414 435 462 484 510 533 559 578 607 630 651 675 694 712 740 763 781 805 834 851 867 886 913 931 952 977 1004 1025 1046 1068 1084 1106 1120 1137 1153 1183 1212 1228 1245 1264 1289 1305 1327 1356 1370 1394 1417 1446 1461 1487 1502 1517 1546 1574 1599 1626 1640 1666 1684 1700 1728 1742 1759 1775 1796 1813 1843 1865 1891 1911 1941 1967 1989 2017 2042 2056 2076 2106 2136 2152 