100 100 7 
11
19
10
10
8
15
10
20
10
10
17
11
16
9
13
15
7
17
17
12
9
19
20
18
16
7
15
19
19
12
17
9
18
13
8
15
17
13
14
17
18
13
16
16
8
7
16
12
11
12
12
14
14
8
17
20
15
9
15
20
7
16
19
12
9
12
19
7
17
10
10
12
19
18
18
18
19
15
16
10
13
17
17
8
20
7
18
17
7
11
10
18
18
18
17
15
19
14
17
18

27 50 79 101 129 152 169 196 211 239 256 276 291 318 347 362 383 404 430 447 472 492 506 521 546 566 589 614 630 644 673 696 722 747 774 793 815 844 866 884 907 928 947 963 983 1010 1030 1059 1074 1093 1110 1134 1156 1177 1205 1221 1236 1257 1279 1300 1327 1354 1378 1396 1417 1447 1461 1475 1496 1517 1534 1550 1578 1600 1620 1636 1662 1681 1703 1728 1752 1780 1807 1824 1838 1867 1895 1915 1941 1971 1992 2019 2043 2057 2085 2105 2121 2138 2163 