200 10 5 
17
13
16
5
5
10
19
15
18
18
10
14
13
11
19
5
13
13
5
20
18
9
15
12
8
10
15
20
13
11
20
11
15
9
6
15
9
11
20
13
16
15
14
10
9
6
5
18
13
19
15
16
15
16
16
13
13
18
5
11
6
13
18
20
12
11
15
15
9
9
14
20
6
19
16
15
10
17
9
10
16
17
17
6
12
8
12
10
15
19
12
16
9
19
6
11
15
8
19
14
13
13
7
9
13
20
7
5
9
19
6
19
13
16
17
15
17
9
13
11
5
7
13
9
13
20
8
8
16
10
9
20
12
14
9
7
12
13
11
20
13
5
6
6
13
7
9
20
20
12
9
7
8
6
14
15
12
8
15
19
8
8
11
8
15
20
11
5
12
19
20
20
15
14
16
10
7
14
15
11
16
8
10
8
15
6
9
10
11
7
5
20
15
11
16
20
13
7
20
10

15 31 52 73 103 116 130 158 175 