350 20 6 
9
12
19
14
20
17
18
12
19
7
8
11
16
7
12
15
13
9
13
9
8
16
12
10
12
8
7
6
17
13
10
17
17
15
6
9
6
11
13
8
11
11
12
12
18
15
12
9
15
20
10
14
10
16
20
10
15
19
10
15
8
19
20
20
8
16
16
10
12
13
20
9
19
16
12
17
19
7
18
18
15
6
18
12
8
11
20
18
20
10
11
9
15
6
15
13
11
13
18
14
18
13
20
19
8
11
12
15
16
10
7
16
6
14
10
10
10
18
18
9
14
10
14
9
15
12
17
7
8
20
6
20
7
11
11
18
20
12
19
20
17
12
14
14
15
15
9
14
19
13
14
20
18
9
11
19
10
10
12
19
8
18
6
12
18
9
14
19
20
9
10
7
10
16
19
18
7
9
7
17
7
17
17
20
18
20
19
12
20
20
14
8
17
12
7
8
20
14
15
20
6
20
18
8
11
8
18
10
7
18
13
13
15
6
16
18
20
10
20
7
19
15
6
8
19
18
18
8
9
19
9
15
20
13
20
16
17
7
8
7
12
13
18
6
14
9
8
17
6
12
12
12
12
14
19
14
14
11
16
16
20
6
16
18
13
14
6
20
7
9
20
17
11
13
13
6
8
12
11
19
11
7
11
10
10
17
19
7
18
6
8
7
13
20
15
11
19
8
9
16
9
11
19
6
6
17
15
12
7
6
11
7
15
12
13
17
7
13
18
12
7
13
20
17
9
20
15
9
16
15
11
8
8
17
16
6
17
13
12
14
9
14
16
17
11
20
7
13
12
15

24 39 52 77 107 119 143 165 190 215 228 253 270 288 311 339 351 376 395 