300 150 7 
13
17
14
20
16
20
20
11
12
12
11
14
13
7
19
10
19
10
15
9
16
16
9
15
12
12
9
9
8
11
17
8
13
20
8
20
17
9
14
20
18
17
9
8
20
16
10
14
11
7
12
7
19
14
8
20
14
16
10
13
13
17
9
15
10
19
19
15
15
11
12
14
11
10
17
9
20
13
7
7
19
20
9
14
17
16
9
7
9
18
16
19
7
8
17
17
10
11
8
8
18
11
14
8
15
7
7
20
7
19
10
17
12
13
12
8
16
16
14
18
9
10
15
9
16
17
14
14
16
12
7
8
17
15
16
14
17
8
20
16
8
14
7
9
17
20
13
12
10
13
20
11
15
18
16
20
19
12
20
14
7
13
9
13
18
14
7
15
16
13
14
16
17
15
10
16
16
12
19
9
20
7
15
16
17
16
16
14
7
8
15
16
7
20
14
20
15
19
20
12
19
10
7
11
9
12
13
19
11
9
10
12
7
12
15
18
11
14
18
16
11
11
17
18
9
16
18
19
15
12
18
20
14
9
12
13
7
16
12
15
12
10
20
20
16
20
11
17
15
8
12
17
15
17
17
15
8
13
18
20
13
19
19
10
20
8
11
9
7
14
20
18
11
18
18
17
9
13
18
19
10
10
20
10
19
20
20
10
12
9
20
12
19
8
13
15
10
19
7
7

16 43 70 91 113 127 151 167 185 199 214 243 267 281 303 333 355 369 387 417 446 466 484 506 536 562 587 616 641 670 699 726 742 766 785 803 825 845 875 894 921 940 967 985 1007 1021 1035 1051 1065 1084 1111 1126 1142 1165 1194 1215 1233 1258 1284 1305 1334 1354 1370 1394 1424 1444 1468 1493 1523 1552 1570 1592 1610 1631 1646 1671 1697 1711 1731 1757 1771 1801 1828 1856 1877 1906 1923 1941 1970 1985 2010 2027 2052 2076 2092 2111 2140 2163 2178 2208 2238 2256 2270 2298 2328 2343 2372 2396 2419 2434 2462 2484 2506 2532 2562 2580 2600 2626 2647 2664 2682 2696 2725 2752 2778 2806 2826 2840 2867 2897 2911 2938 2954 2973 2999 3014 3040 3057 3079 3097 3120 3145 3166 3193 3217 3242 3259 3280 3298 