300 30 7 
16
16
12
19
14
11
20
15
18
8
14
19
18
9
17
13
17
19
19
12
10
14
16
7
20
9
15
11
9
15
17
20
12
8
10
15
14
14
20
14
20
17
12
15
19
11
15
19
17
7
8
12
20
15
7
17
17
15
14
13
19
16
19
8
16
13
7
20
16
17
13
13
14
17
18
10
14
9
16
11
11
8
12
19
13
8
20
19
18
14
8
11
7
7
11
8
10
18
10
10
7
7
10
20
13
19
14
19
15
9
20
9
11
11
12
18
12
8
8
7
18
9
17
18
7
19
9
8
19
14
13
17
19
8
12
19
19
11
11
8
20
16
17
18
8
19
12
7
13
11
18
11
12
15
7
11
19
15
11
13
18
18
18
15
8
8
11
10
16
17
12
8
19
14
18
20
13
16
17
18
16
11
12
17
10
17
18
20
13
10
9
9
20
13
8
8
13
18
13
13
19
12
15
17
11
15
16
7
12
7
18
13
14
13
20
8
10
10
14
11
12
14
13
16
15
13
16
16
12
16
19
16
17
17
20
11
11
8
7
13
13
17
7
16
14
16
20
10
8
16
9
8
17
13
11
14
16
17
11
13
11
7
8
18
12
8
14
11
12
14
10
14
14
19
15
19
16
8
7
8
19
18
7
17
14
18
11
17
12
9
16
19
7
10
10
19
16
19
20
13

21 39 67 81 98 120 138 160 177 203 218 236 266 293 313 333 347 373 399 422 446 471 495 521 539 558 577 604 623 