400 150 5 
10
6
6
12
11
6
13
16
20
15
8
15
15
19
12
15
15
9
9
13
6
11
15
10
8
13
18
7
15
16
16
12
17
5
17
15
15
5
17
19
15
17
11
15
12
6
6
17
12
19
20
18
19
14
8
12
7
19
8
10
19
14
20
14
15
12
6
8
16
13
10
6
12
13
16
7
17
19
15
5
6
9
12
18
18
13
11
17
12
7
5
9
18
12
12
5
14
18
11
16
6
6
17
16
19
10
15
15
20
19
15
18
20
18
8
19
9
17
16
18
15
16
17
12
20
16
15
10
5
17
8
14
9
7
13
9
12
18
17
16
15
14
15
16
14
7
17
15
18
17
14
6
8
8
19
12
17
20
6
20
11
15
7
10
17
9
7
9
15
11
13
17
9
11
7
7
11
16
14
14
19
7
14
5
15
5
20
16
17
14
8
11
10
5
13
12
6
20
7
9
20
14
12
10
9
20
14
16
5
5
8
6
6
9
7
7
12
16
11
17
13
6
14
8
9
11
5
13
16
16
20
16
19
19
6
20
9
15
13
18
19
14
7
17
18
17
18
5
7
17
17
5
11
6
16
18
16
8
20
20
8
5
7
6
20
18
18
6
16
5
11
6
13
18
18
6
15
5
7
6
8
16
14
6
20
5
5
17
7
5
5
9
20
10
7
20
16
19
9
8
6
14
17
19
11
11
18
14
5
13
13
18
8
20
9
12
17
10
6
13
6
11
14
5
13
8
13
17
13
13
18
18
19
18
7
17
5
15
14
16
12
19
12
18
13
7
11
13
8
14
10
15
6
16
7
15
12
7
16
6
5
9
6
13
15
8
20
8
20
7
15
20
12
14
13
13
17
15
11
19
19
9
10
14
13
12
9
15
8
15
9
9
14
15
13
16
18
9
16
17

27 50 74 98 114 136 146 166 191 207 231 242 257 274 285 305 327 349 368 379 408 418 439 453 480 510 538 554 578 593 603 633 646 660 671 691 702 723 746 772 799 811 834 855 866 880 892 916 930 958 984 1010 1020 1040 1067 1093 1118 1146 1176 1190 1211 1235 1261 1281 1302 1325 1345 1361 1389 1409 1421 1431 1450 1469 1490 1502 1521 1545 1561 1590 1614 1638 1664 1674 1697 1727 1747 1757 1772 1794 1820 1846 1867 1892 1909 1934 1964 1977 1991 2018 2046 2065 2085 2108 2120 2141 2161 2174 2195 2217 2227 2241 2264 2274 2289 2312 2331 2349 2367 2391 2418 2438 2455 2465 2479 2504 2533 2560 2580 2603 2620 2643 2672 2688 2704 2718 2747 2761 2783 2799 2810 2837 2864 2880 2905 2923 2952 2975 2986 