300 10 7 
7
18
19
15
15
18
20
9
8
8
8
8
18
7
17
12
17
17
8
7
19
18
15
18
19
17
13
10
15
7
19
7
13
11
9
13
12
17
13
15
14
8
15
8
18
14
16
16
18
20
7
16
15
18
8
10
8
8
10
17
14
10
12
17
16
17
9
9
15
12
10
18
12
10
9
18
14
13
14
18
14
14
10
9
20
11
12
14
7
7
8
10
14
8
15
10
16
11
17
7
15
8
16
19
16
7
10
16
12
11
20
10
12
10
18
13
10
10
16
12
16
8
7
7
9
12
13
20
16
16
12
16
11
10
19
14
15
19
12
13
20
13
19
16
20
7
12
8
8
13
20
8
14
7
20
11
12
20
15
18
11
17
15
11
18
13
15
17
17
7
12
11
9
18
15
14
13
7
20
15
12
9
9
8
20
14
14
15
11
11
7
10
7
7
12
18
20
18
15
14
8
15
11
16
15
19
14
7
15
11
20
18
14
9
12
8
15
10
17
13
16
14
11
11
12
9
13
12
14
18
16
11
9
11
16
18
13
12
13
7
12
11
15
18
17
18
9
14
19
16
8
18
14
18
15
19
18
12
15
11
12
18
11
15
12
20
15
15
11
8
11
12
13
7
12
10
19
17
19
8
18
17
13
9
13
16
11
14
17
11
15
11
10
16
20
18
9
7
16
19

14 36 66 80 99 128 150 179 193 