30 150 5 
6
18
9
17
12
7
20
15
10
5
19
7
14
16
9
7
18
14
17
6
12
11
10
12
5
11
5
5
13
17

11 40 50 72 83 105 118 133 158 172 198 220 241 265 286 303 325 337 348 366 388 415 434 444 461 473 492 518 545 571 588 612 637 655 670 682 696 715 728 752 771 795 823 835 851 877 897 922 932 948 965 977 1004 1017 1047 1063 1076 1090 1102 1119 1129 1151 1179 1192 1221 1234 1259 1282 1303 1329 1339 1356 1377 1401 1421 1434 1461 1472 1496 1511 1540 1562 1589 1608 1638 1668 1688 1716 1726 1739 1768 1798 1824 1841 1860 1870 1889 1912 1929 1957 1976 1996 2011 2028 2046 2061 2077 2094 2115 2133 2151 2164 2179 2197 2212 2227 2244 2265 2292 2310 2338 2359 2382 2412 2439 2450 2464 2475 2498 2512 2536 2566 2587 2613 2624 2634 2664 2689 2700 2725 2752 2769 2799 2828 2844 2857 2873 2889 2899 