200 30 7 
15
16
19
9
9
14
15
19
9
13
9
11
16
16
16
16
7
17
11
16
10
15
15
14
10
9
17
9
9
12
20
18
19
11
12
10
10
15
8
17
14
19
7
20
16
12
18
7
15
18
9
17
8
14
9
7
10
14
18
12
7
12
19
8
18
7
17
16
13
20
18
16
9
9
8
20
20
13
16
19
20
13
12
15
9
20
15
12
18
9
9
15
17
9
20
18
14
15
13
9
7
20
16
14
13
9
10
10
9
9
18
16
20
9
9
19
14
7
20
16
17
20
7
14
13
9
7
10
17
15
12
14
10
7
18
8
10
18
8
13
17
18
14
7
19
15
13
17
10
16
10
19
20
12
10
8
17
12
10
8
18
20
16
10
14
20
18
19
8
13
15
10
11
18
18
11
11
13
15
12
13
11
11
10
11
9
19
10
17
17
12
15
12
16
8
7
12
15
16
9

26 54 69 83 110 130 154 169 193 208 235 261 276 295 320 345 373 399 426 444 466 488 508 524 548 575 605 631 658 