350 50 5 
9
14
20
5
7
18
13
7
11
6
6
15
19
13
16
17
19
12
16
7
11
7
11
8
7
7
19
10
5
15
16
5
12
15
18
10
11
8
5
20
16
16
6
14
10
9
6
6
17
14
13
16
20
13
16
13
19
11
6
14
15
20
8
19
14
18
7
9
20
17
18
20
14
16
8
9
16
10
10
15
18
6
5
6
6
11
15
9
13
8
15
16
11
19
18
10
8
17
12
9
8
6
12
14
13
13
19
6
12
9
5
5
14
13
16
18
7
9
14
19
12
6
6
11
16
5
8
16
16
18
8
18
17
15
10
10
6
14
15
15
6
14
15
14
13
11
8
11
17
15
5
19
8
13
18
20
8
15
15
15
16
14
20
13
5
19
20
16
15
12
5
11
6
17
15
5
6
7
18
9
11
20
13
17
9
20
12
5
10
12
18
15
14
13
8
17
14
12
20
9
18
15
13
19
20
10
13
15
20
10
9
5
12
18
14
6
7
5
12
5
14
19
7
6
20
7
11
6
19
16
16
12
5
15
14
14
8
16
19
6
12
13
19
6
14
15
15
9
10
6
9
13
12
11
6
14
8
20
5
5
12
8
16
17
18
19
17
20
10
12
7
17
7
6
8
20
8
20
8
19
10
16
11
19
12
13
8
15
20
11
16
5
16
12
13
16
16
5
13
13
18
6
17
8
13
14
17
7
18
9
19
11
15
11
11
18
7
17
5
15
15
6
17
14
9
19
15
18
6
11
11
18
8
6
10
20
6
12
6
8
20
5
5
9
18
14
17
15
19
15

10 30 58 71 85 115 144 156 186 208 227 242 265 275 287 299 320 338 355 384 412 431 454 479 506 531 548 561 585 615 632 646 673 683 701 718 729 757 775 792 814 826 845 856 866 895 923 939 957 