350 40 5 
20
9
7
10
16
14
19
10
20
8
6
9
11
20
13
19
19
11
14
18
14
19
17
17
9
11
16
18
12
8
11
20
18
9
14
15
10
17
7
19
12
6
18
16
16
6
8
6
11
10
8
17
11
13
20
13
6
14
15
16
14
20
5
8
7
17
12
18
12
11
10
13
15
7
7
15
16
6
20
6
16
5
12
17
5
16
10
16
16
7
11
9
14
19
5
13
13
10
8
10
16
17
5
18
19
18
12
12
18
15
10
9
8
5
18
10
20
20
11
16
17
14
11
5
5
14
19
9
10
11
11
15
12
13
14
9
18
16
10
16
16
6
17
9
12
18
19
20
16
18
16
7
15
12
8
11
11
13
5
6
7
13
12
9
9
7
16
9
18
8
7
19
16
6
17
12
20
19
6
8
16
18
16
12
19
9
9
5
8
7
5
10
11
8
19
15
14
6
16
12
12
19
13
14
12
5
19
12
7
17
20
12
13
11
19
7
5
12
6
10
20
5
10
15
16
19
9
11
5
19
8
9
7
8
20
7
10
11
14
16
15
19
19
10
15
5
17
16
12
13
7
18
6
14
13
12
12
6
20
20
20
6
15
8
13
16
18
8
18
17
10
15
18
18
13
8
14
10
19
15
18
6
5
5
7
11
5
8
8
10
15
19
20
6
14
17
20
19
17
8
14
15
15
19
9
5
10
16
17
15
16
12
13
12
7
12
15
19
10
13
12
7
15
14
13
11
12
12
5
8
9
14
20
12
6
19
12
5
16
9
18
15
17
15
6
10
6
13
6
15

19 47 66 83 110 121 135 150 178 199 222 237 251 261 286 297 314 340 352 369 382 398 418 448 464 476 498 508 525 552 572 584 604 615 634 653 666 684 709 