20 100 7 
11
13
7
13
16
8
17
19
8
19
17
13
19
17
20
12
9
9
17
19

16 39 66 85 113 137 154 177 200 221 243 263 292 306 328 349 374 393 409 437 456 470 498 515 536 560 588 617 641 665 688 706 731 747 770 800 827 850 876 892 917 943 966 994 1020 1036 1059 1076 1092 1118 1138 1156 1179 1194 1214 1240 1269 1283 1313 1338 1361 1375 1392 1417 1437 1461 1486 1503 1526 1552 1575 1597 1616 1632 1659 1676 1697 1725 1748 1766 1791 1821 1849 1865 1888 1916 1939 1960 1990 2018 2040 2063 2090 2108 2131 2149 2178 2207 2236 