350 30 7 
7
11
14
14
13
12
20
8
18
13
13
17
8
10
15
16
13
10
7
9
7
17
9
19
11
10
7
16
19
10
7
12
8
8
10
10
17
10
12
8
18
8
9
9
14
19
17
10
9
9
7
14
14
16
15
12
17
13
16
15
16
13
15
16
16
10
18
9
15
15
10
10
12
10
9
9
13
8
8
18
11
14
10
18
8
9
13
12
13
7
11
11
19
11
16
19
17
20
14
16
13
11
11
15
18
7
17
8
17
20
9
19
19
10
17
18
7
14
20
18
7
16
18
7
16
20
20
10
8
15
18
7
11
17
8
9
10
15
16
19
18
15
11
19
12
18
14
11
14
16
18
7
17
8
18
15
17
17
10
14
17
8
11
13
9
18
16
12
8
13
15
7
16
19
10
19
18
13
11
17
11
18
16
7
15
18
15
13
12
17
8
13
14
12
18
11
16
11
12
7
14
15
8
8
12
14
14
7
12
14
15
9
11
18
20
14
13
14
20
10
10
12
18
9
13
9
11
11
16
18
16
13
7
19
7
18
16
15
11
8
12
20
19
13
17
18
7
9
20
9
12
12
15
16
18
15
18
19
9
9
19
9
13
9
17
10
19
7
11
18
16
11
11
8
15
14
19
8
8
17
16
19
8
7
17
11
11
12
17
16
16
18
11
14
7
15
9
7
16
17
16
9
11
16
11
18
19
11
8
16
19
14
12
20
19
7
12
8
19
15
8
9
18
7
8
20
9
15
8
15
11
16
11
17
8
14
17
20
14
18
11
15
10
15
15
19
11
9
18
19

16 43 66 86 110 139 155 181 209 232 256 277 293 321 346 375 395 416 443 466 496 521 545 561 587 602 632 659 682 