300 100 5 
14
18
16
20
12
9
18
10
9
11
20
13
6
18
7
11
11
20
12
12
14
18
12
12
18
18
8
6
14
15
13
17
16
15
10
15
17
6
5
19
11
10
10
19
9
6
5
15
13
18
19
17
7
19
20
5
5
15
20
11
6
20
10
10
20
9
16
7
17
5
20
6
16
15
14
16
8
5
19
7
20
17
9
6
15
9
13
12
15
6
17
10
14
7
10
10
17
7
9
19
18
12
8
11
17
18
7
12
11
7
7
10
9
8
8
19
13
12
14
8
8
15
9
12
15
18
5
10
15
17
14
12
14
5
8
9
5
11
15
14
11
20
11
17
19
14
6
18
9
20
16
18
8
18
18
8
16
12
18
18
6
14
7
9
13
6
14
9
20
18
12
15
15
20
5
19
10
13
12
8
11
9
11
18
8
7
5
7
9
12
11
9
15
8
12
19
5
9
16
18
6
15
7
6
16
16
13
9
7
12
18
16
12
19
7
15
15
6
10
17
19
12
6
8
17
6
5
18
16
5
8
13
20
10
8
12
20
14
13
11
17
19
15
15
19
11
12
18
5
7
9
13
5
19
12
6
5
16
9
13
5
18
12
18
5
11
7
9
5
7
12
16
16
10
12
16
8
7
17
18
19
19
10
20
7
9
5
12
18
14
18
13
13
8
20
8
17
11
11
20

27 57 76 104 116 128 149 159 185 214 226 251 263 284 296 311 340 353 369 390 417 434 462 485 509 525 541 556 569 586 610 636 663 684 696 720 733 759 781 809 839 865 883 893 907 923 950 963 983 1006 1021 1039 1051 1063 1089 1115 1129 1155 1165 1190 1207 1225 1254 1272 1287 1317 1338 1355 1372 1382 1404 1429 1458 1474 1484 1495 1522 1534 1555 1565 1579 1608 1621 1647 1661 1684 1708 1731 1745 1775 1803 1819 1833 1848 1862 1878 1905 1927 1942 