200 20 7 
19
14
15
16
20
20
7
20
20
13
18
19
14
9
7
19
14
16
9
14
13
9
20
11
10
12
16
8
15
15
10
19
10
8
10
19
12
11
15
10
8
19
13
8
7
11
13
18
9
10
9
9
11
12
12
8
7
13
10
8
12
17
16
14
12
9
18
19
14
19
9
13
8
8
11
13
17
18
15
14
20
12
16
15
13
15
11
11
18
14
15
16
17
8
13
13
12
9
11
7
11
7
17
17
18
12
14
12
18
14
13
9
17
19
16
10
16
11
11
13
18
12
9
14
15
9
11
19
11
17
11
20
8
20
20
10
19
16
17
18
13
13
11
14
11
15
9
20
20
11
12
12
14
14
13
7
19
12
18
8
20
12
17
14
18
9
15
15
19
11
11
9
17
9
10
18
12
19
17
19
18
19
9
14
19
18
16
12
12
17
16
17
16
12
12
7
14
18
16
19

17 33 59 80 101 115 136 165 193 220 244 259 287 305 324 354 374 395 422 