300 150 5 
9
13
9
18
12
13
14
14
9
7
12
15
18
5
19
7
18
10
12
11
14
18
14
18
13
10
5
14
10
19
16
14
7
19
9
18
19
13
11
17
15
18
15
8
14
8
7
20
12
10
15
18
17
16
17
20
5
16
8
7
6
5
7
19
7
15
10
19
12
11
13
5
19
5
12
20
5
11
11
20
14
19
7
13
8
16
12
12
15
17
9
6
17
11
17
15
20
8
19
11
12
16
12
18
13
7
11
9
14
6
6
14
15
14
11
20
12
11
9
16
18
6
16
19
18
13
6
10
20
7
12
18
13
18
16
16
20
16
20
16
18
18
15
11
8
19
19
15
5
8
15
10
7
5
5
6
18
20
14
12
15
19
13
18
7
11
18
6
17
8
16
16
8
6
16
19
16
8
7
5
10
15
6
16
6
9
17
7
8
7
18
12
15
20
14
17
18
19
8
14
11
8
5
19
8
10
16
14
16
7
15
15
20
8
6
10
6
7
10
13
13
15
8
19
9
18
7
8
5
16
12
14
11
7
12
15
12
6
7
20
15
7
19
5
10
12
7
18
15
9
9
18
9
18
10
9
7
6
16
15
8
12
20
15
8
13
14
14
10
19
13
13
6
16
11
15
5
18
17
15
11
6
7
12
19
10
14
6
17
7
18
14
20
15
10
9
11
19
17
6

23 37 53 69 79 100 114 142 164 180 206 221 234 259 269 288 310 340 360 387 409 435 455 472 492 515 532 557 568 594 609 619 647 665 683 700 712 741 755 778 792 820 846 862 874 892 915 940 953 981 1005 1023 1045 1062 1082 1094 1116 1140 1162 1179 1205 1223 1241 1259 1283 1307 1325 1338 1357 1380 1400 1410 1425 1436 1453 1471 1482 1511 1533 1548 1567 1588 1611 1635 1654 1684 1698 1714 1735 1747 1771 1789 1810 1825 1850 1862 1885 1911 1929 1950 1962 1991 2013 2038 2055 2081 2091 2120 2142 2162 2177 2192 2207 2230 2248 2260 2278 2297 2312 2333 2359 2387 2411 2428 2438 2455 2479 2495 2507 2531 2549 2567 2580 2596 2626 2652 2672 2700 2728 2738 2756 2771 2786 2803 2819 2840 2853 2864 2877 