30 100 5 
6
16
17
17
20
5
18
12
16
15
15
7
11
7
9
12
9
20
16
19
18
11
15
7
9
8
6
6
11
14

14 28 51 71 84 100 118 147 161 176 201 215 242 254 275 298 328 353 374 399 416 444 467 480 491 521 545 559 573 598 628 643 657 670 684 707 721 738 756 786 810 838 862 879 898 912 933 947 966 992 1018 1046 1067 1077 1104 1119 1147 1175 1199 1212 1234 1244 1258 1274 1295 1312 1339 1365 1390 1400 1426 1454 1478 1499 1520 1537 1560 1589 1611 1631 1661 1673 1689 1709 1719 1746 1760 1789 1799 1816 1827 1848 1866 1878 1899 1921 1940 1966 1995 