350 20 7 
9
15
17
8
16
10
11
14
19
10
8
15
10
19
11
20
7
10
9
7
12
14
19
15
11
11
17
14
15
10
18
13
17
13
10
17
18
17
8
9
8
18
8
13
13
20
18
19
14
12
13
13
12
13
15
18
7
14
9
13
16
12
11
19
10
14
20
19
18
13
11
17
10
12
15
20
13
16
15
17
20
20
10
7
17
20
11
10
10
15
17
9
14
13
14
12
9
9
7
19
7
10
16
8
16
13
10
7
14
8
15
18
11
16
8
13
7
11
7
18
10
14
9
18
14
15
14
15
18
19
12
16
20
10
17
14
11
15
13
17
13
15
10
18
8
14
15
11
14
13
15
11
20
14
14
7
16
9
13
13
12
16
9
9
16
16
16
13
7
9
14
12
11
17
13
13
18
7
15
16
19
9
15
10
15
14
10
18
19
14
10
9
14
18
16
19
16
9
13
7
17
17
17
10
10
19
19
11
11
10
10
7
8
7
13
18
8
13
15
13
14
16
10
15
10
13
9
17
17
14
12
10
9
14
14
9
20
8
12
15
8
10
8
17
20
15
18
10
8
18
15
9
12
8
14
19
20
13
8
12
8
7
20
20
17
8
11
18
20
18
16
10
13
12
9
12
11
9
14
17
7
17
13
16
20
19
15
16
20
8
16
19
19
18
13
9
16
12
18
7
12
12
8
12
18
10
15
10
13
9
10
16
20
20
11
16
19
17
11
16
18
7
11
19
13
11
13
9
11
9
10
10
11
17
12
19
20
12
15
14
18
17
13
17
9
10
18
16
14
7

24 39 56 78 96 113 137 163 193 207 237 257 278 305 320 341 367 393 423 