200 150 5 
10
8
13
17
12
11
13
9
8
5
8
15
6
11
16
10
12
15
12
5
13
8
13
13
16
16
18
8
20
13
10
8
16
18
9
15
15
6
12
5
11
5
16
8
9
6
15
20
7
13
13
19
17
18
18
7
9
18
9
6
8
20
9
20
16
14
17
7
5
8
9
7
12
17
6
5
17
18
15
14
15
16
14
15
12
6
9
11
19
18
18
11
6
14
11
6
19
18
14
17
6
8
12
8
16
16
20
13
7
6
6
16
14
16
8
17
6
12
10
18
20
10
5
16
5
5
9
19
16
8
7
20
11
14
12
15
17
11
16
9
18
9
13
20
11
6
20
16
7
12
12
20
6
16
12
13
14
16
11
6
15
6
6
9
11
18
18
5
6
8
19
17
10
5
12
15
14
8
8
20
8
14
8
8
17
14
13
9
8
7
9
5
9
6
17
7
15
12
6
17

13 23 53 80 97 112 122 137 167 195 206 234 256 269 282 296 312 335 352 371 381 403 424 436 447 468 498 521 549 561 571 596 624 650 660 681 704 734 754 780 803 815 833 853 877 887 908 922 947 964 992 1018 1039 1057 1086 1100 1120 1146 1163 1190 1215 1242 1262 1281 1297 1314 1336 1358 1373 1400 1426 1438 1456 1467 1495 1507 1524 1537 1555 1566 1594 1613 1630 1643 1653 1666 1686 1711 1737 1748 1770 1785 1811 1822 1849 1864 1875 1885 1901 1914 1931 1948 1972 2001 2018 2031 2056 2082 2100 2113 2143 2163 2179 2200 2218 2248 2278 2288 2316 2339 2353 2363 2392 2417 2447 2477 2504 2515 2536 2556 2585 2603 2617 2638 2650 2673 2702 2720 2743 2754 2766 2777 2799 2812 2830 2843 2863 2874 2886 