100 100 5 
6
16
17
17
6
11
14
6
8
19
15
5
16
7
8
8
19
13
10
7
7
18
12
13
8
16
14
15
12
5
11
11
9
18
13
13
5
16
5
8
15
10
10
19
12
7
17
17
20
6
15
6
14
16
12
6
9
8
8
16
13
6
18
12
17
20
6
17
14
8
6
10
20
20
13
10
12
10
16
13
13
20
6
16
19
19
9
20
13
6
13
15
6
14
17
20
6
15
20
20

24 37 64 78 98 126 148 162 174 186 200 226 246 271 297 314 334 349 368 395 424 451 470 500 517 535 549 568 592 618 634 653 681 695 711 737 752 777 794 811 835 855 869 889 914 933 961 974 988 1015 1025 1047 1069 1087 1106 1130 1154 1165 1193 1223 1238 1262 1287 1302 1312 1335 1351 1368 1383 1396 1423 1444 1460 1473 1492 1517 1528 1549 1578 1607 1622 1652 1673 1686 1702 1719 1735 1747 1769 1792 1816 1828 1843 1861 1872 1893 1922 1952 1982 