350 50 7 
10
11
14
11
20
11
18
10
18
18
7
10
12
15
20
15
10
18
8
12
12
8
11
16
10
15
8
17
10
18
8
9
15
19
18
18
11
8
17
11
9
16
16
15
18
17
14
13
8
16
12
12
16
14
11
20
14
8
14
12
17
11
18
18
18
20
17
13
20
17
13
13
9
15
10
10
7
11
8
11
10
19
18
8
7
18
11
16
17
12
15
19
7
15
7
17
9
8
12
9
17
10
16
20
12
13
19
17
10
12
11
9
17
16
11
13
8
12
7
10
12
18
11
13
18
20
10
20
19
9
14
19
16
7
7
10
13
14
16
13
20
8
8
13
10
11
15
8
8
15
11
11
11
16
18
7
9
14
19
7
17
7
10
19
16
10
17
15
9
10
17
13
19
7
15
18
7
14
14
14
15
11
19
7
13
14
8
17
7
9
16
13
8
12
19
16
11
18
18
17
16
19
14
16
12
11
16
13
11
18
13
10
18
11
12
7
17
7
16
8
20
15
15
14
7
16
15
13
9
17
20
19
13
19
20
7
18
16
10
19
9
16
13
9
12
18
13
20
9
8
20
14
8
8
9
7
14
15
20
13
17
14
12
13
13
17
20
11
7
17
9
15
17
18
11
20
16
18
19
17
20
11
12
15
10
7
11
15
17
8
13
9
8
12
18
20
8
17
14
15
8
15
11
19
19
19
17
19
18
9
19
11
8
13
9
16
16
7
16
9
11
7
18
8
16
9
14
7
9
18
18
15
16
10
19
11
8
19
13
17
20
7
10
18
16
14
17
10
10
10

25 52 70 97 115 132 149 169 187 213 236 264 279 309 339 365 386 407 431 452 469 495 512 538 566 595 619 647 662 677 706 734 755 781 803 822 848 864 891 908 931 957 977 1001 1031 1045 1065 1085 1101 