300 30 5 
14
17
20
6
17
12
5
15
12
6
9
15
12
20
16
17
16
14
6
5
7
17
18
18
11
5
14
13
14
14
8
11
19
6
8
19
17
11
19
7
19
20
15
20
20
10
9
8
9
5
19
20
15
5
18
19
7
18
7
10
15
6
12
15
20
9
17
14
20
13
7
10
8
11
14
18
18
13
10
5
19
14
11
6
16
15
13
19
6
12
12
18
11
14
12
13
7
18
9
17
20
10
10
17
18
18
12
16
14
5
12
15
19
17
20
19
17
9
10
10
13
10
5
16
10
16
18
13
7
9
6
18
8
10
5
20
9
17
18
7
16
11
7
14
19
6
7
18
10
10
19
18
6
20
10
10
18
19
20
7
9
6
17
9
8
5
13
10
6
16
7
14
17
5
19
11
10
6
12
12
20
9
14
16
8
18
19
8
13
14
12
17
7
17
18
15
13
19
13
11
15
7
5
14
8
12
7
14
16
7
11
8
6
16
20
15
12
12
7
19
18
11
16
6
8
19
17
11
14
13
11
16
15
14
18
14
13
8
13
14
14
18
12
14
8
6
13
5
9
10
15
19
10
17
8
12
20
18
5
6
20
9
17
17
11
13
8
7
9
18
11
20
11
15
6
8
18
19
16
10
7
20
20
15
12
8
14
12
20
7
7
8
5
17
5
5
13
12
13
17

16 36 49 66 93 113 127 138 161 188 201 225 252 270 296 306 324 351 374 390 419 434 452 469 479 493 523 548 577 