350 100 6 
19
11
18
10
19
9
11
12
7
19
7
16
10
18
11
20
13
16
13
10
20
20
11
15
17
15
16
20
11
20
9
12
8
14
8
12
17
7
11
9
13
9
20
15
19
16
9
7
20
6
6
17
18
12
9
8
19
14
17
10
8
20
17
12
12
6
16
9
17
6
6
9
12
15
9
16
20
11
13
14
9
18
18
8
20
7
20
8
20
12
8
7
14
7
16
6
7
6
20
20
7
11
9
16
6
6
14
19
8
6
6
18
10
20
12
10
12
10
15
14
18
7
6
7
6
16
8
8
15
12
6
8
19
13
7
18
13
12
12
7
19
8
13
6
19
17
19
8
16
15
12
6
19
19
15
12
9
20
16
12
13
7
20
20
7
10
13
12
8
13
8
13
10
13
9
6
7
13
10
7
10
13
9
17
8
7
15
16
9
14
12
14
20
13
15
6
19
17
19
20
13
10
17
7
7
8
16
16
10
17
6
10
12
14
17
13
7
14
7
17
19
20
9
6
6
11
6
11
18
8
14
18
18
11
13
6
6
20
15
16
9
11
11
17
18
17
18
19
12
16
15
20
19
18
9
8
9
11
19
11
19
7
19
11
18
18
16
14
6
19
12
10
6
8
9
15
9
18
19
20
10
9
9
13
7
15
9
12
8
8
8
18
9
18
15
17
20
12
6
14
12
11
18
15
13
10
12
7
14
8
17
7
14
15
19
13
8
15
14
19
12
20
14
13
19
6
6
8
15
7
18
14
10
20
6
6
19
6
8
15
10
13
19
7
13
10
20
10
12
8

14 42 56 72 87 107 127 145 161 190 211 226 249 273 295 308 324 353 382 401 416 429 445 457 482 496 508 520 532 557 572 590 617 633 651 673 688 704 716 728 741 766 794 807 825 846 874 898 918 933 955 974 1002 1030 1047 1076 1095 1110 1127 1147 1175 1196 1225 1254 1272 1292 1307 1335 1355 1377 1399 1412 1428 1443 1461 1481 1499 1524 1540 1560 1589 1609 1632 1648 1678 1698 1720 1736 1749 1768 1788 1818 1834 1850 1866 1879 1901 1914 1927 