200 20 7 
13
20
11
7
7
8
20
20
20
20
15
14
17
7
16
10
16
9
7
16
13
12
13
8
9
17
14
13
13
13
14
11
10
12
9
10
15
14
18
10
14
17
13
14
11
8
16
16
11
11
12
19
17
9
19
18
19
18
13
14
13
15
7
17
12
17
17
12
12
14
10
9
11
19
7
19
15
14
12
15
7
10
10
9
15
8
18
8
18
17
18
18
10
15
19
8
8
11
19
9
15
8
20
13
8
11
19
8
20
13
16
20
15
18
14
20
15
13
8
13
18
16
19
9
10
20
14
10
9
18
7
18
19
18
16
12
8
9
16
10
20
7
16
12
8
13
17
16
16
16
18
14
10
10
9
14
19
17
15
8
19
8
19
11
18
9
7
9
11
12
20
9
10
12
9
14
11
15
11
13
15
14
16
20
13
15
7
10
10
10
17
10
9
20
10
17
18
11
16
8

18 47 72 95 124 144 165 193 223 245 262 284 304 322 338 356 380 407 437 