400 10 7 
13
10
8
15
12
9
12
12
15
7
17
12
10
9
7
10
11
11
13
14
19
10
17
13
9
8
7
10
12
7
12
12
7
8
11
13
20
7
9
12
11
15
11
12
15
17
17
7
16
17
10
17
16
10
9
7
9
12
13
16
13
20
17
8
18
16
11
13
17
12
7
15
13
10
13
7
10
10
12
11
17
12
11
8
11
10
8
19
13
8
10
10
19
19
17
19
11
13
16
20
20
18
8
16
8
19
15
7
18
14
13
20
19
20
12
13
9
19
20
7
18
9
18
10
19
7
17
15
7
19
20
10
20
18
14
10
7
17
14
7
17
14
18
8
16
13
7
13
7
7
19
9
18
13
11
7
7
18
16
16
12
9
20
13
18
7
19
16
9
8
13
11
17
15
20
13
20
8
14
17
9
15
11
14
20
9
18
15
8
19
14
15
7
20
8
17
15
9
13
11
7
16
12
17
11
17
9
13
10
10
12
14
16
14
13
11
20
11
13
9
13
15
19
10
16
14
17
17
8
12
13
20
12
17
8
14
19
9
13
11
19
18
11
12
19
20
8
13
12
10
11
14
11
16
11
17
12
18
14
15
17
9
13
13
14
15
7
14
8
14
19
18
17
12
7
19
11
20
16
7
16
7
15
7
11
19
12
10
15
8
15
9
9
20
11
12
12
11
13
18
11
20
16
18
9
13
18
12
9
16
14
16
18
10
11
16
13
7
19
8
16
7
10
14
13
15
15
15
15
18
12
18
11
14
8
17
13
17
10
15
9
9
20
7
19
16
11
7
20
18
15
14
18
16
9
16
14
18
17
13
20
18
10
16
19
13
12
18
12
7
9
16
10
14
20
17
8
14
8
12
17
12
20
12
9
15
8
10
13
16
19
11
18
20
13
19
14
17
18
9

28 43 58 85 100 119 145 169 185 