400 150 6 
11
7
13
16
11
9
12
19
7
7
18
8
17
11
15
10
20
12
10
20
8
12
18
11
14
13
10
20
10
8
10
9
8
12
18
17
17
15
8
18
9
14
9
14
16
11
18
16
15
6
10
15
6
9
19
14
20
16
13
8
11
14
7
10
7
8
20
8
10
20
10
19
10
17
20
8
17
9
20
9
13
12
6
8
13
7
10
8
15
9
17
9
13
11
7
10
6
13
20
6
19
14
12
17
9
7
18
11
12
7
10
9
15
17
14
19
10
13
18
8
13
14
6
8
17
10
9
20
19
6
6
16
20
14
19
6
8
7
7
15
12
6
20
17
6
10
10
19
13
18
18
11
11
12
17
10
15
9
7
13
14
6
13
13
18
15
8
19
7
16
11
11
9
15
14
16
11
16
18
12
19
11
11
18
11
11
17
11
10
12
12
12
7
17
18
19
20
9
18
17
15
19
15
14
7
12
13
20
6
9
19
11
6
14
14
9
16
11
9
9
20
9
16
13
10
13
9
18
11
8
8
19
10
20
10
7
12
11
15
12
10
11
14
9
17
8
11
7
14
12
10
18
7
17
11
10
10
6
10
14
20
8
6
11
18
17
8
17
16
11
10
10
7
17
14
12
15
17
7
11
10
12
19
10
14
9
16
19
12
19
7
15
8
18
6
16
15
6
20
15
10
10
11
14
8
18
11
8
7
16
12
9
6
17
20
7
19
7
19
12
19
10
6
11
14
12
16
19
7
15
16
14
15
6
8
20
8
8
9
11
15
13
20
8
7
18
10
7
17
14
13
10
6
8
19
20
14
7
19
11
7
14
12
10
15
18
11
18
16
20
20
15
10
18
17
15
9
9
12
18
20
15
15
7
13
8
19
20
10
17
8
9
14
14
19
12
10
12
19
12

15 33 55 83 111 132 144 173 191 211 238 259 282 297 320 332 355 378 398 417 440 454 483 513 541 557 577 596 618 648 671 683 699 726 743 759 773 789 810 835 860 876 901 916 938 956 979 996 1012 1031 1047 1073 1091 1110 1129 1149 1175 1197 1217 1243 1257 1271 1288 1316 1331 1353 1380 1392 1418 1448 1477 1498 1520 1535 1555 1570 1591 1615 1638 1655 1668 1684 1700 1724 1743 1755 1775 1801 1825 1852 1875 1889 1907 1930 1960 1972 2001 2018 2031 2043 2063 2089 2111 2124 2150 2167 2182 2212 2231 2245 2271 2296 2315 2339 2364 2386 2415 2441 2468 2485 2497 2516 2532 2546 2563 2577 2591 2618 2634 2655 2678 2697 2720 2740 2753 2771 2801 2827 2855 2877 2896 2917 2942 2971 2987 3017 3036 3062 3088 