350 40 5 
15
13
8
20
5
20
6
16
16
8
7
10
18
7
14
20
19
5
20
7
10
11
8
5
17
18
20
16
20
16
18
10
10
18
15
12
8
11
15
11
18
12
17
7
19
5
20
6
14
10
10
17
6
9
12
13
11
11
14
13
6
9
5
6
8
18
6
19
14
10
17
10
7
20
13
14
8
20
5
6
16
14
20
15
8
19
13
13
14
13
15
8
18
8
7
20
15
20
6
17
14
8
20
5
8
10
20
6
11
12
10
13
15
9
11
7
9
16
20
14
16
16
14
7
14
5
16
13
8
17
5
14
18
14
16
20
13
19
13
7
19
6
10
17
20
18
6
19
17
9
8
6
9
11
19
20
19
7
9
7
11
16
14
18
16
20
14
15
14
10
17
9
7
10
13
12
7
18
13
9
8
5
18
14
19
6
7
5
8
6
9
12
16
10
6
5
17
17
5
15
18
5
7
5
16
15
12
20
16
16
9
19
5
13
8
14
20
10
17
20
7
11
8
19
15
7
7
15
13
14
13
10
19
12
7
17
6
14
14
19
6
5
17
8
18
9
20
15
6
15
9
8
6
14
15
19
15
14
8
9
12
18
15
10
7
8
9
6
16
15
11
16
19
8
13
15
5
16
14
7
15
12
8
9
14
6
5
6
10
8
17
9
5
6
18
5
7
17
6
12
8
9
12
19
13
18
6
18
7
10
12
16
8
10
5
14
7
12
18
19
6
12
11
8
18
17
14
5
10
14
5
12
20
20
8
19
13
11
19
8
16
16
8
17
8
17
8
17
9
7

15 37 53 76 87 116 132 145 158 172 184 196 225 243 254 276 288 308 319 333 362 381 405 431 451 470 484 508 520 544 559 575 592 618 642 658 677 688 714 