350 30 6 
10
11
6
16
6
13
17
13
7
18
15
8
13
7
8
18
7
17
12
6
17
9
7
15
14
12
18
18
12
18
12
14
12
8
13
15
16
14
10
18
6
11
17
13
6
8
7
8
11
14
20
12
17
17
14
16
7
7
14
20
15
7
16
16
17
20
12
19
10
7
8
14
6
11
14
20
11
16
12
13
8
15
13
9
18
9
6
14
12
7
14
10
6
16
18
13
13
17
15
8
14
15
16
18
16
7
17
10
20
15
16
10
10
10
17
8
14
6
10
20
15
10
9
17
13
13
12
20
12
12
7
20
13
6
13
7
19
19
8
11
17
13
7
11
19
11
18
9
15
14
14
15
13
19
14
7
8
12
12
16
19
9
19
17
15
6
16
13
6
15
14
17
10
17
14
13
17
16
15
7
20
15
8
11
9
19
6
15
8
10
17
6
20
7
13
17
20
13
9
17
15
13
19
13
19
13
10
16
8
17
7
6
10
8
14
7
19
10
12
9
16
14
18
12
14
20
10
17
7
14
10
15
15
19
20
13
15
16
8
8
17
20
8
10
7
7
6
9
10
11
17
9
12
7
14
12
18
8
17
9
12
7
8
17
18
16
10
7
11
14
10
15
11
15
9
7
12
13
20
8
14
7
8
9
11
19
15
19
19
8
14
10
15
12
11
7
16
9
18
13
13
20
20
6
18
10
7
20
11
14
7
6
18
8
12
17
10
19
11
13
17
19
8
16
15
12
8
15
18
20
7
9
20
7
6
13
14
19
13
10
7
6
16
20
17
8
17
16
18
7

29 48 64 82 103 125 148 160 174 199 223 248 275 301 324 348 363 384 409 432 451 479 502 531 552 575 604 629 654 