350 20 5 
6
16
16
6
7
8
5
16
10
13
15
20
19
15
17
12
7
18
12
16
12
19
8
11
14
15
19
18
19
17
8
19
17
10
19
10
14
6
20
10
8
12
18
10
7
6
19
13
16
19
9
7
11
9
15
13
7
14
20
12
12
9
7
12
17
5
20
6
15
6
13
20
6
14
13
9
15
18
9
17
17
9
8
9
8
5
5
18
19
5
18
18
12
9
14
12
14
8
10
17
18
15
9
7
10
11
7
9
18
9
12
15
20
11
16
15
11
14
17
20
10
10
18
14
13
10
7
10
16
12
14
20
15
11
16
10
14
11
9
18
10
20
19
15
15
19
10
16
12
13
12
10
20
6
15
7
6
18
7
15
15
9
8
6
14
16
9
5
9
5
10
13
14
11
7
10
12
7
13
5
19
10
13
12
9
17
15
6
15
9
8
17
19
7
15
15
7
7
13
17
18
18
19
18
6
6
16
7
18
17
18
20
8
13
13
19
17
19
10
18
16
9
18
10
5
13
12
7
19
7
19
5
19
10
11
7
10
12
5
14
9
7
17
8
20
14
19
6
5
19
10
19
17
8
13
18
11
5
6
7
8
10
19
9
19
5
11
6
18
6
15
7
9
17
17
6
13
20
8
14
11
10
20
17
10
15
16
15
15
5
6
6
15
6
7
5
10
11
10
6
6
12
5
11
10
9
10
8
12
9
20
17
13
16
18
5
19
6
19
11
7
6
19
12
17
5
5
18
16
20
17
15
14
6
16
17
20
6
6
5
10
19
14
9
17
13
12
6
5
5

27 45 68 98 114 140 150 168 183 195 206 230 248 278 292 314 324 347 370 