30 100 6 
8
8
10
19
20
14
14
18
12
6
20
14
12
9
11
7
20
10
10
19
16
20
20
15
11
15
6
8
8
15

28 51 68 84 114 131 159 180 193 223 235 263 275 294 323 340 368 394 413 439 457 486 514 544 560 582 605 631 657 687 701 726 755 770 798 828 840 863 885 900 927 952 967 987 1002 1025 1043 1072 1090 1103 1127 1151 1170 1195 1208 1237 1265 1279 1308 1320 1340 1353 1382 1405 1421 1443 1458 1483 1498 1525 1542 1556 1574 1587 1609 1638 1652 1679 1703 1731 1743 1766 1796 1826 1848 1870 1895 1912 1938 1964 1991 2019 2041 2068 2092 2115 2142 2171 2201 