10 150 6 
10
19
13
14
12
6
10
8
15
16

24 43 72 95 109 121 142 166 188 211 230 257 287 310 323 343 364 379 396 420 448 475 493 506 526 550 578 600 628 652 664 682 697 716 746 768 790 816 833 851 876 905 929 952 977 1001 1016 1030 1048 1064 1094 1107 1132 1153 1181 1204 1225 1244 1266 1293 1319 1341 1357 1379 1391 1403 1424 1444 1467 1487 1508 1531 1558 1576 1601 1618 1637 1665 1678 1703 1725 1751 1773 1794 1818 1831 1856 1880 1908 1926 1941 1964 1993 2017 2039 2063 2076 2088 2105 2135 2150 2179 2200 2221 2234 2256 2279 2302 2330 2351 2373 2389 2404 2426 2444 2457 2480 2504 2528 2552 2567 2583 2597 2610 2636 2663 2691 2718 2733 2755 2778 2796 2812 2842 2857 2871 2883 2906 2930 2943 2966 2986 3008 3037 3067 3089 3112 3138 3163 