100 100 5 
17
15
5
20
5
20
6
19
17
9
9
14
20
17
11
13
7
19
19
11
14
19
7
20
13
18
16
17
14
8
12
8
16
17
18
14
17
6
11
14
15
14
15
15
11
20
13
16
15
11
16
7
18
15
14
11
9
14
18
14
16
7
13
15
10
17
8
15
5
15
13
19
18
18
7
9
20
16
7
14
6
20
8
15
17
6
5
15
14
13
10
9
9
18
9
6
8
6
14
16

26 41 61 86 105 135 148 172 197 213 229 251 271 292 322 342 359 389 402 431 443 466 491 512 537 559 575 585 599 622 634 654 672 696 708 738 755 782 805 834 853 875 896 910 921 941 964 990 1013 1036 1061 1082 1098 1128 1145 1173 1185 1199 1217 1233 1249 1270 1298 1321 1347 1371 1386 1414 1439 1451 1464 1477 1494 1522 1538 1565 1575 1604 1616 1639 1651 1661 1673 1697 1722 1737 1754 1769 1793 1817 1837 1866 1895 1916 1937 1955 1983 2013 2034 