20 150 6 
7
13
9
9
15
14
18
19
16
16
20
15
9
19
6
11
18
13
10
8

30 52 75 88 109 124 137 162 188 209 227 246 267 290 310 328 352 382 395 423 444 465 486 504 516 529 556 582 596 615 642 662 689 705 721 748 769 793 810 829 848 867 882 898 915 938 966 988 1012 1031 1044 1067 1080 1104 1118 1131 1154 1183 1202 1217 1245 1262 1285 1315 1342 1366 1380 1393 1411 1441 1457 1481 1506 1521 1546 1566 1589 1601 1627 1655 1677 1705 1732 1754 1768 1791 1818 1848 1873 1903 1920 1935 1965 1984 2008 2027 2053 2065 2078 2095 2122 2148 2171 2192 2216 2232 2256 2286 2305 2318 2341 2357 2380 2406 2433 2461 2476 2496 2515 2536 2559 2579 2606 2618 2637 2653 2666 2678 2698 2721 2747 2769 2783 2809 2831 2857 2875 2898 2915 2934 2953 2982 3003 3024 3052 3065 3083 3098 3119 