350 150 5 
20
11
15
6
6
8
13
15
14
19
13
20
14
17
10
6
10
6
11
17
13
5
7
19
8
7
20
19
13
10
5
16
12
12
19
8
12
9
10
11
12
17
8
14
9
14
17
20
19
20
7
10
12
9
9
18
16
7
9
18
11
16
18
13
8
18
9
19
6
11
19
5
16
14
8
12
12
6
6
10
19
11
9
16
19
19
10
18
18
10
6
8
20
5
16
6
15
20
9
15
13
6
15
5
17
17
20
20
13
18
16
16
20
18
10
12
12
10
19
12
6
8
19
13
16
18
8
19
10
10
12
20
9
19
6
20
9
19
20
15
6
10
8
14
12
18
16
20
13
7
11
8
19
8
8
9
7
15
17
13
17
14
9
10
17
10
17
8
14
12
17
6
13
5
5
12
20
18
5
17
15
17
10
15
18
19
14
20
16
19
20
10
12
5
8
9
15
18
7
10
9
19
18
15
11
12
15
18
20
12
17
12
10
17
9
7
11
17
12
6
5
6
7
19
19
10
17
9
9
20
16
19
18
17
15
20
7
6
14
9
19
5
10
12
5
15
15
10
6
9
11
7
12
17
20
16
14
19
13
18
8
7
5
9
17
13
17
12
11
12
11
7
11
7
10
8
10
18
20
15
11
19
18
15
14
12
19
10
20
8
19
12
20
20
13
6
13
16
15
14
13
6
13
5
18
10
8
10
15
18
17
13
17
9
9
6
19
14
10
7
14
18
11
15
5
18
16
17
16
18
17
20
6
11
12
12
17
5
13
9
13
9
13
14
18
16
8
5
18
16

24 47 65 76 90 118 142 152 165 186 207 229 248 260 288 305 321 342 364 380 397 412 438 459 485 511 521 546 573 603 613 629 652 668 678 707 731 751 772 784 795 809 830 846 874 895 923 938 962 989 1017 1040 1060 1077 1094 1118 1140 1150 1168 1178 1192 1222 1236 1250 1271 1297 1314 1339 1360 1371 1383 1403 1431 1446 1474 1501 1527 1547 1567 1590 1615 1644 1673 1701 1716 1741 1759 1784 1798 1812 1826 1840 1850 1868 1896 1913 1928 1950 1964 1976 2004 2019 2039 2051 2062 2091 2103 2131 2155 2181 2201 2212 2241 2253 2274 2304 2332 2357 2369 2394 2423 2452 2475 2486 2511 2532 2547 2573 2593 2616 2642 2654 2664 2680 2709 2739 2762 2784 2813 2829 2850 2870 2900 2910 2940 2961 2975 2990 3015 