200 50 6 
14
10
8
12
7
18
9
7
17
8
6
18
14
9
16
6
18
8
11
18
7
19
19
14
14
20
15
10
16
8
10
7
9
13
10
19
19
13
7
10
14
17
10
9
14
11
17
15
18
13
7
13
7
9
19
6
15
10
11
18
19
17
15
14
9
14
6
9
19
17
9
20
20
19
7
7
13
13
9
12
11
10
7
7
14
14
9
10
19
13
8
14
6
12
6
13
13
14
7
10
12
14
20
6
11
18
14
15
17
11
10
13
16
6
11
10
10
19
15
19
19
12
13
12
18
20
8
10
12
20
10
18
13
18
7
17
20
14
15
8
19
20
8
16
19
17
15
17
14
20
20
15
18
7
17
18
18
20
15
14
14
6
20
8
15
16
6
8
6
15
20
13
6
6
18
16
15
16
6
14
7
19
15
6
14
20
20
16
14
7
16
13
15
19
10
13
8
9
13
14

27 42 66 80 104 119 149 176 189 219 237 263 276 304 328 344 372 384 399 418 441 459 471 495 517 547 573 599 628 642 669 693 710 735 761 779 808 836 861 885 909 922 951 971 984 1006 1036 1065 1095 