300 100 7 
19
14
7
15
14
14
8
15
10
7
9
9
18
14
17
9
13
8
20
11
11
13
16
7
19
13
8
11
12
15
14
20
7
17
16
18
13
7
11
14
20
13
12
16
20
12
9
20
15
7
9
20
17
13
7
9
12
17
9
19
18
11
17
17
11
11
16
14
13
16
16
13
14
16
10
19
20
9
14
10
18
15
15
11
14
17
10
14
14
10
18
12
18
12
13
18
19
12
20
9
15
17
19
19
17
7
11
18
8
14
17
17
12
7
10
13
9
12
7
12
12
19
19
7
18
9
14
17
15
16
12
7
18
12
17
13
13
12
14
13
14
12
7
15
12
18
17
10
19
14
7
11
20
15
9
10
11
17
10
18
9
12
13
17
9
13
13
20
16
20
7
18
11
8
16
14
19
19
9
19
9
20
15
11
16
9
15
11
18
12
17
15
17
8
14
17
17
18
9
19
8
12
13
11
20
15
8
16
7
9
18
10
19
15
14
12
9
13
13
10
20
11
9
12
11
7
15
13
9
18
16
12
18
15
7
16
17
18
13
17
10
11
13
13
9
14
8
14
15
10
20
19
17
7
14
12
11
16
19
17
16
20
15
20
19
16
7
17
20
14
10
8
8
15
20
12
18
20
19
17
11
17
14
11
17
17
18
17
11
14
7
7
18
20
8
7
9
9
14
17

17 46 64 81 97 122 146 166 180 203 220 246 265 281 306 332 349 378 403 420 450 476 503 533 561 588 616 646 663 689 709 731 751 766 795 822 841 859 884 901 929 951 972 992 1020 1036 1062 1085 1110 1140 1165 1181 1209 1238 1264 1284 1299 1326 1347 1372 1388 1413 1435 1460 1488 1506 1525 1548 1563 1583 1599 1627 1643 1663 1677 1703 1731 1756 1778 1808 1832 1847 1874 1903 1921 1950 1970 1986 2000 2014 2031 2054 2077 2092 2112 2134 2153 2170 2191 