30 100 7 
20
11
10
9
16
19
13
15
18
16
9
13
14
18
18
19
10
18
19
20
14
10
14
8
7
13
13
17
13
17

22 40 58 74 99 116 132 151 172 190 218 245 275 293 312 337 358 377 396 416 439 465 479 508 535 549 574 595 619 635 650 679 698 724 746 762 785 809 827 854 869 889 913 942 959 983 1010 1038 1063 1080 1096 1116 1133 1157 1177 1196 1218 1233 1252 1271 1297 1321 1345 1366 1392 1409 1427 1441 1456 1472 1498 1520 1536 1556 1578 1594 1621 1647 1677 1702 1721 1743 1760 1781 1806 1836 1863 1885 1915 1943 1960 1982 1998 2016 2039 2067 2096 2118 2143 