200 10 5 
12
10
12
7
18
11
7
12
13
12
15
5
18
14
15
15
9
13
6
10
15
17
14
16
11
18
9
20
20
15
12
8
16
17
16
17
16
11
6
15
10
5
11
7
7
10
13
19
15
14
13
14
17
20
5
8
8
14
12
17
10
6
7
19
18
13
19
16
17
19
16
14
16
6
16
16
9
14
16
8
7
8
6
9
11
17
12
18
17
6
12
7
18
10
13
18
10
8
12
11
13
9
14
19
6
7
5
7
16
19
17
19
9
5
9
5
20
18
11
20
13
18
16
17
18
19
19
12
16
8
20
10
12
6
7
5
20
16
18
5
5
17
8
14
13
11
15
10
19
13
9
8
6
10
17
20
20
8
20
10
13
6
18
5
6
18
20
13
18
9
17
17
14
16
12
16
11
19
16
14
18
12
15
5
19
6
7
10
15
18
6
18
7
10
15
5
20
20
13
18

29 54 80 103 117 137 167 181 200 