200 100 7 
19
13
19
15
16
7
15
7
15
8
12
11
19
9
17
12
7
15
20
7
11
18
20
19
15
12
13
9
8
20
15
18
9
17
10
13
8
14
12
18
11
14
16
11
10
10
13
16
9
8
11
8
17
9
14
10
12
10
16
17
20
20
17
15
8
19
18
8
9
9
17
9
20
18
11
11
19
10
12
13
20
7
14
11
16
17
18
17
15
15
13
18
13
16
16
10
15
14
14
17
18
10
19
17
7
9
11
8
9
7
11
11
11
18
11
17
17
12
12
15
11
15
16
15
8
16
12
11
7
16
16
8
15
9
20
15
16
11
14
10
11
11
15
15
11
15
12
15
15
12
10
11
10
12
13
13
11
12
19
14
20
20
11
8
11
8
19
8
18
8
19
8
10
12
12
12
18
9
14
10
20
17
7
14
17
8
16
13
11
8
15
14
9
8
13
10
19
9
10
8

19 34 56 74 88 103 121 141 166 182 204 218 240 256 270 284 311 338 354 384 411 430 459 477 501 528 552 571 601 630 649 672 689 703 724 746 774 797 823 841 857 872 901 924 948 967 988 1010 1025 1050 1066 1096 1110 1130 1148 1170 1187 1214 1236 1260 1275 1292 1309 1324 1340 1356 1375 1390 1414 1441 1458 1484 1507 1535 1563 1586 1604 1626 1654 1671 1697 1718 1736 1765 1783 1805 1822 1840 1870 1898 1922 1941 1960 1988 2018 2046 2071 2101 2123 