350 40 7 
20
18
13
14
12
7
8
19
17
14
18
11
17
20
9
19
18
19
12
17
9
12
13
15
12
13
20
20
10
12
17
9
20
10
14
7
10
14
9
7
10
9
13
18
8
9
9
19
11
10
18
12
16
8
16
15
11
15
8
17
19
11
10
9
8
10
11
19
8
20
12
14
11
15
8
9
12
9
19
8
17
10
13
11
12
12
14
19
14
17
10
15
18
20
9
14
19
16
17
18
14
14
15
12
10
9
11
8
17
8
17
9
14
20
11
12
11
12
20
17
20
14
18
20
17
10
16
14
17
10
8
12
12
8
15
18
10
12
7
9
13
17
13
7
10
19
14
17
11
13
15
19
7
9
9
10
8
10
11
14
14
9
7
7
7
7
17
18
15
16
9
10
12
20
7
8
18
12
18
16
18
14
7
7
19
9
16
19
15
17
13
16
7
13
7
19
7
17
19
11
13
16
11
11
15
10
7
11
16
11
17
20
15
10
14
9
7
13
18
19
14
20
11
18
8
15
10
10
14
9
10
15
13
12
17
18
9
18
8
14
15
14
19
10
7
20
13
11
7
18
17
9
17
7
20
16
18
20
20
7
18
7
9
15
10
13
10
18
14
13
11
9
9
18
19
14
18
8
9
13
17
20
15
17
17
7
8
8
7
18
15
18
14
10
16
19
10
17
8
15
14
16
20
10
12
7
12
13
8
7
16
20
14
20
10
8
15
9
13
20
9
8
17
8
13
15
10
18
15
14
15
13
7
20
14
9
15
14
13
13
15
15
7
8
17
16
10
11
8
12

20 48 75 97 117 139 169 196 226 249 267 290 309 326 354 371 387 406 426 453 468 483 508 530 544 570 585 611 640 663 681 698 727 742 765 795 810 831 859 