350 150 7 
15
15
15
14
9
20
18
13
15
18
15
11
19
20
14
10
19
9
17
7
20
13
11
11
16
7
15
16
16
16
8
11
14
17
19
9
20
15
11
12
12
12
16
12
18
20
17
18
7
18
17
11
11
12
8
7
18
15
15
9
16
17
14
12
12
8
7
17
19
19
20
11
17
11
11
9
7
15
10
11
17
17
9
12
9
20
9
8
9
15
20
17
12
19
8
10
11
8
7
15
11
20
15
11
18
11
9
17
10
12
11
11
9
10
7
16
12
12
13
19
15
18
17
20
12
13
13
12
13
14
12
14
16
18
20
13
7
18
15
12
19
13
17
20
11
16
17
14
14
18
10
20
10
11
14
17
17
12
16
9
18
17
11
14
16
12
10
7
20
20
20
10
19
9
20
16
11
10
12
7
13
12
9
7
16
7
20
17
11
8
10
18
14
13
9
10
19
9
10
12
9
19
19
12
8
16
13
11
13
12
10
7
13
16
12
11
19
20
16
14
9
19
14
9
17
12
7
15
7
9
12
10
19
10
16
9
12
8
15
15
16
14
14
7
19
7
12
15
7
18
7
13
20
18
19
8
9
10
20
19
17
16
14
12
12
16
14
7
17
14
13
20
10
13
17
20
10
15
15
17
17
20
18
9
8
11
13
12
7
14
11
13
10
19
17
13
7
9
15
9
15
14
16
16
10
11
12
12
10
8
8
10
7
18
18
18
11
12
9
12
11
20
14
13
16
18
12
13
12
11
7
18
18
7
11
20
20
14
12
20
20
15
10
17
9
12
14
7
13
17

19 46 60 82 97 115 137 163 188 216 239 259 287 317 338 362 392 411 428 448 470 486 509 524 542 570 589 612 631 654 679 698 727 750 780 808 827 850 868 887 906 932 961 985 1012 1039 1053 1073 1093 1123 1139 1154 1171 1196 1212 1235 1263 1281 1297 1314 1337 1356 1377 1393 1412 1427 1445 1473 1490 1515 1545 1571 1589 1606 1621 1636 1656 1685 1713 1728 1758 1782 1796 1820 1843 1871 1899 1921 1947 1977 1992 2016 2044 2070 2093 2123 2139 2155 2182 2209 2225 2240 2269 2284 2300 2327 2347 2371 2389 2411 2439 2454 2481 2509 2524 2553 2572 2602 2624 2652 2674 2695 2710 2738 2759 2777 2801 2827 2843 2860 2874 2891 2916 2941 2970 2994 3009 3031 3046 3065 3088 3102 3132 3159 3176 3196 3213 3232 3260 