350 50 5 
19
5
20
5
8
15
10
9
7
6
15
6
18
11
8
11
17
14
12
18
12
11
12
14
10
10
16
15
10
17
20
8
19
12
19
19
7
16
19
19
13
13
17
10
15
19
14
12
17
6
11
19
20
20
16
5
9
5
19
19
9
5
7
19
5
15
19
16
10
10
5
16
7
8
6
7
18
12
16
11
7
12
14
7
18
8
18
19
16
10
12
20
17
14
10
16
17
20
11
5
7
19
9
10
13
16
6
6
17
15
5
16
11
9
13
6
16
16
9
18
6
15
20
10
10
5
20
7
14
19
19
8
7
19
6
8
6
12
7
13
5
20
6
19
20
5
16
8
20
19
14
9
5
12
18
13
11
17
13
16
6
5
20
19
18
19
20
18
11
5
19
6
5
18
10
12
12
7
16
5
8
10
8
15
19
11
14
5
13
11
13
19
15
17
5
13
15
11
11
15
20
18
18
7
11
18
9
19
9
8
20
5
18
12
15
14
9
17
16
10
8
11
13
8
18
16
14
13
8
18
20
9
9
12
10
10
13
11
11
16
20
15
5
17
10
18
12
13
15
9
17
20
20
8
20
7
7
10
8
13
19
17
6
7
18
11
5
6
5
6
9
11
5
5
9
15
10
20
6
20
12
8
8
12
9
11
10
8
6
6
10
20
9
15
10
17
6
6
10
19
9
11
10
12
20
18
10
8
9
9
5
11
9
9
13
8
14
11
8
20
7
13
12
10
18
5
7
15
15
6
18
9
17
17
6
12
8
13
16
5
14
10
17
10
15
18
9
17
12
17

24 46 71 96 113 129 156 184 196 208 238 249 261 288 312 335 346 361 381 405 435 464 485 501 523 548 560 583 604 632 648 662 673 690 701 722 736 752 771 788 817 833 863 884 910 938 954 972 982 