300 100 5 
5
5
11
10
10
18
20
18
6
13
17
11
10
8
17
8
11
13
5
7
14
20
18
8
19
9
6
16
15
13
14
9
15
12
8
12
10
16
20
18
6
20
16
7
13
10
20
16
17
17
11
15
14
18
20
20
15
10
7
6
20
12
12
18
18
8
8
19
11
7
9
19
16
8
5
17
5
16
14
20
20
13
8
15
20
12
14
5
10
12
18
14
16
19
20
11
6
15
20
7
7
15
11
14
14
19
7
18
8
17
6
12
12
10
6
16
8
12
9
20
13
9
14
18
14
8
14
11
20
10
5
15
6
16
18
11
7
12
16
18
17
5
5
15
17
14
11
9
18
9
13
8
15
8
5
7
19
20
20
11
19
18
17
19
15
19
5
17
20
10
6
8
5
19
19
5
12
19
15
19
11
11
18
10
8
16
13
8
9
16
12
18
11
13
16
12
10
14
14
8
12
7
18
12
14
5
8
7
20
15
12
5
10
10
16
17
17
11
14
10
7
18
15
9
5
5
12
18
15
10
19
9
7
10
12
7
19
18
11
13
17
12
9
8
8
14
15
6
16
16
18
8
5
19
5
8
8
17
11
12
7
16
13
12
14
11
11
17
13
18
6
14
11
17
13
20
12
15
6
16
16
7
16
8
12
12
6
6
12
9
7
19
9
6
19
8
7
18
9
17

25 35 53 74 95 122 141 161 181 195 211 234 253 280 308 323 335 365 392 417 435 463 476 490 516 538 557 584 604 622 639 658 668 688 712 742 771 781 797 818 830 859 880 903 920 938 956 971 990 1004 1016 1026 1052 1067 1092 1118 1148 1169 1198 1211 1236 1255 1278 1297 1310 1324 1346 1370 1398 1427 1453 1480 1497 1521 1544 1557 1583 1607 1632 1645 1672 1684 1709 1728 1740 1766 1777 1794 1811 1836 1861 1872 1898 1915 1925 1941 1967 1996 2014 