100 100 5 
12
12
16
5
8
14
8
20
7
12
15
19
14
7
14
5
5
7
13
6
11
16
20
12
10
18
17
14
12
17
9
9
13
5
18
16
19
18
16
20
12
10
15
5
7
17
17
7
6
18
7
9
18
17
5
18
15
16
18
12
17
6
13
5
15
12
6
20
7
10
12
9
19
18
19
8
11
10
9
8
11
16
8
7
5
9
14
16
10
11
11
15
6
12
11
20
9
11
6
7

14 28 45 58 85 108 126 155 177 187 202 217 247 271 301 316 330 357 370 381 408 420 431 441 463 482 492 522 544 567 595 613 634 653 677 693 722 751 762 779 807 834 855 873 886 898 923 942 968 997 1008 1032 1053 1065 1091 1114 1137 1167 1188 1216 1234 1257 1269 1283 1302 1315 1326 1356 1385 1401 1412 1434 1457 1473 1489 1510 1540 1560 1583 1610 1639 1661 1671 1687 1699 1716 1741 1771 1784 1808 1826 1836 1860 1877 1900 1920 1941 1971 1990 