300 10 5 
8
7
10
13
12
5
10
12
19
5
9
14
15
15
17
9
12
18
18
6
15
8
15
18
17
11
10
5
14
8
13
18
8
19
11
14
18
11
5
5
10
15
17
9
6
17
9
12
19
10
16
16
10
14
10
12
20
17
12
18
15
11
17
15
17
8
15
19
12
19
10
18
19
20
7
10
12
7
19
6
6
15
5
17
13
10
18
15
12
7
16
9
19
6
13
8
9
15
16
20
19
5
15
12
5
12
19
9
8
9
9
14
13
9
11
19
17
5
15
19
18
20
14
18
17
17
7
19
8
15
20
8
14
10
14
11
9
16
13
13
19
15
18
14
15
17
9
12
14
6
9
15
13
16
14
20
18
5
9
8
7
16
5
8
6
9
13
7
6
6
13
16
20
18
7
12
5
14
7
5
11
5
8
12
6
20
8
9
14
9
9
17
14
10
10
12
18
10
6
7
5
9
11
8
20
9
14
17
7
8
12
6
17
10
20
18
5
6
20
7
12
5
17
20
20
6
11
12
11
6
16
5
13
14
15
14
10
13
16
5
12
7
18
7
7
14
5
9
17
16
10
7
20
18
8
11
18
12
16
16
9
20
18
7
7
15
17
10
15
5
5
15
12
20
16
16
6
8
20
8
19
10
18
16
15
6
6
12
15
18
17
15
19
12
6
6
10
19
10
20

27 51 74 84 94 114 132 161 178 