350 30 7 
15
17
15
11
14
19
10
7
20
17
20
15
17
12
11
15
15
18
16
19
13
7
10
20
11
10
9
11
13
20
10
18
20
11
15
20
11
7
11
8
8
19
17
15
9
14
14
16
18
20
17
19
7
11
10
14
19
11
8
10
20
15
18
18
19
15
19
11
13
13
7
18
14
8
10
10
14
8
7
20
18
19
17
17
9
12
7
11
13
15
13
13
15
12
8
14
16
12
20
16
8
10
13
8
9
13
9
9
8
10
18
7
18
19
14
17
17
15
16
19
14
18
8
16
10
17
10
10
19
20
16
12
7
19
15
7
14
13
12
10
10
7
10
17
14
19
19
9
10
12
7
9
9
12
16
19
10
17
15
14
14
12
16
19
10
20
8
17
17
10
9
14
20
8
15
7
11
18
8
20
17
13
17
9
7
18
17
17
15
14
9
8
15
20
14
19
16
20
12
14
7
8
19
19
9
9
14
10
18
19
8
13
14
19
7
11
15
7
14
8
13
20
14
8
17
14
9
7
8
17
9
12
20
10
18
15
15
9
11
19
14
7
15
16
19
19
17
20
12
7
14
14
8
9
16
15
18
16
15
15
11
10
19
20
8
15
12
7
17
13
12
13
12
14
14
9
13
17
15
20
13
9
15
18
13
16
7
20
18
9
17
17
10
20
10
11
14
15
11
19
10
13
11
13
17
16
9
12
10
12
17
20
10
8
11
12
10
8
11
16
11
9
9
20
20
17
12
8
19
19
17
11
11
18
14
12
10
18
9
18
17
17
17
20
20
8
16
19
19
9

29 53 73 102 125 151 169 196 212 227 254 281 296 322 340 357 382 406 434 461 483 497 526 549 566 587 606 631 660 