200 100 7 
18
10
15
15
9
9
10
7
15
10
13
10
20
18
17
14
15
10
10
19
7
20
11
9
18
17
8
17
19
12
19
9
9
11
17
11
18
19
17
12
11
16
11
7
7
16
7
19
19
8
15
13
18
20
15
11
16
11
7
11
15
14
13
13
7
8
20
20
7
16
10
7
11
16
8
12
17
20
15
19
14
14
11
12
11
12
18
13
20
12
18
10
15
18
18
7
8
16
15
11
11
7
16
10
10
12
10
10
10
13
19
20
16
17
9
9
16
9
18
14
13
18
10
14
11
14
10
12
13
12
15
8
17
11
8
11
16
7
10
16
8
9
12
9
9
14
8
17
20
10
19
10
17
13
15
20
8
16
8
20
15
9
15
18
9
16
17
18
16
13
7
10
20
11
19
13
19
17
10
20
19
13
10
12
9
14
10
19
18
11
14
20
16
14
10
9
16
16
12
18

19 37 52 72 92 121 149 173 199 225 241 257 282 312 337 364 391 412 438 458 476 500 515 542 558 572 598 620 646 665 694 710 725 751 770 788 805 834 854 870 893 918 947 965 981 1008 1034 1054 1071 1090 1107 1134 1157 1179 1205 1227 1241 1259 1285 1304 1321 1350 1375 1396 1417 1440 1470 1496 1525 1540 1555 1569 1585 1602 1620 1646 1665 1685 1707 1723 1745 1760 1782 1811 1836 1854 1872 1901 1924 1952 1980 2007 2037 2055 2075 2096 2118 2138 2155 