350 40 6 
6
7
17
20
9
8
8
20
7
12
12
11
6
20
14
9
18
7
16
15
19
17
17
7
19
6
15
6
12
15
17
17
14
10
16
16
20
7
15
11
11
14
13
14
7
9
10
7
10
8
7
9
6
19
19
7
9
18
14
19
16
18
15
11
12
13
8
18
9
19
17
12
9
19
12
8
15
18
12
18
12
14
15
16
19
18
19
19
6
18
13
19
19
6
20
19
10
15
13
9
14
11
18
20
13
19
16
14
10
9
14
16
15
11
12
11
19
10
14
6
20
12
7
11
16
8
12
19
9
8
9
6
13
18
15
15
8
13
15
7
7
15
14
6
15
6
10
18
17
14
10
18
13
15
18
12
8
18
16
10
15
15
8
9
7
16
6
13
9
14
15
15
18
9
15
17
11
13
10
18
12
12
13
16
12
7
12
15
16
19
8
11
7
20
19
9
8
11
13
15
17
7
19
18
9
15
19
14
19
11
14
10
19
7
18
7
11
16
19
15
12
7
6
10
10
9
11
6
19
9
17
9
13
13
10
7
15
11
14
15
9
6
7
9
8
13
8
16
19
14
13
6
11
17
15
9
6
13
9
7
8
17
18
15
8
10
11
6
7
18
15
14
13
16
18
17
6
17
6
20
16
19
11
11
13
8
6
7
13
17
19
10
20
18
12
6
14
6
10
18
13
15
15
15
20
10
17
9
7
19
16
15
12
6
18
6
11
16
13
11
9
7
16
11
8
14
18
10
9
7
16
10
13
13
7
9
20
13
18
6
8
7
8
6
14
15
14
18
13
15

16 28 51 65 83 98 128 145 159 179 200 222 251 279 308 322 352 368 382 411 436 455 473 488 517 537 564 578 599 626 655 682 708 721 746 775 796 825 840 