20 100 6 
20
15
16
19
11
7
19
20
8
18
8
17
10
7
12
7
6
20
17
11

13 29 50 70 87 108 136 148 171 194 211 239 266 280 308 330 343 357 380 396 414 434 455 475 488 505 525 539 559 577 607 629 653 666 682 700 715 745 760 787 815 836 860 878 892 906 920 941 954 972 996 1011 1040 1070 1092 1113 1133 1155 1172 1189 1216 1243 1272 1285 1305 1335 1353 1377 1390 1418 1430 1457 1478 1496 1514 1539 1557 1584 1602 1631 1649 1677 1691 1712 1729 1747 1761 1786 1801 1827 1847 1869 1889 1910 1933 1959 1980 2006 2027 