300 20 5 
8
7
11
10
9
9
6
19
11
7
11
10
9
19
17
6
15
10
5
16
14
20
12
9
5
12
8
14
12
16
9
11
18
11
6
14
9
17
13
14
16
11
7
12
18
20
15
8
13
18
5
7
6
9
14
19
10
13
14
20
8
6
8
14
14
9
20
10
17
5
19
10
17
11
16
7
12
17
8
13
17
8
11
10
8
13
19
19
16
13
20
7
9
13
20
8
20
9
13
7
8
11
17
15
6
14
14
5
14
19
18
14
19
20
16
18
13
8
19
16
14
6
19
17
8
13
6
17
12
19
8
12
5
12
14
5
7
14
8
13
18
18
5
18
12
14
11
6
13
17
7
18
12
14
18
10
11
13
5
18
15
14
14
17
18
16
19
5
12
17
6
8
15
6
10
18
18
13
5
14
17
17
7
17
18
15
10
8
11
6
10
18
19
20
6
15
6
15
8
6
13
16
18
13
13
7
9
20
14
11
6
19
15
17
10
6
9
15
18
5
17
17
12
9
17
11
9
12
9
16
20
17
18
19
17
20
20
12
9
18
9
14
5
12
17
6
9
8
7
6
19
9
19
19
20
16
18
12
15
19
19
12
15
13
19
18
14
5
12
15
19
20
9
15
11
17
13
11
11
15
5
14
5
10
11
7
10
14
12
15
15
9
12
12
18
18
9
20
15
9

22 42 63 86 100 114 131 141 158 170 188 214 225 240 257 281 304 318 331 