200 50 6 
17
10
12
19
19
8
15
7
18
13
12
8
7
13
17
7
9
12
11
16
18
18
16
19
8
19
8
12
6
20
11
7
19
10
16
20
18
8
10
10
16
14
10
6
10
14
9
11
6
13
12
9
17
11
17
17
15
9
9
18
19
13
12
16
18
18
10
15
14
9
10
12
16
20
11
12
7
8
6
9
13
17
15
17
15
12
10
13
7
11
16
18
6
18
16
17
11
17
14
15
9
10
16
19
18
8
19
6
13
13
6
13
14
11
20
8
8
17
20
11
16
15
18
12
13
6
13
10
10
10
16
16
20
12
7
19
15
10
15
12
14
20
7
10
14
20
10
18
6
16
9
12
16
13
17
9
17
15
11
10
11
16
7
9
6
15
16
11
7
10
15
20
18
15
19
14
7
14
10
10
7
10
15
13
9
9
6
17
12
7
20
14
19
7
11
6
9
9
12
10

21 37 51 74 90 114 141 162 192 211 224 247 269 292 321 348 374 397 423 449 465 495 508 527 554 577 595 614 626 656 681 694 708 720 732 747 777 791 807 832 855 870 900 928 957 972 1002 1028 1048 