300 30 6 
11
11
9
13
19
6
7
6
17
7
20
6
8
13
11
13
15
9
20
7
9
18
9
8
11
15
16
16
20
9
9
18
10
15
16
11
13
12
7
8
18
8
9
10
16
18
13
16
15
10
19
20
16
19
6
8
6
9
17
16
18
13
12
8
17
7
20
12
20
12
17
7
19
9
17
7
16
7
10
17
12
18
20
6
9
10
19
9
16
8
19
10
17
7
11
18
6
11
7
16
13
14
16
12
11
13
11
19
7
20
9
8
6
15
10
7
19
19
17
13
8
12
12
13
6
13
14
18
16
12
19
9
19
15
12
17
15
20
16
15
20
18
19
16
6
15
19
13
13
8
9
12
14
17
10
19
19
9
15
13
19
13
6
8
14
20
12
6
13
12
14
15
12
8
20
8
14
17
7
7
19
13
15
15
20
20
11
11
9
19
16
12
10
11
10
15
16
20
18
17
13
10
8
10
6
7
14
17
6
6
9
10
13
20
18
19
20
19
12
6
15
18
11
6
13
18
20
16
10
6
8
9
15
11
18
20
8
15
9
18
20
15
10
14
16
17
8
9
16
6
20
14
10
8
11
19
6
17
11
18
11
11
13
19
14
16
10
16
12
6
9
20
20
15
9
17
14
14
12
10
7
11
20
20
6
18
9
9
14
9
16
14
11
20
20
15
17
11
6
12

23 48 70 97 125 142 168 184 206 225 254 271 285 305 317 340 362 389 402 422 439 459 473 498 521 541 560 590 609 