100 100 6 
13
8
19
9
15
7
8
15
7
14
13
18
14
14
8
12
10
13
7
14
6
6
13
13
19
12
7
9
15
12
11
20
6
7
13
7
9
20
19
13
14
15
16
6
15
6
9
19
15
7
17
11
16
19
10
10
19
9
13
9
8
19
12
6
19
20
19
13
12
7
17
6
12
20
6
7
16
19
15
10
9
19
12
19
16
9
18
19
14
13
12
12
9
8
20
11
6
14
18
16

12 28 57 69 83 106 127 150 179 206 221 246 264 291 318 345 360 384 399 424 453 465 491 511 538 563 581 593 620 648 667 686 716 729 742 761 791 821 844 872 901 930 958 975 1005 1035 1062 1084 1113 1142 1165 1182 1208 1221 1244 1268 1281 1303 1322 1334 1347 1369 1393 1419 1448 1460 1490 1503 1527 1554 1568 1583 1613 1640 1661 1685 1713 1727 1746 1759 1774 1794 1816 1828 1853 1870 1888 1911 1923 1936 1962 1974 1989 2001 2027 2055 2082 2099 2121 