350 30 6 
18
9
6
14
19
12
10
20
11
10
8
16
10
8
18
10
20
6
9
14
19
7
12
14
16
7
8
11
17
9
11
16
20
8
11
14
6
14
15
12
6
15
18
12
19
19
9
18
9
15
15
8
18
16
15
12
8
19
20
8
19
7
7
19
7
13
14
14
9
18
6
9
11
16
8
16
9
18
11
6
7
12
15
20
15
17
15
9
14
12
12
12
10
12
15
19
14
6
16
12
7
15
19
8
17
17
8
20
20
12
11
18
13
14
17
8
15
9
6
9
14
7
7
10
16
15
14
17
9
20
19
18
7
10
20
19
13
19
14
14
13
10
13
12
8
11
10
8
11
6
18
19
9
18
18
20
17
8
14
20
13
15
13
18
10
6
15
18
19
9
13
7
14
19
15
6
8
18
9
6
14
19
20
15
7
11
9
9
9
17
6
7
18
13
13
10
17
14
12
9
18
10
6
19
11
9
18
19
17
18
20
14
19
10
17
14
18
6
7
10
8
10
17
12
15
17
13
19
7
13
11
8
16
16
8
12
12
14
10
19
6
15
10
14
14
12
12
15
13
8
10
17
19
13
8
8
10
19
10
7
17
14
11
13
19
10
16
6
20
19
9
20
10
13
20
15
17
6
14
9
18
11
19
14
14
9
17
7
11
20
8
11
13
9
9
13
9
14
12
19
19
12
9
6
8
17
11
20
17
17
8
6
19
18
15
18
13
10
7
17
16
18
8
9
10
7
16
10
8
11
10
6
6
6
8
17
14
20
9
12
17
17
14
13
20
14
8
16
9
8

26 49 63 82 102 118 134 158 184 207 228 244 263 293 321 335 360 389 417 439 456 480 503 524 552 568 580 592 612 