400 100 7 
12
12
15
19
16
19
13
8
12
7
7
17
15
14
8
19
10
11
8
10
20
19
8
20
12
15
10
13
11
10
18
18
9
7
19
15
10
9
7
20
14
19
20
7
20
16
16
14
19
9
16
8
9
11
16
20
9
8
20
12
8
12
14
8
13
7
11
11
11
16
18
14
14
8
17
12
19
12
19
7
9
12
19
14
12
8
17
19
8
15
20
10
20
16
18
16
15
7
10
11
20
18
16
13
15
13
18
20
12
20
8
12
12
12
19
10
11
18
20
18
16
17
16
18
20
20
9
14
8
10
14
12
20
12
19
13
10
17
15
9
20
14
17
19
17
17
15
11
15
13
15
12
18
19
18
17
8
15
12
20
7
18
8
10
16
11
15
20
14
16
8
20
17
7
13
16
18
12
14
7
16
8
12
12
17
11
18
9
18
10
15
14
9
9
17
9
11
13
8
9
10
10
10
13
17
16
10
19
14
14
10
16
13
11
17
13
8
8
20
18
7
9
20
18
13
10
7
16
19
9
10
13
10
20
7
12
9
16
12
14
10
19
13
13
15
20
10
12
16
17
10
8
9
11
15
12
18
14
10
7
11
10
11
7
13
19
20
8
20
18
18
15
15
16
9
16
11
15
19
14
16
12
7
16
17
15
14
17
16
7
10
8
19
10
9
13
16
10
15
13
14
18
18
15
20
18
16
18
16
7
20
10
16
16
15
7
20
13
8
16
8
13
11
14
14
9
14
11
8
15
7
9
14
18
19
19
8
9
15
16
7
20
18
11
9
11
14
20
9
10
17
10
16
7
10
16
16
17
12
11
10
20
10
11
10
17
11
19
8
20
13
11
17
12
17
15
13
12
10
19
17
19
10
9
20
15
11
8
20
7
8
11
15
15
12
11
16
18
11
11

29 55 69 90 105 122 147 174 194 215 234 258 279 305 333 357 380 404 433 448 468 495 509 533 554 571 597 614 629 659 682 703 724 750 767 797 811 840 856 874 903 933 961 975 998 1017 1031 1045 1068 1092 1121 1148 1172 1196 1222 1236 1255 1277 1304 1326 1346 1360 1375 1390 1418 1448 1475 1491 1509 1529 1545 1573 1588 1616 1637 1657 1687 1702 1731 1747 1770 1789 1813 1843 1870 1892 1914 1936 1960 1975 1993 2021 2042 2066 2089 2114 2134 2157 2174 