400 150 6 
18
19
16
14
17
13
16
12
11
8
15
20
7
9
15
8
6
19
17
11
16
19
14
6
10
12
8
6
13
11
15
14
20
12
12
15
8
9
15
20
11
15
14
17
9
16
15
9
16
14
19
13
20
20
14
9
12
11
18
13
20
18
9
20
17
9
17
14
13
19
18
9
12
17
11
9
10
10
17
8
15
12
15
9
16
7
16
9
11
19
11
6
11
7
6
18
9
18
13
12
14
17
14
11
7
18
6
15
8
14
17
17
16
8
15
17
11
6
9
15
14
12
11
16
12
10
11
18
9
20
18
11
13
7
11
7
14
13
20
7
11
11
16
18
19
15
19
8
16
18
7
6
18
11
11
13
15
20
17
18
11
16
11
9
14
20
17
15
12
20
19
8
18
9
15
19
10
11
10
13
16
6
10
6
15
16
9
20
9
6
16
20
7
11
7
17
6
7
15
20
12
10
8
20
16
18
13
10
17
9
7
10
15
6
20
6
11
15
7
12
9
6
13
12
10
14
10
19
15
12
9
10
10
13
17
11
17
17
6
17
18
15
15
11
13
10
15
18
13
20
18
15
12
19
12
12
14
11
18
15
8
7
10
20
7
15
16
14
10
6
13
12
14
17
9
19
15
16
8
11
13
12
10
19
10
6
8
10
13
10
16
13
6
6
17
17
7
8
17
6
8
6
20
13
12
7
7
10
6
8
16
15
11
10
14
9
17
8
17
20
20
18
7
17
18
17
8
14
8
20
19
16
14
10
11
8
14
6
20
20
14
10
13
17
6
15
11
7
11
14
6
11
9
19
18
13
7
13
17
13
18
12
14
8
20
14
8
15
13
7
8
12
18
13
12
17
14
7
14
7
11
6
18
7
9
20
17
14
20
18
11
13
7
12
19
13
7
11
7
7

24 43 69 92 119 146 168 193 217 247 264 283 298 324 345 372 388 409 428 447 462 482 494 524 536 556 578 599 623 641 654 683 700 712 733 751 770 790 804 831 849 878 893 919 939 961 977 994 1008 1030 1052 1071 1089 1101 1131 1157 1176 1189 1218 1245 1263 1285 1313 1341 1363 1379 1398 1412 1434 1461 1478 1500 1524 1540 1558 1583 1599 1620 1639 1669 1695 1713 1743 1768 1794 1811 1832 1852 1876 1898 1916 1946 1964 1976 2004 2030 2052 2077 2089 2107 2123 2140 2161 2182 2199 2217 2229 2259 2288 2305 2327 2349 2371 2388 2400 2424 2449 2477 2493 2507 2530 2560 2577 2607 2633 2661 2680 2710 2722 2744 2765 2781 2793 2810 2838 2866 2882 2896 2909 2936 2966 2988 3006 3032 3057 3083 3101 3120 3142 