350 30 7 
16
17
13
8
9
18
17
13
8
18
9
16
7
9
10
8
9
16
17
11
19
15
18
13
14
14
12
15
8
11
14
11
20
14
16
18
20
10
16
13
15
12
11
18
17
14
16
16
15
16
10
19
16
7
16
13
12
8
8
18
15
14
15
19
9
17
20
9
9
17
12
16
12
16
17
13
19
11
19
16
15
11
16
9
17
16
14
13
17
15
8
8
12
10
10
19
12
13
14
18
8
11
7
17
18
14
7
8
15
10
16
10
17
16
16
14
15
14
11
9
20
11
13
11
19
8
20
13
13
18
18
11
9
20
20
20
18
16
18
9
9
7
12
16
14
15
9
7
18
9
14
11
15
14
17
10
8
10
16
10
13
20
15
16
18
11
14
19
20
20
17
19
7
10
9
11
20
18
10
8
11
14
12
18
11
18
16
17
15
11
17
7
14
11
14
15
13
14
14
7
15
20
17
11
15
12
12
15
8
12
13
7
18
8
16
7
14
20
18
13
20
15
12
15
9
10
12
15
7
14
15
20
17
11
7
12
13
9
16
12
14
19
9
14
17
17
11
20
13
14
12
9
17
10
11
18
12
12
20
8
14
13
10
10
20
8
20
10
11
19
16
18
11
14
18
17
19
11
15
10
16
10
17
17
16
9
10
16
11
13
17
10
11
9
20
17
18
7
13
13
13
7
9
20
7
19
14
10
8
15
13
14
17
11
8
10
15
8
20
11
14
19
20
10
15
7
12
8
9
20
18
20
15
14
10
9
10
14
18
7
18
19
8
12
10
20
8
14
20
18

15 31 61 91 119 147 165 189 207 231 259 280 309 328 358 379 402 422 444 471 497 516 531 552 581 595 620 639 653 