300 30 6 
12
18
17
12
16
15
18
7
17
13
9
15
8
14
16
19
16
9
7
18
10
11
18
17
8
9
16
18
18
19
10
20
17
18
17
10
13
8
17
8
7
16
14
11
6
9
9
17
13
10
15
12
16
17
6
18
12
6
6
17
8
13
20
16
15
7
6
15
18
14
13
9
19
20
11
17
13
10
6
6
17
13
13
20
7
6
18
10
20
18
7
17
18
15
9
17
6
15
13
10
11
12
12
13
7
11
20
20
20
17
16
16
18
16
7
18
10
16
11
16
6
16
8
12
7
12
19
19
15
15
11
12
11
7
11
8
15
15
8
7
11
11
8
9
17
8
15
20
13
12
20
7
7
16
15
20
9
19
11
17
19
20
19
18
14
17
9
14
7
18
18
7
15
8
13
8
13
9
8
12
7
10
17
6
14
6
7
20
11
12
12
20
8
19
7
13
13
17
19
17
13
14
6
20
7
12
20
16
11
15
19
12
13
14
20
9
13
18
18
19
7
9
11
14
16
18
17
17
14
10
18
18
9
6
13
17
9
16
13
13
19
18
12
10
18
9
6
11
19
9
19
6
19
10
18
11
20
13
17
14
11
9
14
14
10
11
11
19
12
17
18
16
14
16
18
16
7
17
9
15
16
19
20
16
16
14
6
15
9
20
11
13
14
11
20
13
10
10
8
8

21 39 55 81 98 116 129 144 161 174 201 225 246 258 283 306 321 338 351 371 392 411 432 457 487 512 534 564 580 