350 30 5 
9
16
8
5
17
19
17
7
13
20
5
17
5
18
15
11
12
14
5
9
7
11
20
13
18
7
13
11
15
8
16
14
16
10
8
9
7
8
8
17
12
10
20
9
15
14
19
14
14
9
19
20
9
15
13
16
20
18
10
8
13
8
7
7
14
16
5
6
5
6
5
7
19
5
18
19
18
12
14
8
11
20
18
11
6
17
16
20
18
7
11
10
8
14
10
12
11
9
8
18
19
20
16
19
11
13
7
8
7
5
10
17
10
6
10
6
7
6
5
17
6
13
7
10
9
20
17
19
15
14
8
6
9
11
17
11
12
11
12
14
6
16
14
17
20
7
20
14
19
9
20
15
6
12
6
17
8
15
20
6
18
7
14
10
15
19
16
9
13
6
8
15
7
6
19
16
17
17
7
9
20
16
6
6
11
14
17
6
13
10
11
11
12
10
16
7
12
19
6
20
8
7
19
18
18
15
15
6
9
9
11
16
16
19
18
14
13
9
15
16
15
11
15
12
20
18
8
19
9
20
11
19
19
6
6
14
14
18
12
11
20
10
9
12
16
11
17
16
20
5
8
9
8
10
8
16
19
5
14
7
14
13
5
16
7
10
8
13
20
8
18
8
10
9
8
19
12
16
9
18
7
11
5
8
14
16
12
15
17
12
8
12
19
7
14
18
12
12
17
6
12
8
8
19
18
17
16
15
12
9
20
13
16
18
13
5
10
5
5
17
6
14
16
9
16
10
13
17
10
19
9
17
14
11
6
5
5
8
10
6
8
15
10
10
5
20
8
7
19
16

30 60 77 96 113 132 144 165 178 208 226 246 263 278 302 321 337 352 377 406 421 440 464 482 500 513 528 544 561 