350 10 6 
6
8
12
9
12
7
18
17
16
19
16
11
20
19
20
12
10
13
9
15
9
19
15
12
10
18
6
15
11
13
19
19
13
20
13
9
13
19
15
8
14
10
16
7
8
18
11
20
14
12
17
11
10
18
6
13
9
11
19
9
9
19
19
20
14
6
19
15
11
6
10
18
17
16
11
17
20
20
15
18
18
6
9
20
15
7
8
16
7
11
13
8
18
18
16
20
20
13
8
13
11
9
11
20
11
16
15
20
11
12
16
17
17
13
8
14
10
14
13
16
9
8
19
11
8
13
15
20
8
17
8
16
18
14
10
14
19
8
17
15
7
12
12
12
11
8
6
9
14
14
11
19
9
12
16
7
15
13
6
9
11
15
8
9
6
12
17
19
20
18
10
9
11
19
14
20
11
14
14
13
19
8
12
8
13
10
8
11
7
9
9
19
13
8
17
13
7
9
19
12
12
11
14
7
13
16
11
14
14
18
20
12
14
12
10
14
8
16
6
17
11
6
12
17
15
8
17
15
10
16
15
6
9
17
19
19
14
15
11
14
6
16
6
10
12
18
15
17
9
14
16
19
7
7
14
6
15
12
12
18
8
20
16
16
8
7
16
6
8
11
6
14
7
15
14
15
15
8
14
19
19
16
8
20
15
14
18
12
11
11
17
20
12
13
15
9
14
15
19
14
12
12
11
13
8
16
15
7
11
16
9
17
8
15
12
14
7
12
20
9
16
17
6
18
19
11
17
10
15
7
8
12
18
17
15
20
6
6
8
18
9
20
10
20
6
6
15
20
15
7

15 27 49 76 92 107 119 148 164 