10 150 5 
11
20
16
8
11
18
10
10
18
19

13 34 54 68 93 118 146 160 181 192 212 226 254 274 295 306 316 333 359 378 395 425 437 463 477 492 506 516 539 564 587 599 611 621 639 662 674 702 716 731 758 788 808 824 849 879 899 917 934 961 983 1009 1020 1035 1062 1087 1117 1134 1147 1175 1202 1231 1252 1269 1279 1294 1304 1330 1354 1384 1394 1424 1453 1480 1494 1515 1528 1554 1566 1585 1607 1633 1651 1664 1681 1692 1717 1744 1763 1789 1807 1828 1840 1861 1876 1889 1902 1924 1954 1969 1988 2006 2016 2030 2045 2068 2081 2111 2122 2148 2166 2189 2204 2225 2242 2259 2282 2301 2320 2349 2377 2387 2406 2421 2436 2447 2464 2489 2499 2510 2530 2557 2569 2598 2611 2635 2655 2665 2679 2698 2709 2735 2760 2781 2792 2807 2830 2856 2871 