200 100 5 
7
10
11
9
11
17
12
20
18
8
20
11
15
6
9
14
9
9
6
6
13
18
19
16
8
17
5
15
5
20
18
11
20
10
8
14
12
13
14
17
18
15
11
18
10
19
5
9
14
16
13
12
13
18
10
15
5
17
19
15
20
6
17
17
11
10
19
6
5
18
20
19
6
9
10
14
7
12
16
11
17
11
7
8
8
14
9
5
11
7
14
9
9
7
18
17
5
19
6
9
13
8
5
16
7
12
11
7
13
8
17
10
12
19
12
19
7
16
7
11
17
11
14
19
11
15
13
18
10
12
7
15
12
7
11
17
13
19
20
5
5
15
17
16
20
15
20
5
18
15
14
9
16
5
11
6
18
7
10
13
17
13
16
15
12
8
13
14
15
19
15
15
7
9
6
19
20
8
8
6
16
20
5
7
15
14
13
10
7
6
17
10
18
15
8
19
18
18
19
14

12 26 37 63 80 103 122 138 151 178 201 217 227 256 271 297 310 330 359 384 404 424 444 472 494 511 521 538 560 586 612 626 651 669 685 710 725 752 780 794 820 836 849 875 898 914 932 961 975 989 1014 1026 1043 1063 1091 1104 1122 1151 1173 1197 1216 1232 1252 1263 1273 1301 1321 1346 1368 1383 1412 1441 1457 1471 1493 1514 1531 1560 1576 1600 1624 1644 1666 1693 1718 1733 1749 1773 1792 1805 1831 1847 1876 1898 1914 1927 1955 1980 1993 