400 10 5 
9
14
18
11
19
6
12
13
12
9
5
18
10
5
13
14
18
15
15
10
6
12
11
9
14
6
7
10
10
12
18
16
7
11
9
17
16
12
13
12
7
14
20
15
20
6
16
8
13
19
13
10
7
7
14
18
12
19
11
10
13
18
20
13
9
10
9
12
15
14
12
17
17
7
7
19
10
19
11
9
17
14
8
18
14
17
20
20
12
9
6
20
15
10
18
5
9
19
10
20
8
19
18
20
17
12
20
5
19
7
6
11
5
8
9
12
18
19
19
9
7
15
15
17
9
11
20
18
12
14
19
17
18
19
5
12
16
5
5
15
8
7
9
20
18
8
6
14
12
20
20
7
20
14
16
8
19
13
18
10
12
20
14
11
5
7
14
19
6
11
16
7
16
13
12
13
16
6
9
17
19
13
16
7
12
13
16
19
20
8
20
6
17
12
18
9
10
6
6
15
10
5
15
6
20
16
7
14
6
10
8
13
16
20
13
18
6
20
7
8
20
5
18
13
19
15
7
20
9
8
19
9
5
11
8
19
11
8
18
14
12
12
13
9
11
19
5
13
11
11
14
16
13
11
5
9
8
20
6
5
9
6
15
8
14
6
5
8
14
14
6
7
12
5
15
15
11
17
14
19
19
11
11
19
20
18
19
16
11
19
5
17
19
7
17
6
14
13
12
11
20
9
9
15
11
13
5
5
8
7
18
10
5
11
7
9
20
19
5
12
18
20
13
19
15
19
16
9
13
8
7
5
6
17
5
15
20
10
9
20
11
12
8
12
10
20
10
9
18
5
20
18
5
16
6
18
20
19
6
11
18
15
13
14
12
15
16
15
13
6
18
20
12
8
8
15
9
12
13
13
9
16
6
13
14
14
9
5
10
14
10
17
5
11
6
14
13
10
20
7

20 42 52 65 83 112 133 149 177 