300 20 7 
10
8
8
19
17
10
10
18
11
18
13
15
14
18
7
10
14
11
7
9
7
8
13
10
17
8
8
11
19
17
8
8
12
13
17
16
7
18
11
16
11
13
8
8
7
10
11
10
19
7
19
20
7
9
18
17
19
13
15
20
18
14
7
10
17
16
19
8
10
14
10
18
13
10
7
13
19
19
10
8
15
10
18
14
8
17
7
17
19
10
16
14
7
7
9
17
13
13
13
14
17
8
7
7
19
15
8
7
18
11
8
19
9
14
19
12
14
11
15
13
20
13
16
13
8
7
7
14
8
11
12
18
20
18
15
9
19
16
19
17
12
19
20
13
12
10
7
15
13
7
17
14
8
10
13
15
16
16
9
10
19
12
7
15
11
17
10
12
15
14
11
16
13
15
19
15
20
17
20
20
7
9
8
10
8
20
19
10
14
8
18
17
9
10
9
18
12
18
12
17
13
7
10
11
13
17
10
10
10
14
17
13
16
19
17
7
20
11
15
16
17
19
18
8
12
16
11
11
15
7
18
11
7
7
10
12
10
8
8
12
12
11
15
10
14
17
8
12
19
13
7
11
14
14
12
10
7
10
14
9
7
14
19
13
11
15
15
17
12
14
7
8
18
20
19
20
19
15
20
16
13
15
12
11
15
15
14
19
12
10
10
11
7
16
17
20
11
11
7
9

30 53 74 99 128 143 166 196 218 241 261 279 304 327 356 386 405 426 443 