300 20 6 
11
19
6
18
7
18
12
7
7
17
17
19
11
7
20
16
16
16
8
14
17
18
14
19
20
20
20
20
8
14
8
16
14
10
10
13
18
20
20
20
19
16
9
11
18
16
20
19
10
16
20
13
17
16
18
12
19
18
17
12
16
10
17
6
6
10
9
6
20
14
10
19
17
10
9
15
6
8
11
11
17
11
11
16
12
8
10
13
13
7
19
15
6
20
20
9
12
11
9
15
15
11
16
15
15
8
15
18
17
12
7
8
6
12
15
13
6
13
19
13
6
15
13
19
17
12
9
6
11
16
10
12
19
12
10
18
8
15
19
8
11
10
16
13
14
12
6
10
8
18
13
19
20
6
11
18
17
9
12
19
8
7
6
14
17
20
8
13
6
12
14
13
15
8
19
13
19
8
8
6
16
12
19
8
8
8
20
17
8
16
10
15
20
8
16
10
14
10
9
20
12
6
13
15
14
7
20
17
10
9
18
19
18
19
7
20
7
18
17
17
18
18
14
10
14
17
9
8
15
15
10
19
13
7
13
6
20
14
13
6
14
19
15
6
16
18
8
19
9
10
14
17
18
17
9
20
8
16
17
20
20
15
8
8
20
8
15
17
16
12
6
18
20
14
7
15
18
8
14
19
12
19
16
9
16
20
10
18
7
11
19
18
11
19
10
9
20
9
7
12

29 52 78 99 126 148 160 188 205 230 258 270 288 318 332 358 375 394 422 