200 50 6 
7
20
10
10
14
12
18
12
16
13
18
18
15
15
20
11
19
11
8
16
17
8
11
13
17
8
11
13
8
12
18
7
15
17
6
7
15
20
19
8
15
13
19
17
17
14
12
18
13
16
14
9
10
14
19
19
10
8
13
18
12
12
13
13
15
6
10
16
12
19
8
20
6
12
7
14
10
20
13
17
10
12
14
6
14
6
7
6
10
8
19
13
20
14
14
13
20
12
17
6
9
18
8
16
6
10
20
9
17
6
7
8
19
20
18
8
8
7
11
14
19
12
20
9
12
12
14
13
13
13
16
17
10
12
14
15
8
11
19
10
17
6
14
16
6
7
9
19
12
10
8
10
17
15
20
7
16
8
11
10
18
19
17
9
9
18
13
19
17
16
19
8
6
16
12
16
16
18
6
8
17
9
17
9
10
16
11
16
17
15
6
12
15
13
16
20
13
10
14
9

28 44 70 88 105 117 138 152 166 186 208 223 249 272 301 315 333 354 372 393 413 431 461 482 508 538 559 573 585 606 632 655 679 702 729 759 783 802 821 843 857 881 898 925 948 974 992 1017 1038 