350 30 6 
6
14
14
18
12
6
20
20
19
7
16
16
9
13
8
20
18
14
12
6
20
10
8
10
13
12
20
19
14
20
8
8
19
20
17
18
17
15
13
8
20
7
12
7
8
14
18
18
20
6
15
17
13
9
17
17
8
11
8
15
6
15
12
9
9
8
12
12
9
6
9
16
7
11
11
8
12
19
20
12
9
16
20
11
8
16
16
8
10
10
13
18
16
18
14
9
8
16
15
9
16
8
18
7
17
15
20
12
19
9
12
16
15
8
10
8
20
18
17
20
19
15
15
8
19
7
14
7
19
12
8
9
12
15
13
8
16
9
18
16
13
15
11
11
15
17
12
14
12
17
15
18
19
19
19
18
15
17
19
16
19
16
8
14
18
8
17
20
18
13
15
12
6
9
13
15
16
19
11
18
16
11
16
15
15
18
15
13
7
16
9
13
17
17
10
13
20
16
11
18
17
18
10
8
17
15
18
14
8
13
8
19
8
6
14
16
7
15
9
11
7
7
16
7
18
8
16
12
9
9
12
18
11
9
19
8
12
10
10
11
18
11
19
16
16
14
9
19
11
11
7
9
12
11
6
10
8
12
15
10
16
14
13
19
7
17
15
7
18
9
12
20
13
15
9
15
10
11
9
14
6
13
7
7
8
17
14
16
6
19
14
14
20
18
16
8
10
18
11
17
14
8
19
7
19
11
14
15
16
16
11
8
20
12
16
13
20
12
17
10
18
19
18
12
6
7
19
12
18
9
16
19
9
19
10
20
15
7
6
15
16
18
11
13
7
11
16
13
20
9

13 30 46 69 99 118 141 163 192 213 243 259 280 297 323 352 374 404 427 452 475 489 507 520 536 558 581 604 628 