350 50 7 
16
16
18
16
20
8
15
16
16
8
19
9
13
19
14
7
12
19
18
7
13
16
8
20
8
17
18
12
19
13
12
20
12
10
9
7
20
14
7
18
10
19
18
9
10
7
9
8
15
13
7
8
17
15
7
13
13
19
11
20
20
16
15
20
12
8
19
14
13
16
8
13
11
15
10
17
8
17
13
11
11
10
13
19
13
13
15
12
15
10
20
11
8
11
19
17
7
11
18
8
20
14
17
7
16
8
13
10
7
20
8
11
11
20
15
19
18
16
7
16
14
7
18
12
17
7
9
20
20
13
11
12
14
7
19
8
12
9
17
18
19
20
7
9
12
13
19
14
8
15
19
10
11
11
20
20
19
12
9
19
14
12
10
13
19
13
12
7
17
8
15
12
9
18
12
18
12
13
17
7
8
16
19
12
13
12
20
19
8
14
15
19
10
10
11
12
18
12
20
17
17
17
19
19
17
8
7
9
18
14
20
15
19
19
18
19
16
13
10
14
11
15
11
15
16
9
17
7
10
10
12
8
11
19
19
14
19
14
13
20
17
10
20
19
17
16
12
16
10
10
18
14
15
17
17
14
16
8
7
14
20
13
11
14
14
8
18
16
10
18
14
16
9
18
19
18
20
7
11
18
20
13
11
10
13
8
17
15
16
7
16
13
20
7
8
18
7
8
7
11
15
20
7
19
7
18
20
9
9
12
16
8
17
20
18
13
15
20
15
17
9
13
17
11
20
20
15
10
13
11
15
12
10
19
18
9
12
11
13
11
15
13
15
13
16
13
13
18
17
13

21 45 63 93 121 139 169 194 222 249 271 289 308 323 351 367 390 418 448 469 484 509 534 550 575 605 629 656 672 692 708 728 742 756 773 799 817 841 864 885 912 928 950 977 998 1024 1047 1072 1088 