350 100 7 
18
20
17
18
11
13
20
16
17
16
13
15
15
13
15
14
17
17
18
17
12
20
18
12
20
9
19
19
9
19
13
13
11
7
13
11
13
8
14
13
18
7
8
8
15
20
14
7
13
16
16
9
11
10
16
7
12
12
19
18
17
17
12
12
8
12
9
12
9
9
15
12
11
7
7
8
17
17
15
8
17
14
10
20
8
8
14
11
20
12
11
17
8
13
11
7
13
20
19
18
15
10
13
16
20
20
13
13
9
14
18
20
16
15
16
11
15
20
8
9
16
12
12
9
19
7
9
13
12
16
15
16
18
13
15
9
14
11
16
10
10
12
18
15
16
15
13
18
11
19
13
19
12
13
14
13
8
16
14
13
9
9
8
15
13
19
19
17
13
13
18
10
8
12
10
14
16
13
15
20
19
15
19
8
15
7
17
18
7
8
16
7
12
17
12
14
8
13
11
9
11
18
18
8
15
18
17
13
14
11
8
15
18
8
9
13
11
15
14
8
13
20
14
14
17
7
15
17
17
7
18
15
17
18
14
13
9
11
13
18
7
8
11
14
18
9
8
18
16
20
16
8
17
18
20
10
10
15
8
18
9
14
8
14
17
13
16
18
13
7
12
14
8
8
10
12
17
16
15
14
12
7
17
13
17
13
16
18
16
12
9
17
11
18
18
11
12
9
11
8
20
10
7
18
7
16
7
17
15
7
14
11
12
13
11
12
8
10
11
14
16
20
11
13
10
17
10
19
11
15
19
15
19
8
12
20
15
16
7
20
20
16
15
12
20
12
12
8
17
15

18 36 59 75 89 113 129 155 178 200 229 253 280 309 331 357 386 403 425 439 466 496 520 548 571 596 622 637 657 679 704 725 747 772 802 826 849 863 885 912 936 955 978 1000 1019 1035 1063 1085 1110 1126 1152 1179 1196 1224 1239 1269 1293 1316 1332 1350 1374 1390 1406 1427 1445 1474 1497 1521 1537 1566 1590 1609 1637 1661 1691 1716 1732 1748 1768 1794 1819 1845 1865 1884 1913 1939 1955 1972 1999 2022 2042 2070 2099 2118 2145 2160 2190 2205 2235 