300 10 7 
8
9
11
10
9
16
10
11
15
8
17
11
19
14
9
8
7
18
12
10
14
17
15
19
16
10
17
11
18
10
14
20
20
18
19
18
11
16
12
14
19
11
15
19
14
13
16
17
8
15
13
15
14
18
20
16
17
10
10
16
9
12
15
16
17
20
8
10
19
8
18
17
18
11
16
8
10
11
16
8
14
17
11
11
16
18
20
7
15
13
15
7
13
8
13
7
9
14
13
16
17
14
7
12
16
12
12
15
9
8
17
10
8
8
13
11
14
15
11
20
16
16
13
10
20
14
19
8
14
19
10
16
10
19
19
10
16
19
17
9
13
17
14
18
15
12
13
13
15
10
12
12
15
13
11
18
10
17
7
17
9
15
19
12
19
13
18
8
10
14
9
17
16
18
7
17
11
13
15
16
14
13
9
13
10
15
11
19
7
19
9
17
7
8
14
16
14
10
14
7
20
11
13
10
18
20
8
12
19
17
19
8
11
11
10
14
8
18
19
20
20
8
9
9
14
11
12
9
19
16
11
14
8
12
14
19
15
14
18
7
16
7
12
18
13
19
20
9
16
19
18
15
10
8
13
16
12
9
15
13
9
11
18
14
7
11
14
7
13
13
13
15
20
8
7
17
15
13
12
11
20
20
16
18
11
19
19
9
10
18
11
11
7
15
10
12
20
18
11
8

17 42 62 78 100 123 138 168 193 