300 40 6 
19
11
9
6
18
7
11
8
15
19
8
11
6
16
17
17
19
16
9
20
19
9
6
13
14
7
12
18
17
7
16
20
14
14
18
12
15
8
18
7
18
20
15
9
14
7
9
16
20
11
13
14
15
19
18
8
12
17
13
11
9
20
8
11
7
11
16
10
9
12
10
17
16
8
8
9
6
12
11
13
13
12
19
11
13
9
18
6
15
6
16
17
8
7
8
15
11
17
10
20
13
12
6
20
10
14
8
11
20
15
20
15
12
12
16
15
13
9
17
16
15
6
20
19
9
10
9
15
6
12
14
11
8
10
14
12
15
7
20
17
13
12
11
16
9
7
12
6
8
11
20
14
18
9
12
16
14
16
8
7
6
11
10
15
8
14
6
8
12
19
18
10
12
11
17
12
20
11
19
15
18
14
13
11
11
15
14
17
12
15
14
13
10
17
11
11
12
20
17
18
11
19
20
11
12
15
13
12
8
13
17
8
14
19
12
19
18
18
18
19
7
10
14
20
13
9
11
13
12
14
12
17
10
10
7
7
19
16
16
20
16
6
11
9
17
12
20
9
7
19
8
7
15
13
14
17
15
18
8
7
12
15
15
8
14
20
9
7
11
12
7
14
16
7
11
10
10
14
11
18
8
19
11
9
18
6
10
9
19
10
12
8
20
15
15
11
16
10
16
19

29 45 73 97 125 149 174 191 210 235 250 263 289 307 332 355 369 389 411 441 460 482 506 520 540 557 579 602 616 631 650 675 688 706 725 750 771 796 817 