350 20 5 
15
11
14
14
8
7
16
7
15
14
14
20
17
19
15
19
15
19
12
8
18
8
6
12
10
14
12
6
8
20
12
10
12
5
10
15
17
7
16
6
8
20
5
7
19
8
16
14
19
10
14
6
19
15
19
20
7
10
14
8
15
8
15
15
16
12
13
13
5
6
19
9
18
10
12
9
9
14
15
16
17
19
12
5
20
8
7
5
7
11
20
12
15
18
20
16
18
9
15
15
12
12
19
10
19
8
11
17
13
13
19
17
17
6
11
12
11
12
11
8
20
8
6
10
17
8
18
20
10
20
7
13
14
17
5
16
5
5
11
8
6
12
5
10
11
11
6
19
18
19
7
20
20
8
14
11
11
19
18
20
16
20
13
15
19
12
20
20
15
10
20
20
12
5
13
18
7
9
19
19
15
5
18
17
17
20
18
6
7
11
11
7
12
19
11
14
19
6
5
13
9
16
13
16
7
14
18
18
13
10
10
19
12
10
20
8
18
5
10
19
11
7
6
5
6
7
6
17
6
7
19
19
10
12
14
17
16
16
12
17
5
20
20
11
15
9
6
16
15
16
15
11
17
16
10
6
6
9
9
17
20
7
20
15
12
9
17
17
13
18
20
7
7
16
9
19
18
11
16
17
16
16
8
5
16
15
16
19
20
17
10
20
6
14
16
7
6
14
11
7
7
14
18
12
11
6
16
20
12
8
10
19
13
11
15
9
16
10
16
19
9
7
17
20
18
19
17
6
16
18
7
11
7
10
13
9
10
13
18
6
5
8
10
15
14
11
9
15
9
9

18 29 46 70 82 92 103 132 152 176 186 215 238 260 287 303 321 338 359 