200 10 7 
20
12
15
9
14
7
11
12
11
8
19
9
17
19
7
15
19
17
8
7
17
19
16
17
17
19
19
14
14
15
9
15
9
20
15
7
20
16
17
7
11
20
7
17
13
20
18
8
9
8
15
20
16
13
11
11
14
19
14
13
9
9
11
18
15
12
13
16
10
7
15
16
12
12
17
20
16
20
15
17
20
7
17
13
16
12
12
18
14
19
11
19
12
9
10
12
10
18
7
11
19
7
15
12
19
14
15
17
16
9
19
19
14
15
19
18
19
18
20
15
13
7
14
9
16
18
15
12
12
11
18
20
18
13
8
17
18
10
18
20
13
10
9
14
7
16
14
11
9
14
17
14
20
10
19
14
12
12
18
9
12
15
9
14
13
20
7
16
15
8
12
11
17
19
8
10
10
10
12
13
14
12
17
18
7
18
15
14
20
11
18
19
7
12
17
10
20
17
19
19

16 44 59 76 92 112 141 162 179 