200 50 5 
6
16
15
8
10
15
19
14
5
10
13
12
14
13
14
11
6
18
5
17
13
10
17
20
6
15
20
10
9
7
9
19
9
11
7
9
5
9
5
6
18
7
17
7
8
9
12
16
11
20
8
16
14
20
5
6
19
11
8
20
6
11
13
19
11
6
15
8
5
20
5
5
8
5
15
19
17
7
17
14
5
10
15
17
7
18
11
20
14
13
10
19
6
6
13
17
6
9
15
13
18
8
11
20
17
13
16
7
18
16
6
14
10
12
19
13
18
13
10
5
15
13
20
14
17
15
17
5
16
11
16
17
20
12
13
10
20
6
11
11
17
12
19
7
20
17
11
10
5
13
10
18
14
18
11
14
15
16
17
5
19
6
10
10
19
9
6
15
9
10
9
8
8
19
15
17
10
18
16
18
10
10
5
18
19
6
9
10
8
15
19
11
6
16
20
19
7
8
12
11

19 33 61 77 107 123 149 161 184 204 234 249 277 291 304 332 353 375 405 430 442 472 483 493 508 531 559 581 597 624 636 662 683 706 718 745 759 789 799 814 831 859 884 901 916 931 941 966 981 