300 150 5 
14
17
6
15
12
8
10
7
20
12
12
7
5
12
14
7
17
7
20
11
11
15
9
6
17
13
17
9
11
6
14
11
20
13
7
13
9
8
5
14
16
7
16
13
11
18
10
13
13
18
10
14
12
19
12
9
7
8
6
12
10
16
14
7
16
8
10
6
8
17
8
16
11
19
16
15
13
17
7
17
18
15
5
14
20
18
9
11
18
8
11
15
10
8
18
20
9
10
8
16
18
9
10
20
14
8
20
5
20
20
13
9
10
8
15
20
10
6
10
20
7
5
8
10
18
6
20
10
8
12
7
20
15
10
20
20
17
15
5
7
7
16
20
15
10
5
14
8
6
7
5
12
17
7
6
20
10
19
11
17
5
5
17
10
6
12
12
6
11
15
9
12
15
15
20
9
13
12
12
18
18
11
20
11
6
7
11
7
12
6
14
16
7
13
12
9
15
6
11
19
5
16
9
13
20
8
5
16
8
7
15
9
20
12
14
8
14
12
16
9
13
7
7
16
6
12
18
11
19
16
9
19
6
11
14
19
13
19
16
11
6
14
17
7
20
17
10
12
18
14
14
19
8
14
13
10
12
11
10
6
10
18
14
13
7
7
14
20
18
9
11
20
13
7
9
18
11
19
18
15
10
6
11
13
18
20
8
19
14
18
12
19
11
5
19
10
15
12
19
8

19 43 57 72 90 120 142 157 178 206 228 258 269 285 309 327 337 351 373 390 420 445 470 500 510 533 545 556 568 581 610 633 656 675 695 711 738 757 787 808 830 860 878 890 902 918 939 962 973 996 1019 1049 1067 1077 1095 1125 1151 1181 1210 1230 1252 1271 1283 1293 1323 1353 1368 1378 1403 1415 1437 1452 1473 1488 1515 1530 1548 1562 1586 1611 1623 1639 1653 1680 1690 1706 1726 1742 1771 1795 1816 1835 1855 1865 1889 1915 1943 1963 1974 1998 2017 2046 2069 2084 2098 2112 2130 2151 2176 2192 2211 2241 2258 2268 2286 2296 2316 2331 2354 2380 2390 2410 2425 2452 2479 2505 2517 2534 2554 2568 2594 2608 2625 2655 2676 2688 2703 2731 2758 2781 2800 2828 2843 2869 2893 2905 2930 2954 2968 