350 150 5 
15
13
9
15
9
6
12
20
12
5
9
18
6
13
20
11
18
10
10
9
15
19
17
6
13
18
16
15
10
20
19
6
15
12
8
7
5
13
14
14
12
8
15
7
12
18
10
5
13
10
6
7
5
10
20
8
16
11
5
7
5
14
12
7
6
8
20
7
8
13
5
20
20
17
19
13
12
10
8
7
18
10
20
18
6
13
18
12
15
14
12
5
13
14
17
19
12
7
6
7
10
13
11
15
12
7
16
13
14
13
7
8
11
18
11
17
12
20
18
9
20
17
15
17
11
13
11
18
8
17
5
15
5
6
7
7
14
19
11
15
10
18
14
16
14
9
20
12
14
8
12
7
5
15
5
19
6
18
17
13
20
15
9
7
15
15
17
5
16
12
14
11
8
18
5
6
20
8
5
11
19
17
8
14
10
14
6
20
8
6
11
10
6
9
10
7
17
17
18
15
12
11
16
10
15
20
5
20
20
7
9
6
20
6
15
6
13
7
11
10
7
17
18
18
7
6
17
7
19
20
17
15
8
7
9
18
8
17
20
17
8
13
5
6
9
16
8
7
20
17
11
15
12
10
13
14
15
15
5
15
13
15
6
11
12
9
18
13
11
17
13
5
6
18
19
17
10
6
12
9
9
20
14
9
15
10
20
5
6
12
15
7
7
11
10
13
18
8
18
17
16
11
5
9
7
16
10
16
14
17
18
20
18
10
13
18
8
8
16
14
19
20
5
8
8
15
20
11
17
13
17
8
15
7
6
19
19
12
18
12
14
9
18
16
8
9
15
16
14
13

25 39 54 76 91 120 143 158 173 187 211 236 249 263 281 308 328 353 383 410 420 449 478 489 501 525 537 567 597 621 643 668 696 712 738 748 764 786 810 838 855 883 894 919 929 946 961 989 1001 1012 1025 1055 1080 1103 1113 1124 1137 1160 1180 1204 1215 1227 1239 1259 1288 1313 1324 1342 1354 1380 1394 1409 1429 1445 1457 1476 1497 1516 1536 1564 1592 1612 1640 1655 1666 1691 1713 1733 1743 1755 1779 1798 1814 1825 1846 1872 1899 1913 1941 1966 1992 2019 2048 2069 2094 2106 2130 2147 2157 2168 2178 2204 2234 2247 2273 2300 2320 2346 2356 2375 2405 2423 2445 2457 2476 2493 2520 2548 2569 2584 2604 2629 2644 2670 2690 2711 2731 2761 2783 2801 2821 2845 2869 2896 2925 2944 2962 2975 2997 