200 150 7 
18
12
12
8
20
13
16
19
14
9
13
14
19
8
20
8
8
11
10
15
14
16
16
10
7
19
9
15
9
10
8
18
10
14
9
12
17
10
7
14
9
13
7
7
19
10
12
14
17
17
15
16
12
19
17
19
8
14
10
17
7
19
11
9
9
14
9
12
14
18
8
9
20
16
15
13
12
12
12
15
17
14
18
10
7
19
9
14
12
11
12
13
13
9
10
17
14
7
10
9
18
14
15
19
10
9
15
20
13
18
10
7
19
16
10
11
16
11
17
14
12
13
19
15
7
14
14
16
9
15
12
12
13
19
8
12
16
13
8
20
10
7
16
13
11
19
10
15
11
14
12
9
19
7
15
19
16
13
11
15
18
19
11
15
17
14
9
14
20
20
17
13
15
7
11
11
9
17
17
8
16
12
20
13
15
8
15
17
13
15
13
16
11
13
11
14
14
19
8
7

26 40 58 86 103 126 144 169 184 200 230 252 274 291 306 332 346 373 395 424 454 474 503 523 543 560 574 601 625 655 672 689 719 745 768 782 808 832 855 880 898 916 942 960 989 1017 1044 1061 1086 1116 1132 1153 1178 1193 1221 1251 1277 1297 1312 1336 1359 1387 1414 1429 1445 1459 1485 1512 1538 1552 1566 1583 1612 1626 1641 1661 1690 1716 1731 1757 1778 1800 1824 1849 1872 1886 1910 1938 1961 1989 2009 2029 2055 2081 2111 2127 2146 2167 2182 2207 2222 2236 2264 2284 2305 2332 2357 2381 2407 2428 2452 2473 2489 2514 2540 2557 2575 2592 2613 2642 2661 2675 2702 2721 2751 2778 2798 2824 2844 2872 2901 2919 2935 2965 2990 3015 3044 3062 3077 3106 3132 3154 3169 3188 3213 3238 3264 3285 3303 