200 30 7 
13
16
10
14
13
19
12
17
17
15
8
20
16
18
18
8
11
20
19
17
20
18
13
17
17
12
15
9
17
9
16
18
13
19
18
18
8
7
15
13
9
13
11
18
11
12
13
14
7
9
7
15
16
16
10
10
19
19
9
8
20
11
12
14
15
20
20
13
15
14
11
16
8
13
12
17
13
17
10
7
12
15
13
14
8
8
15
15
9
9
13
18
12
11
9
16
16
15
12
7
11
11
16
20
7
7
7
13
12
17
7
11
7
10
12
8
8
13
10
13
13
15
9
10
19
20
14
7
19
15
13
14
7
15
20
15
16
14
14
16
7
20
9
20
16
9
8
19
17
17
13
14
20
8
11
8
16
19
7
15
7
10
15
19
20
9
19
10
14
11
15
7
13
9
12
15
14
13
7
20
18
16
14
16
13
14
16
12
13
12
18
14
7
15
18
15
15
17
19
18

24 52 79 107 125 139 164 184 213 230 256 270 295 319 336 355 381 397 411 432 449 479 508 535 549 568 594 620 634 