300 100 6 
17
20
9
9
10
16
10
8
8
17
18
6
14
10
9
15
14
19
17
7
12
6
10
10
14
12
19
15
15
18
9
16
8
6
17
10
12
12
17
18
7
11
16
7
15
15
16
10
19
11
17
16
10
14
16
6
13
8
18
18
15
13
19
8
11
6
14
20
11
17
15
15
11
10
16
14
19
14
13
17
9
11
14
8
13
17
18
10
15
11
20
10
8
9
7
6
8
8
10
13
10
9
7
16
6
12
18
18
18
11
9
19
18
20
16
13
8
20
10
19
20
17
8
9
20
14
11
11
7
9
6
10
10
14
11
17
11
12
15
12
13
17
17
7
8
19
11
18
19
15
9
16
15
15
8
18
7
18
6
6
18
15
12
8
7
14
12
11
13
12
16
18
10
15
17
16
17
12
8
14
15
17
17
8
20
17
18
18
14
20
14
8
16
9
12
16
9
11
16
14
15
15
13
13
13
10
14
15
14
12
8
10
12
14
15
16
17
20
13
19
15
18
9
20
7
15
12
17
9
14
18
11
16
10
17
16
9
18
12
19
18
19
7
9
17
15
18
16
8
18
12
14
15
6
8
19
16
20
12
11
10
7
17
10
14
19
20
10
7
17
10
19
7
18
14
13
15
10
17
20
17
9
7
19
7
14
6
16
6
19
15
8
10
20
16
15
6
18
18
14

24 47 61 83 96 119 140 152 168 198 219 238 261 274 295 312 337 361 377 403 417 434 446 476 497 514 527 555 580 598 628 653 677 696 710 739 751 768 785 809 836 861 886 913 936 959 972 988 1006 1032 1051 1067 1087 1107 1126 1138 1151 1172 1199 1221 1242 1256 1278 1305 1330 1357 1374 1388 1418 1444 1460 1487 1502 1517 1531 1561 1576 1593 1612 1628 1651 1680 1702 1716 1734 1756 1780 1802 1824 1841 1869 1892 1912 1933 1947 1973 1985 2008 2034 