100 100 7 
17
15
12
14
14
17
12
20
14
14
10
18
13
19
19
15
17
8
14
8
19
13
15
15
10
16
17
17
8
8
12
19
17
13
8
13
9
16
7
10
20
13
18
10
13
12
17
7
7
7
11
7
11
13
18
9
13
7
8
18
9
11
20
19
14
7
16
18
17
12
11
12
13
15
11
17
12
19
16
14
8
15
8
15
7
15
11
8
17
10
7
9
12
17
8
19
7
16
12
13

24 52 67 96 122 151 180 206 234 248 273 296 323 338 364 378 401 424 443 462 487 513 536 558 573 588 607 628 644 670 686 710 727 746 767 793 812 835 865 881 906 927 947 967 982 1000 1015 1040 1063 1080 1108 1125 1141 1169 1184 1201 1221 1244 1274 1288 1318 1337 1363 1382 1401 1421 1448 1476 1506 1535 1559 1575 1600 1630 1646 1664 1685 1701 1728 1751 1774 1801 1820 1846 1875 1903 1925 1946 1963 1981 2007 2031 2051 2074 2094 2118 2148 2167 2187 