100 100 6 
14
19
14
8
17
12
7
18
18
17
9
13
14
20
11
8
13
15
11
14
15
10
18
8
13
15
11
13
14
18
16
11
15
6
20
15
19
10
17
20
8
17
12
20
13
19
17
13
13
18
19
9
20
13
14
15
8
19
16
16
11
13
14
14
8
18
6
13
17
6
10
12
6
17
12
17
6
18
6
9
14
11
16
12
9
8
16
17
19
8
13
11
13
12
10
13
8
8
14
16

30 51 78 106 133 159 181 197 225 248 262 292 320 332 360 381 400 419 445 458 484 507 528 547 565 591 613 628 642 665 682 710 729 747 764 786 803 824 854 877 898 921 951 964 994 1018 1030 1053 1069 1086 1099 1123 1148 1172 1191 1217 1244 1266 1282 1304 1330 1346 1375 1402 1427 1449 1471 1499 1525 1552 1580 1610 1627 1643 1670 1698 1727 1751 1765 1784 1803 1816 1845 1871 1883 1910 1937 1959 1975 2002 2021 2047 2063 2090 2114 2133 2163 2182 2205 