200 150 5 
5
5
8
20
19
18
19
19
6
6
13
8
7
12
19
6
7
12
20
7
11
10
13
14
9
16
5
11
19
13
11
16
5
13
13
18
10
12
10
18
19
6
10
12
10
16
12
15
20
12
16
14
5
8
6
7
9
9
7
18
16
7
19
12
9
8
10
5
18
17
15
6
15
10
9
7
9
18
12
16
9
18
8
14
5
6
17
9
10
10
15
20
11
18
6
20
9
13
8
20
20
10
10
8
17
10
20
17
12
8
13
17
15
7
6
15
19
12
6
13
7
12
6
8
15
6
14
16
14
20
16
8
8
13
18
16
17
15
18
18
10
12
5
10
13
19
17
9
6
16
13
11
5
6
5
7
18
12
17
7
16
5
8
10
5
5
17
6
8
16
11
17
12
5
14
18
12
12
17
19
7
12
13
11
15
16
18
9
12
11
9
19
6
9
10
16
19
7
14
18

18 39 49 60 82 95 113 128 146 164 184 205 229 241 270 284 298 310 322 349 368 394 409 435 449 478 495 518 537 559 586 611 622 647 658 671 701 721 750 777 794 804 814 828 844 862 890 913 932 943 956 969 981 1006 1033 1055 1078 1104 1128 1138 1162 1190 1205 1221 1242 1253 1282 1306 1320 1335 1365 1390 1407 1426 1453 1464 1481 1506 1518 1530 1549 1575 1590 1616 1644 1671 1688 1717 1738 1754 1779 1796 1820 1839 1857 1868 1895 1920 1939 1950 1977 1988 2014 2024 2050 2073 2094 2108 2135 2147 2166 2181 2201 2225 2236 2263 2282 2297 2313 2337 2352 2366 2386 2404 2428 2457 2480 2508 2520 2550 2573 2594 2610 2635 2648 2664 2683 2711 2725 2738 2765 2790 2805 2826 2849 2871 2898 2919 2938 