10 150 5 
13
20
6
14
12
5
14
19
6
8

21 44 68 87 99 109 121 143 173 198 214 225 252 262 285 310 321 349 363 378 401 416 430 460 480 500 521 534 564 590 601 626 648 661 674 697 727 754 764 788 808 835 846 867 878 896 911 925 945 968 986 1003 1031 1054 1074 1087 1101 1119 1136 1149 1168 1194 1218 1247 1268 1298 1313 1332 1350 1377 1398 1409 1432 1442 1463 1491 1517 1540 1561 1581 1603 1613 1637 1665 1686 1715 1742 1771 1797 1823 1836 1856 1874 1889 1907 1933 1961 1971 1998 2021 2043 2067 2092 2104 2123 2144 2169 2196 2213 2227 2254 2273 2302 2313 2337 2354 2366 2386 2399 2419 2436 2451 2462 2479 2501 2531 2551 2561 2575 2595 2624 2646 2675 2696 2726 2753 2773 2783 2803 2813 2827 2837 2867 2878 2900 2928 2947 2957 2977 