100 150 5 
12
10
11
12
15
13
13
18
9
18
13
10
19
8
7
19
20
17
11
12
16
15
18
7
14
9
20
14
14
19
9
10
10
13
14
18
13
10
11
17
18
19
18
11
14
13
11
17
16
9
14
19
8
11
16
6
6
13
17
6
20
5
5
14
7
20
19
5
18
16
10
11
11
20
10
20
18
6
18
20
15
10
6
12
11
5
19
20
18
5
6
10
8
15
9
10
10
8
16
14

11 22 34 47 68 98 112 140 154 168 187 198 219 245 261 284 299 311 332 348 375 399 416 439 458 478 498 526 538 565 581 596 612 639 653 666 693 704 716 729 740 770 795 824 846 876 887 897 916 930 951 974 984 1011 1022 1045 1071 1089 1118 1137 1156 1175 1202 1230 1260 1290 1319 1338 1349 1368 1383 1412 1424 1454 1464 1474 1500 1525 1535 1565 1580 1607 1634 1664 1688 1709 1719 1736 1753 1781 1798 1812 1831 1841 1854 1880 1897 1908 1927 1952 1982 2010 2039 2067 2077 2088 2116 2144 2163 2187 2209 2235 2246 2264 2285 2311 2340 2370 2385 2409 2427 2450 2460 2472 2502 2521 2544 2554 2566 2580 2602 2617 2635 2647 2663 2682 2704 2732 2745 2766 2791 2816 2834 2859 2881 2907 2927 2951 2969 