30 100 7 
16
20
9
13
20
17
13
12
13
18
14
20
13
19
8
15
10
19
10
18
9
13
19
15
16
15
12
9
10
19

23 40 64 81 95 116 146 169 191 210 232 252 273 290 317 343 363 393 418 436 459 475 489 505 527 550 564 581 598 618 639 659 676 695 716 744 768 797 817 846 863 893 920 938 959 975 1000 1027 1057 1082 1109 1127 1142 1157 1186 1209 1224 1244 1269 1291 1309 1328 1357 1372 1389 1408 1422 1448 1465 1495 1514 1537 1556 1573 1590 1612 1628 1642 1664 1680 1701 1721 1740 1754 1778 1805 1819 1848 1870 1900 1923 1952 1966 1986 2010 2029 2054 2073 2103 