300 20 6 
7
20
10
12
14
13
9
12
13
20
7
19
18
10
14
9
8
19
14
20
19
17
17
13
20
19
20
17
20
14
13
15
12
10
12
19
10
13
7
6
13
12
19
13
9
7
17
7
9
16
20
11
14
15
20
14
6
15
15
19
11
6
20
10
14
13
12
20
13
19
19
18
14
13
12
7
8
17
10
17
9
9
16
15
20
13
10
17
7
13
8
12
19
13
20
14
6
18
10
16
20
8
17
9
19
20
9
18
15
13
19
15
12
14
8
19
9
18
12
19
17
16
6
6
14
18
14
14
7
15
20
10
6
18
10
11
6
17
11
12
17
17
12
11
8
8
16
9
17
18
13
19
6
16
8
11
14
13
13
11
10
20
12
11
11
16
16
18
17
11
15
13
7
14
11
7
13
11
10
20
13
17
9
11
12
18
8
7
9
8
18
13
18
12
18
13
7
13
9
9
12
7
8
11
7
9
14
8
17
12
19
14
19
7
14
9
9
12
18
15
7
14
19
17
7
6
12
18
20
20
18
15
18
16
12
17
8
6
16
10
13
20
17
18
10
18
18
19
20
15
16
20
14
16
8
13
16
12
19
16
19
12
20
17
7
9
15
18
8
12
13
15
18
14
19
17
20
16
6
7
9
13
17
14
12
6
20
16
18
12
16
9
15
11
15
16
12
9
7
20

29 41 65 83 109 128 141 165 181 193 208 237 253 275 299 315 343 373 389 