200 150 6 
12
12
12
16
18
14
7
20
19
13
7
15
7
13
7
7
8
15
15
18
15
6
16
7
14
20
14
12
17
18
11
14
16
12
6
18
7
20
10
13
18
12
17
19
7
18
17
15
17
14
10
13
20
9
15
10
12
14
11
7
15
14
8
11
17
15
8
12
20
16
7
7
19
17
17
18
11
12
15
6
8
19
8
16
18
11
7
7
6
18
7
12
17
19
20
18
8
14
9
14
9
18
19
14
20
8
19
19
7
6
18
16
12
9
18
14
16
20
9
17
10
12
6
12
7
18
6
20
14
8
9
8
16
18
20
6
19
18
18
14
18
8
13
15
14
17
11
18
10
19
13
16
11
14
13
9
7
6
9
9
7
13
19
19
13
13
20
20
19
6
13
8
17
18
12
11
12
9
12
14
14
20
8
13
8
16
17
16
17
17
13
7
14
14
12
17
12
7
10
14

16 33 49 64 91 110 123 148 169 198 212 235 261 276 295 312 331 350 366 380 399 411 431 448 475 493 510 530 545 565 581 593 615 636 659 686 710 738 760 789 816 832 856 884 903 920 941 965 986 1000 1024 1038 1054 1082 1096 1117 1137 1152 1167 1179 1203 1216 1233 1257 1279 1295 1307 1334 1348 1378 1398 1412 1437 1451 1473 1492 1522 1536 1554 1566 1590 1603 1617 1636 1664 1690 1718 1747 1771 1796 1809 1839 1869 1892 1915 1934 1961 1980 2008 2032 2056 2082 2110 2127 2155 2172 2197 2214 2231 2250 2274 2296 2316 2338 2355 2372 2394 2416 2438 2466 2487 2501 2527 2539 2557 2586 2600 2618 2647 2673 2693 2710 2725 2745 2769 2790 2819 2841 2866 2879 2897 2927 2957 2979 3000 3014 3037 3052 3078 