200 10 7 
10
19
14
8
11
13
12
11
13
17
20
18
13
12
19
9
9
13
12
7
19
20
19
17
15
16
20
17
19
8
8
7
13
8
18
16
8
12
17
11
15
19
14
9
9
18
12
9
7
7
9
11
15
13
16
20
17
18
18
15
15
19
8
20
18
17
14
12
17
20
10
13
18
17
16
20
16
9
20
17
17
17
20
17
10
10
15
13
8
18
13
19
11
13
9
11
7
10
8
13
12
11
16
12
20
17
9
12
8
20
20
17
19
16
18
10
13
10
9
14
18
10
10
16
18
19
20
12
9
20
15
14
15
16
15
20
9
14
9
15
14
12
18
9
14
12
7
15
10
15
11
15
7
11
12
15
19
20
8
11
12
12
19
11
10
19
12
15
7
16
13
14
12
14
13
11
8
11
18
17
18
12
17
16
13
9
16
18
20
17
14
14
19
18
14
19
10
20
11
12

24 45 66 83 105 131 148 163 191 