200 40 7 
10
19
14
20
9
7
12
9
20
15
13
18
12
17
19
19
18
8
7
11
11
10
8
20
17
9
10
9
18
19
12
9
16
8
11
9
20
11
8
12
15
19
13
15
20
12
18
18
13
16
7
9
14
12
7
15
8
11
10
20
16
12
16
15
7
10
13
11
13
15
12
13
9
14
15
16
16
18
18
7
12
16
9
15
18
13
19
17
10
19
7
17
11
12
9
15
18
13
8
9
20
16
15
17
16
11
10
10
17
17
13
11
11
15
19
17
20
9
13
17
12
9
15
11
10
15
16
12
19
13
20
8
9
10
10
19
8
16
19
10
11
19
13
13
10
9
12
10
12
15
10
7
20
20
8
15
14
11
13
16
19
19
14
15
16
20
8
14
17
12
20
8
7
18
20
14
20
7
18
7
13
8
9
13
19
19
19
10
17
12
14
12
17
19
14
20
13
14
19
8

24 48 64 85 109 128 147 170 188 210 232 248 277 302 325 339 356 377 399 427 456 477 496 526 546 573 592 616 635 663 684 703 727 753 781 800 829 859 876 