350 10 5 
6
15
7
9
20
19
7
5
8
6
10
7
6
19
18
20
11
16
9
20
19
8
16
15
14
12
6
11
19
5
11
5
6
13
6
13
6
15
20
7
10
12
18
15
14
16
13
13
8
20
7
9
16
5
13
17
15
20
7
9
7
15
15
18
19
17
6
14
16
6
19
19
13
17
13
14
15
17
11
10
8
17
10
17
8
15
15
17
5
16
14
19
7
18
10
8
7
18
14
5
10
14
11
17
8
13
19
13
17
14
6
19
18
15
10
17
20
16
16
8
7
7
20
16
13
20
6
15
9
7
7
10
10
17
6
11
19
9
12
19
13
16
20
17
14
7
15
20
12
15
6
14
13
16
18
9
17
15
9
14
18
10
9
20
10
6
10
6
6
11
15
9
10
13
14
12
5
15
16
16
6
19
11
10
15
5
14
6
9
9
12
14
9
18
12
12
17
5
16
13
10
12
6
6
16
15
12
11
14
16
7
13
12
6
20
20
6
13
16
14
15
12
6
7
6
7
8
9
8
5
16
5
6
5
7
19
8
13
5
7
17
19
10
20
5
15
12
5
9
16
18
10
11
15
17
16
18
17
5
20
6
16
18
9
18
12
11
8
9
14
19
7
7
14
18
13
10
6
10
5
17
6
10
17
19
9
19
17
19
8
10
5
19
13
13
15
7
11
10
12
11
12
12
20
7
11
6
15
18
19
5
11
5
7
18
12
17
20
5
19
19
20
16
19
7
20
11
15
12
9
11
7
7
14
9
5
9
16
16
19
5
14
7
16
13
11
16
19
12
7

11 37 64 92 122 135 147 158 179 