400 10 5 
20
10
7
8
11
18
9
18
16
8
8
20
11
6
17
9
10
17
11
13
8
6
10
17
17
20
6
18
5
10
12
5
12
18
19
6
9
14
18
17
18
17
15
16
14
18
11
7
16
13
12
12
19
10
11
10
7
18
16
8
11
15
10
6
11
19
19
8
12
12
20
6
5
6
5
18
17
18
7
11
18
6
5
18
8
20
8
12
18
16
11
8
20
12
15
17
9
6
16
5
11
20
7
7
18
15
16
18
9
14
15
15
7
20
15
9
12
13
11
15
10
5
17
10
7
9
19
15
16
18
16
7
15
15
19
13
16
18
10
8
17
15
9
10
8
16
16
7
9
12
11
10
8
9
8
5
12
15
14
8
5
15
12
20
16
20
16
16
8
9
10
11
14
12
15
19
12
17
18
6
7
9
16
7
20
20
10
19
12
5
9
20
19
6
13
5
5
12
6
8
17
11
7
5
11
13
8
19
13
15
11
12
13
13
17
12
5
15
14
10
15
20
10
10
15
14
9
18
6
14
14
12
20
17
11
12
14
10
12
18
16
19
5
18
20
15
8
18
20
18
12
19
12
18
10
20
20
15
10
19
12
18
14
5
9
18
13
9
15
12
19
8
15
20
6
15
20
7
12
16
8
19
12
6
12
9
18
8
8
18
7
16
15
16
15
12
7
6
5
20
7
11
5
13
18
10
8
13
20
13
5
16
10
12
5
11
7
17
8
15
19
14
7
16
6
17
10
7
7
6
11
20
14
13
10
8
16
14
18
18
12
10
11
8
17
20
17
9
19
16
6
17
14
11
20
12
10
12
6
14
16
8
7
19
11
12
10
18
18
7
11
7
5
5
6
17
6
20
8
9
11
16
18
5
17
18
5
12
19
9
10
11
11
7
17
7
7
15
13
19

18 42 65 89 101 114 132 151 175 