200 150 7 
18
18
9
13
13
17
11
19
9
9
12
9
18
18
11
16
11
13
18
9
13
10
7
12
20
10
19
9
18
10
10
10
13
11
11
18
16
18
8
13
17
11
10
13
18
18
19
20
11
17
13
12
17
19
7
14
7
12
19
15
15
7
7
7
9
15
20
19
17
10
11
8
16
7
7
8
9
14
13
14
8
13
19
16
18
15
14
17
15
13
13
13
16
18
12
11
13
14
15
7
19
13
15
15
7
13
11
15
19
19
17
13
8
9
10
16
15
8
7
16
7
17
15
15
17
9
7
17
10
12
19
16
10
19
17
11
14
9
20
17
20
15
7
13
13
19
8
11
9
18
18
16
16
8
10
20
16
7
7
10
14
9
10
14
15
18
12
17
20
17
13
19
15
15
20
15
11
13
10
10
14
9
16
17
15
10
12
11
15
20
19
18
14
15
10
11
19
10
19
14

20 41 60 84 106 121 150 165 180 208 235 262 289 319 334 362 376 395 414 439 453 472 488 518 545 560 584 605 631 652 669 689 712 735 761 791 811 841 870 890 908 923 951 981 1009 1034 1064 1079 1102 1128 1150 1167 1189 1210 1232 1253 1276 1304 1322 1349 1363 1389 1411 1432 1453 1477 1502 1528 1542 1570 1589 1605 1625 1640 1669 1699 1722 1737 1761 1789 1812 1831 1852 1879 1894 1922 1947 1966 1985 2008 2026 2042 2065 2091 2109 2137 2154 2180 2201 2216 2233 2251 2277 2300 2323 2341 2369 2388 2413 2433 2447 2463 2478 2496 2521 2551 2579 2595 2613 2634 2664 2694 2718 2742 2761 2785 2804 2818 2846 2876 2892 2910 2930 2945 2960 2981 2995 3009 3034 3053 3071 3097 3124 3143 3170 3191 3215 3243 3270 