200 50 5 
6
18
7
12
5
13
9
11
7
15
16
15
7
18
13
8
12
20
20
10
8
14
15
19
16
17
5
15
12
18
12
15
17
8
12
7
14
19
6
7
20
15
5
13
10
9
20
8
15
18
17
16
17
18
16
20
14
15
18
20
9
13
8
17
15
8
18
17
10
16
13
7
5
20
13
19
18
19
7
6
9
14
18
9
17
18
14
14
20
5
6
6
14
15
18
20
6
11
17
19
16
13
5
20
18
6
15
10
6
6
12
10
16
17
16
12
16
6
18
7
10
12
8
13
20
13
5
18
15
8
16
19
10
17
6
20
19
12
19
11
16
10
13
11
13
19
17
19
6
5
19
9
7
11
16
17
19
18
6
18
18
8
7
10
14
5
9
17
16
15
17
12
6
8
17
19
8
11
16
5
11
8
9
10
5
11
7
10
18
20
15
12
7
18
14
17
5
17
5
18

20 47 67 97 108 124 143 171 181 199 221 249 269 281 299 329 343 363 379 409 438 456 477 490 504 530 558 572 590 614 631 658 671 686 698 724 740 757 775 802 829 855 869 898 918 933 952 971 984 