300 20 5 
7
9
18
14
20
7
12
16
13
11
14
14
19
8
16
19
5
12
19
8
9
7
10
8
14
14
9
20
15
11
13
7
10
7
12
12
18
11
14
15
19
19
12
17
20
5
8
16
17
16
13
6
9
7
8
17
5
16
8
19
11
9
18
11
18
11
8
20
6
17
11
12
14
10
14
7
12
13
13
5
5
13
14
18
18
13
6
12
6
5
15
10
17
6
9
11
20
11
15
13
6
16
11
15
7
7
13
9
19
9
7
10
9
10
13
18
12
16
11
17
9
5
7
16
10
11
9
15
11
15
8
14
12
17
7
16
6
19
15
13
17
17
15
7
20
16
18
15
14
9
16
9
6
7
7
13
14
15
11
15
14
16
11
17
14
12
6
7
18
6
14
12
13
12
12
20
16
6
5
17
18
15
12
10
20
20
7
8
5
11
6
19
20
6
17
13
20
8
17
13
5
7
18
15
16
18
7
9
19
5
15
17
14
11
7
13
13
19
16
11
7
6
18
19
6
8
16
10
8
13
14
8
5
15
17
12
18
13
7
14
6
5
7
5
11
20
9
11
7
13
8
13
11
9
7
7
12
15
19
16
16
5
7
18
11
5
5
13
11
18
20
11
17
13
5
7
17
19
11
10
11
10
9
7
11
12
14
8
14
18
15
7
6
5
20
17
15
17
6
8

12 26 49 61 88 106 121 138 164 180 209 223 250 274 286 306 331 354 381 