30 100 6 
12
10
18
10
13
18
7
6
12
13
18
7
16
15
9
9
9
16
12
15
6
15
8
14
9
9
8
10
15
10

30 43 64 86 101 130 147 175 200 219 234 261 282 303 333 363 382 405 427 453 471 501 524 547 570 583 595 609 638 660 685 697 714 739 752 771 799 826 854 875 889 901 919 935 953 981 1002 1030 1044 1060 1072 1085 1098 1127 1143 1160 1172 1202 1216 1238 1253 1266 1286 1306 1334 1355 1370 1383 1402 1432 1460 1477 1492 1515 1542 1568 1581 1609 1622 1641 1654 1683 1703 1733 1750 1780 1805 1825 1840 1863 1880 1907 1928 1958 1985 2014 2027 2054 2078 