350 10 6 
19
8
15
17
15
18
12
17
15
13
10
20
12
15
19
11
19
9
10
9
6
12
19
7
7
19
13
13
6
9
18
20
18
8
7
8
14
9
6
17
12
13
16
17
12
14
18
9
18
12
20
15
15
8
8
18
10
12
14
9
9
15
13
18
6
8
6
16
16
6
9
11
6
15
7
12
11
9
17
20
8
13
16
17
14
9
13
6
13
13
20
18
18
11
6
16
6
18
8
8
15
12
8
7
11
12
10
6
15
10
13
18
18
7
13
9
18
16
7
8
11
20
15
12
14
19
10
20
18
19
10
18
11
11
10
12
17
20
17
19
18
19
13
18
17
19
11
7
14
18
14
15
19
6
17
17
16
19
10
13
6
13
6
16
14
20
7
16
18
7
15
8
14
11
13
6
12
8
10
17
19
16
20
16
18
6
15
10
17
9
20
18
17
20
8
20
20
16
20
16
13
15
15
6
13
8
12
11
11
8
15
8
8
8
10
8
10
10
19
6
15
8
18
9
11
11
18
19
11
17
20
19
14
12
13
19
19
15
19
20
19
14
10
11
8
17
15
19
9
15
17
8
18
7
20
6
6
18
12
10
15
14
8
11
14
9
17
9
14
20
16
8
6
16
20
7
18
19
10
20
10
18
10
6
7
11
19
16
17
17
8
18
10
20
13
15
20
13
6
10
6
13
19
20
18
12
12
17
7
7
9
9
8
11
7
16
14
11
17
12
6
9
19
8
10
11
15
17
7
20
19
9
8
10
16
16
13
11
11
20
16
19
17
18
17
6
14
7
20
12

24 50 80 94 114 142 168 180 209 