20 150 5 
7
12
16
6
19
20
20
10
8
10
19
11
5
17
19
12
17
20
19
16

20 36 51 68 84 104 117 130 152 162 184 209 239 266 291 316 341 371 381 411 423 446 473 484 505 518 533 560 588 616 634 653 674 691 710 739 750 780 793 820 834 856 885 896 921 950 962 980 1008 1029 1042 1058 1069 1086 1114 1140 1161 1179 1209 1226 1237 1259 1284 1298 1315 1328 1356 1366 1377 1406 1434 1463 1491 1520 1536 1554 1564 1585 1599 1617 1630 1648 1673 1699 1724 1740 1769 1787 1817 1834 1859 1887 1914 1936 1959 1979 2002 2017 2027 2038 2067 2092 2109 2123 2142 2161 2182 2202 2222 2241 2253 2271 2281 2296 2308 2329 2340 2368 2382 2408 2430 2448 2467 2477 2501 2511 2531 2554 2571 2588 2609 2634 2650 2663 2680 2690 2714 2733 2758 2780 2792 2815 2829 2843 2853 2870 2890 2903 2920 