300 150 5 
9
12
10
12
20
20
6
12
9
10
14
8
6
13
19
17
9
10
17
14
13
10
8
15
20
11
16
16
6
20
9
16
9
19
17
18
18
10
10
19
11
10
11
14
5
14
5
12
16
11
9
16
8
6
8
18
18
7
11
10
8
12
20
16
17
17
5
17
5
15
16
20
15
18
14
14
20
16
20
19
19
7
18
14
13
5
14
19
7
14
17
19
14
10
16
16
10
13
14
17
6
11
15
8
15
11
16
17
10
11
6
14
11
5
5
18
20
16
18
10
11
10
10
19
15
5
20
7
12
15
20
10
12
7
17
20
17
12
10
16
16
8
5
5
16
13
8
18
20
15
12
15
5
18
14
17
20
5
7
15
14
16
15
19
16
9
13
19
13
13
18
17
14
14
8
15
9
8
5
7
6
8
20
10
14
15
5
7
20
19
19
14
8
6
7
6
10
12
11
12
12
7
18
12
11
5
6
5
15
13
18
9
17
5
18
18
13
7
7
11
8
6
15
13
19
12
20
9
17
5
19
6
5
17
17
11
16
5
9
15
10
20
9
15
14
13
14
16
11
5
12
6
7
6
19
20
7
7
14
5
13
14
13
10
18
19
6
20
20
7
8
5
17
6
16
18
20
8
16
12
15
14
12
16
10
11
6
11
11
17
13
17
7
14
18
16
8
6
11
17

13 33 59 73 98 128 139 150 180 190 200 211 234 250 279 300 318 334 363 393 410 436 448 476 497 509 520 542 571 586 604 623 645 669 690 717 747 767 790 803 822 839 852 869 886 910 934 949 974 987 1013 1029 1053 1080 1092 1110 1130 1145 1165 1189 1219 1246 1271 1301 1312 1342 1359 1372 1383 1408 1421 1448 1476 1505 1535 1565 1588 1604 1616 1629 1656 1672 1683 1704 1721 1746 1768 1798 1810 1831 1852 1882 1911 1925 1946 1976 2005 2025 2047 2058 2075 2105 2133 2159 2175 2186 2202 2214 2227 2243 2272 2295 2325 2349 2365 2391 2401 2427 2445 2460 2481 2496 2508 2521 2551 2566 2576 2595 2612 2641 2653 2675 2689 2715 2739 2754 2764 2787 2813 2830 2842 2852 2877 2887 2908 2928 2954 2970 2993 