200 30 7 
15
13
12
13
8
15
19
13
18
16
15
18
11
8
13
19
17
8
17
19
14
11
11
20
13
18
9
17
16
12
12
14
9
10
15
7
20
14
15
11
8
19
14
7
12
11
20
15
20
12
19
10
20
16
20
17
14
18
18
12
10
9
10
18
8
16
16
14
8
11
8
7
10
20
11
7
20
11
13
19
18
10
15
17
15
11
19
11
20
9
7
7
14
20
16
8
14
11
13
8
14
16
12
17
19
9
19
14
15
15
19
18
14
15
7
11
19
9
15
10
14
13
19
13
13
17
12
12
10
9
10
11
9
10
16
9
14
16
16
10
11
18
10
7
19
7
7
15
13
10
10
18
10
15
12
16
9
9
10
10
14
13
19
18
10
18
18
10
14
15
15
19
20
17
14
16
14
10
10
19
10
11
10
12
9
12
15
10
17
11
12
9
16
18
13
15
20
14
8
12

20 40 57 77 107 132 160 177 194 213 240 265 287 317 344 359 378 398 415 444 460 487 514 539 553 574 599 613 630 