100 150 5 
16
5
12
8
15
6
16
6
7
9
6
18
5
6
8
16
16
9
19
8
13
20
11
14
16
10
15
20
20
9
14
15
13
7
11
7
11
17
13
19
18
15
9
5
8
12
20
17
15
5
19
20
20
16
6
18
6
15
5
16
11
5
9
20
15
8
14
10
15
8
7
8
5
14
19
20
20
8
15
20
7
5
12
7
5
12
18
18
8
18
5
13
14
11
7
15
15
16
14
7

13 42 67 86 115 139 150 179 190 206 224 241 271 296 314 333 361 378 404 414 438 465 485 512 522 546 570 595 622 634 646 662 675 687 716 742 756 780 801 813 824 853 869 894 911 934 952 978 1004 1021 1035 1062 1080 1093 1103 1120 1130 1154 1173 1194 1224 1254 1269 1281 1307 1335 1359 1389 1406 1427 1446 1456 1471 1489 1510 1524 1554 1566 1584 1598 1627 1651 1662 1688 1715 1736 1751 1776 1796 1810 1840 1862 1879 1897 1923 1934 1962 1973 1983 1994 2004 2033 2055 2066 2089 2116 2138 2158 2173 2187 2197 2214 2242 2272 2290 2310 2339 2361 2374 2386 2401 2423 2447 2475 2489 2519 2547 2573 2593 2617 2638 2655 2668 2686 2698 2721 2741 2761 2788 2801 2827 2842 2871 2894 2916 2942 2966 2978 3004 