350 40 5 
7
10
14
14
7
11
5
7
19
6
10
11
14
18
19
7
18
12
11
12
11
9
18
8
16
11
6
6
19
18
16
18
11
5
17
15
16
18
15
12
7
18
11
20
14
16
5
5
11
11
18
19
16
10
13
14
17
16
11
18
9
17
19
14
10
19
14
7
19
8
11
13
7
11
7
13
12
9
11
9
17
18
6
6
19
15
12
20
18
7
15
19
16
13
13
20
9
12
10
13
9
6
16
18
11
8
20
16
14
19
11
11
13
7
13
11
14
16
9
18
10
5
9
17
15
15
7
12
19
7
15
11
10
19
7
19
10
19
13
20
13
6
16
19
6
18
17
11
8
20
11
16
19
5
17
5
16
14
7
14
15
13
20
8
14
8
7
8
13
17
7
17
17
11
15
10
6
12
10
15
8
20
11
6
19
13
16
5
9
19
7
19
20
5
18
12
13
12
8
9
13
12
12
15
17
10
18
6
19
13
14
13
7
7
15
12
19
5
13
11
19
5
15
17
11
8
16
15
14
8
18
14
15
12
19
6
7
10
16
17
6
12
7
15
13
6
17
11
11
6
16
13
6
13
5
18
12
14
6
9
11
20
14
15
14
9
5
14
9
20
17
17
7
18
13
11
17
8
9
9
18
8
18
5
9
19
19
12
15
14
12
18
10
7
19
5
17
9
9
15
16
15
14
16
14
6
6
11
13
6
13
15
18
18
10
10
6
14
17
9
12
16
11
18
20
10
9
6
15
7
7
17
20
20
14
20
18
17
12
6
7
8
8
6
17
13
16
19
19
6

10 40 63 74 98 127 148 158 172 185 210 220 234 251 265 282 301 314 335 363 380 390 413 431 459 476 491 503 533 554 577 588 601 613 627 640 665 682 705 