300 50 6 
12
9
6
18
19
16
14
12
18
11
15
15
6
13
16
10
15
7
20
6
18
14
9
14
12
17
6
17
17
10
16
11
11
9
10
19
15
20
12
8
17
10
11
8
12
11
8
12
9
16
19
16
19
16
7
8
9
7
10
20
19
11
15
18
17
15
20
6
14
13
20
10
14
6
20
15
16
7
19
18
14
6
16
13
20
17
15
12
6
20
9
15
19
17
15
14
15
15
12
17
17
20
14
18
12
8
15
13
11
11
17
18
12
7
16
16
6
16
19
12
16
11
15
19
15
14
10
19
20
18
15
17
15
7
8
11
19
6
8
8
13
8
12
15
12
8
19
18
17
18
18
16
19
9
14
10
17
10
19
10
10
13
10
20
13
14
15
9
17
9
8
11
15
17
9
16
12
17
14
14
11
6
13
7
8
7
9
14
11
18
11
13
19
17
20
15
6
18
18
17
12
16
17
20
15
8
10
7
8
11
12
15
8
9
9
18
19
19
16
6
18
19
17
17
6
18
7
13
15
6
13
16
9
13
12
10
7
16
18
7
7
18
17
13
20
19
13
7
18
18
13
10
9
19
15
6
14
13
9
10
7
14
18
14
7
15
17
6
20
11
10
7
9
9
18
8
8
18
14
11
12
9
7
12
10
20
11
17
10
11
16
18
20
15
20
19
17
10
17
19

22 48 62 80 107 127 153 180 199 212 239 267 281 293 306 320 338 354 367 388 401 424 444 467 484 501 513 543 565 580 594 608 634 655 685 697 726 739 762 790 808 826 846 867 880 894 922 938 967 