350 20 7 
17
14
12
13
11
20
10
8
12
17
19
10
13
8
7
11
8
18
7
9
12
11
12
20
18
7
9
10
14
8
8
19
10
10
15
9
8
20
17
9
7
10
8
11
11
8
7
16
16
20
16
9
13
16
8
14
19
18
11
19
10
10
8
9
11
9
20
12
10
14
18
20
13
16
12
17
11
12
19
12
7
18
17
16
19
20
18
7
10
18
7
11
7
20
20
7
12
17
10
7
11
10
19
19
7
11
15
17
10
7
9
7
9
15
20
15
20
13
11
13
10
18
19
19
10
20
16
12
16
20
8
14
8
8
7
15
9
8
12
15
13
9
15
8
20
7
9
7
10
18
7
13
17
10
10
7
8
14
16
19
10
19
12
12
16
16
7
15
13
9
15
18
12
7
12
14
17
17
8
18
16
18
8
9
9
19
16
10
17
15
11
15
7
12
14
7
20
8
14
11
10
12
18
7
8
20
20
20
13
9
19
12
13
13
19
18
16
13
12
16
16
13
13
14
7
7
9
19
17
12
14
11
19
7
16
14
7
20
19
17
7
14
17
10
8
16
20
10
11
12
14
10
20
19
20
7
20
18
19
19
7
10
13
20
14
8
11
8
8
20
10
19
7
8
17
16
13
7
7
19
19
8
8
20
19
20
19
11
10
13
14
12
10
11
15
16
12
17
9
19
18
15
11
17
15
10
10
15
10
14
7
11
14
11
7
11
16
19
15
7
17
10
15
8
17
9
9
20
12
8
17
20
9
10
14
17
14
8
20
17
9
10
18
19
11
14
13
16
18
9

25 51 73 87 106 128 156 172 193 210 229 257 281 302 316 340 359 379 393 