100 150 7 
18
11
16
7
13
12
15
14
20
12
19
14
18
20
8
7
20
19
14
17
16
14
16
20
12
7
20
17
7
10
12
18
19
13
11
17
15
16
14
13
20
15
10
16
11
9
8
14
9
15
20
11
10
12
19
20
18
9
19
8
20
17
17
9
11
20
12
14
11
17
7
10
9
16
19
18
8
11
15
14
13
19
12
12
13
19
10
17
9
7
15
9
10
13
7
20
17
18
17
17

19 45 74 104 132 147 177 203 220 234 258 277 301 316 345 365 386 400 423 451 468 497 520 543 573 601 628 655 677 705 735 754 772 796 814 835 849 877 906 936 962 986 1015 1043 1058 1073 1093 1109 1127 1142 1172 1193 1218 1244 1260 1274 1289 1305 1333 1356 1380 1396 1413 1430 1451 1470 1494 1512 1528 1542 1566 1589 1609 1623 1642 1658 1680 1706 1730 1752 1781 1799 1813 1831 1860 1875 1901 1927 1955 1976 2000 2016 2038 2061 2080 2094 2122 2141 2156 2185 2202 2221 2236 2260 2280 2303 2320 2334 2356 2379 2409 2430 2456 2481 2508 2527 2543 2573 2598 2622 2644 2664 2687 2712 2736 2764 2790 2813 2834 2853 2875 2901 2928 2946 2976 3005 3031 3052 3076 3100 3119 3138 3168 3195 3211 3233 3261 3282 3304 