200 100 5 
5
6
6
12
20
17
13
17
11
10
10
16
14
18
12
13
15
8
6
15
12
12
5
14
9
6
19
13
16
8
12
9
6
17
15
19
15
20
7
11
5
8
11
13
5
17
19
17
11
15
12
13
16
5
13
14
16
13
11
7
17
9
10
8
16
13
5
19
14
12
15
11
11
17
11
14
18
15
10
5
6
10
19
9
11
8
7
8
8
18
5
8
11
15
11
11
13
19
15
20
8
19
13
9
6
13
18
10
12
6
8
17
7
19
18
10
5
12
11
5
8
14
10
9
6
17
9
11
5
9
6
15
5
16
9
15
14
20
7
10
11
13
7
14
7
17
19
9
7
11
17
12
8
10
18
17
11
6
10
15
14
9
18
12
14
11
11
18
9
14
20
5
8
11
13
20
12
12
12
13
9
12
16
6
17
12
5
9
18
8
8
16
18
9
11
18
9
12
10
12

17 30 50 61 75 88 110 132 144 169 182 200 216 245 271 285 298 313 334 355 376 405 431 445 460 483 509 529 559 588 609 635 647 659 686 700 711 723 749 769 799 813 838 854 867 880 904 914 929 959 985 1008 1019 1049 1062 1088 1103 1131 1158 1168 1180 1197 1214 1230 1240 1263 1279 1299 1319 1348 1361 1371 1395 1407 1425 1435 1462 1477 1501 1519 1540 1566 1582 1594 1610 1635 1657 1685 1708 1720 1749 1776 1791 1816 1839 1860 1876 1888 1914 