350 10 5 
7
13
16
5
8
20
17
9
6
18
6
19
12
14
19
7
5
14
10
11
8
5
18
16
5
10
5
5
16
10
8
8
13
17
16
15
13
5
19
6
8
20
13
9
12
15
20
5
20
6
14
10
12
6
18
19
20
17
12
9
20
13
5
5
15
15
18
5
11
9
11
17
16
18
15
14
14
5
6
18
20
13
7
9
14
15
12
8
15
8
19
16
16
9
5
5
7
16
12
16
11
9
17
17
6
20
20
9
13
9
16
7
13
9
13
18
6
7
8
6
12
8
16
18
11
6
18
17
11
11
8
8
20
12
13
16
20
19
20
19
14
18
10
13
6
5
8
11
11
7
14
7
19
8
13
7
13
13
19
18
19
8
12
20
15
10
7
20
15
6
7
20
12
8
11
9
7
6
17
13
5
6
6
17
13
16
16
6
15
5
16
13
8
16
18
13
19
11
7
6
18
6
5
20
13
20
13
6
10
6
14
15
13
12
8
13
18
8
19
8
9
6
17
13
17
10
17
12
9
8
5
14
19
9
7
11
9
12
7
11
20
12
8
11
11
17
12
19
9
9
13
5
19
8
14
8
8
14
17
7
9
8
10
20
10
9
19
16
10
11
17
15
16
16
8
7
6
14
11
10
11
11
6
5
19
20
15
8
18
20
10
6
10
20
12
15
16
14
18
13
5
6
20
11
20
11
20
13
7
10
11
12
15
20
6
16
20
17
12
19
9
5
20
19
20
18
20
8
13
14
13
8
20
7
6
7
8
20
5
19
6
13
5
15
14
14
5
13
12
8

27 47 65 80 95 115 140 168 188 