350 100 7 
19
12
20
7
18
7
20
10
19
11
10
18
18
17
20
16
10
18
12
16
13
12
15
17
13
8
16
19
10
13
16
15
18
8
12
10
9
18
14
15
11
9
15
19
8
11
8
15
10
8
8
20
12
16
20
7
14
8
10
7
18
20
17
7
14
17
20
10
14
15
7
19
20
13
18
14
11
11
18
9
9
8
10
9
14
20
14
7
10
17
7
19
15
12
7
17
17
12
19
16
15
18
12
17
14
17
9
19
12
16
9
16
16
14
8
12
7
16
12
8
7
10
8
12
7
14
12
19
14
8
16
18
14
12
11
8
8
8
10
19
9
8
10
10
13
13
13
12
15
16
17
15
14
16
7
10
20
15
16
12
19
20
10
19
19
17
11
8
12
13
7
15
18
9
8
12
10
17
11
16
12
12
18
13
12
18
11
18
8
18
16
7
8
19
20
16
20
8
14
19
17
14
10
9
10
14
20
11
13
16
14
20
8
8
17
20
15
14
10
10
17
9
18
18
15
18
14
11
19
13
12
12
15
13
10
20
12
19
17
10
16
13
8
20
19
12
19
7
18
14
19
17
8
10
11
10
19
9
15
15
7
18
8
12
7
18
16
8
12
8
14
7
20
20
15
15
8
12
8
13
19
15
13
20
7
9
11
14
18
10
7
9
11
20
19
12
11
10
8
10
11
18
18
12
17
10
14
16
11
10
11
16
14
11
19
10
9
16
10
8
11
18
12
19
19
7
11
17
13
9
11
15
15
11
14
9
16
9
17
11
11
14
8
12
17
20
14
7
9
13

29 58 88 116 146 175 205 225 254 284 298 322 336 365 389 409 430 455 477 504 532 554 579 593 620 642 664 693 714 737 756 784 799 822 837 860 878 904 922 948 969 987 1017 1044 1058 1083 1099 1121 1140 1168 1190 1214 1239 1258 1280 1300 1328 1356 1385 1406 1424 1446 1461 1482 1506 1527 1550 1577 1606 1634 1661 1690 1705 1733 1762 1788 1812 1839 1867 1897 1916 1942 1959 1983 2009 2028 2058 2081 2098 2120 2146 2176 2205 2227 2257 2277 2292 2313 2339 