300 40 5 
7
12
19
9
5
8
10
17
5
17
9
10
8
14
6
20
13
11
17
11
12
8
11
13
20
12
12
7
8
14
15
15
5
5
17
7
7
14
10
16
12
14
10
14
9
8
8
11
11
17
7
14
17
19
11
13
9
15
11
16
8
6
6
8
14
10
10
16
9
16
19
19
9
9
18
14
20
17
14
7
10
7
15
15
12
15
8
20
8
20
20
9
8
18
5
10
12
18
9
11
5
7
14
17
20
10
8
19
18
17
16
17
17
5
14
6
19
19
11
10
10
19
16
11
15
8
20
14
6
7
20
16
18
11
19
18
5
8
20
20
11
15
5
16
8
18
15
11
15
9
11
8
5
19
7
14
5
16
9
10
20
15
20
8
8
20
9
14
5
13
15
9
8
20
6
13
8
7
8
7
9
7
17
5
18
14
17
8
18
20
15
8
15
19
16
9
15
10
8
14
10
15
17
11
15
9
10
15
7
12
17
17
7
6
20
9
10
10
20
19
14
11
12
16
13
11
17
14
15
20
10
9
14
7
17
17
10
19
10
14
14
9
19
17
19
14
13
13
19
16
11
6
17
12
8
9
7
15
14
12
16
11
20
7
7
13
8
19
15
13
13
18
5
6
6
16
19
6
20
8
7
8
12
10
19
16
13
11
5
6
16
13
10
8
17
17
15
9
13
10

23 44 54 82 103 119 149 166 195 214 230 254 269 299 321 337 358 385 410 433 449 470 498 521 538 556 572 588 599 613 636 652 680 700 718 730 740 753 776 