300 10 6 
18
6
13
15
10
10
7
7
12
9
8
17
11
10
10
11
14
7
8
6
11
10
13
6
8
20
17
11
12
18
16
20
16
7
16
14
8
9
6
18
6
9
12
15
13
20
15
7
6
18
6
11
16
17
13
10
18
10
9
15
19
16
9
20
15
19
10
20
14
6
8
8
7
15
15
8
19
18
17
12
7
19
12
18
9
18
11
16
17
8
20
8
15
8
6
10
14
8
10
15
12
9
13
6
12
8
10
14
17
16
7
18
19
15
8
19
8
11
14
19
6
20
8
13
12
17
11
18
12
17
9
20
7
18
16
17
15
6
15
6
11
13
14
13
13
13
11
15
15
13
19
15
15
14
8
11
11
13
19
19
16
9
12
19
20
17
6
7
13
7
11
6
17
9
19
15
11
10
14
7
9
19
8
7
11
10
10
12
10
19
17
8
19
12
7
19
19
19
12
18
16
11
18
11
10
19
11
14
19
10
16
14
8
17
6
18
17
17
18
7
19
9
19
6
20
11
19
9
19
8
6
12
15
13
15
7
16
19
17
15
19
15
15
9
14
6
18
15
13
11
18
10
19
15
17
10
13
16
11
12
11
10
12
10
11
7
19
18
9
14
9
9
18
8
15
6
9
12
7
14
14
8
10
6
14
9
12
8
12
18
12
18
17
14
7
7
19
15
6
9

20 34 48 67 90 114 144 169 189 