200 10 5 
13
6
13
16
12
14
12
20
9
19
8
13
15
5
17
20
13
9
10
9
10
10
18
18
9
14
6
9
13
10
5
15
15
8
5
5
13
7
20
13
5
20
17
12
19
8
12
19
7
18
11
14
10
7
15
13
19
7
7
17
5
18
19
9
11
10
11
13
7
10
17
10
6
7
19
16
8
7
6
8
15
16
16
11
6
17
5
15
5
6
5
18
18
8
19
12
9
20
8
16
15
14
9
19
20
5
7
16
7
8
6
12
14
9
16
6
6
17
10
16
8
20
7
20
13
7
12
17
19
15
5
5
16
11
6
16
6
5
19
6
8
5
20
5
12
7
19
7
17
14
8
10
19
9
7
15
13
20
8
16
15
18
8
5
16
10
14
8
5
15
17
8
18
5
7
11
16
17
17
8
16
16
6
20
15
11
12
10
11
9
14
16
5
5
11
8
7
18
11
5

11 31 43 67 86 105 119 134 144 