200 40 6 
9
9
19
19
6
18
16
18
15
20
8
7
20
11
7
16
20
16
10
10
16
17
6
10
13
8
17
12
13
8
7
8
11
16
17
16
14
10
11
20
15
12
8
20
13
9
11
19
10
6
9
20
15
13
17
20
18
19
17
17
12
20
6
18
9
13
14
11
7
18
9
12
10
15
13
8
7
18
12
14
10
11
7
19
15
20
13
11
9
12
7
13
16
16
6
13
19
11
13
9
10
14
19
13
9
16
10
19
18
20
7
8
18
6
19
9
6
7
9
12
8
16
11
10
16
15
7
11
15
12
6
18
19
18
13
6
12
13
17
20
20
6
19
16
8
7
17
17
14
17
12
18
12
16
17
6
20
6
18
15
16
20
9
7
10
11
20
9
6
15
17
9
9
20
15
6
9
11
14
19
7
19
12
10
10
20
8
17
14
10
8
19
12
8
20
20
10
13
10
16

23 36 50 70 84 113 129 151 171 195 225 255 285 303 320 337 363 386 414 439 464 479 509 523 547 570 582 612 631 649 677 707 733 763 783 811 823 836 855 