300 100 6 
12
9
11
16
6
6
20
11
8
20
7
20
8
12
6
17
7
16
7
7
9
20
11
8
8
13
6
15
20
9
11
16
17
11
15
15
13
12
16
6
6
15
12
8
15
16
9
20
11
6
18
16
18
13
12
9
19
13
16
12
15
9
20
16
9
9
13
10
6
10
20
9
18
13
13
7
14
20
9
8
7
12
19
7
12
6
11
18
13
16
9
20
11
15
20
10
11
6
15
19
12
17
15
14
12
16
8
8
6
17
20
19
12
13
20
13
11
15
6
14
19
19
12
9
7
16
6
13
14
19
18
18
8
6
13
9
11
14
18
6
15
16
11
14
19
15
8
19
18
12
16
18
8
15
12
13
20
10
12
11
8
19
10
16
7
15
17
18
7
17
8
17
9
10
20
12
9
20
11
8
10
15
14
16
10
8
20
16
6
10
9
15
15
17
15
16
18
8
7
10
20
8
7
10
6
8
13
8
14
6
17
12
8
19
17
16
7
8
6
13
19
12
6
8
13
7
13
7
18
12
15
12
6
6
15
15
20
12
10
10
18
17
8
14
12
10
20
16
11
9
18
19
8
15
11
12
10
8
11
6
6
14
6
6
9
10
16
20
19
15
8
18
8
19
14
20
8
7
8
15
11
7
15
19
12
9
17
7
9
15
10
19
20
16
10
15
10
7
15
12

29 53 78 90 118 135 165 187 209 229 259 277 301 324 340 359 380 410 439 460 488 503 527 556 578 600 627 654 669 696 725 744 772 792 814 836 859 881 904 928 957 982 996 1022 1047 1066 1096 1109 1125 1147 1171 1185 1202 1218 1230 1248 1265 1291 1305 1318 1336 1348 1373 1402 1423 1440 1460 1480 1504 1516 1534 1562 1586 1600 1613 1639 1667 1694 1709 1732 1747 1769 1788 1816 1845 1875 1900 1929 1945 1967 1994 2009 2022 2051 2065 2090 2119 2146 2173 