300 40 7 
17
17
18
10
15
15
18
8
7
17
18
20
14
11
18
14
8
18
19
17
19
17
16
10
14
8
10
18
15
9
18
10
15
19
7
7
10
16
18
17
19
8
15
20
8
8
16
13
20
18
8
15
9
20
7
9
20
14
10
18
20
8
15
16
9
17
7
18
13
11
16
7
13
18
8
14
17
15
17
18
20
11
12
15
8
10
16
12
19
17
9
12
11
12
12
10
16
10
19
10
12
8
10
10
19
18
8
9
12
10
10
12
15
19
18
20
19
13
17
11
14
16
8
7
13
16
11
12
20
16
7
15
19
7
11
13
9
20
7
12
9
10
18
13
11
18
9
12
12
12
17
14
17
17
14
20
16
8
11
10
19
19
7
12
16
17
14
19
16
20
10
15
16
17
20
14
14
9
20
10
19
11
16
18
16
12
10
18
12
8
17
14
19
14
18
7
15
7
20
16
16
8
8
7
7
8
10
20
12
16
10
19
16
12
15
11
9
12
13
14
19
17
10
14
18
12
11
8
20
15
8
7
14
7
16
11
18
13
9
13
11
16
11
11
20
18
16
9
7
20
19
10
10
13
15
16
8
15
20
16
15
15
12
7
19
13
16
11
18
16
9
16
19
13
18
14
17
9
8
9
12
9
13
14
9
10
9
12
15
11
15
17
19
20
19
13
13
20
14
12

14 35 58 86 107 130 152 171 194 214 228 246 265 295 309 333 353 383 401 430 450 470 496 522 545 563 579 604 618 639 667 684 711 733 748 773 797 825 854 