300 10 7 
8
13
20
8
8
19
16
14
15
8
12
14
14
15
19
17
9
14
16
13
13
18
18
16
17
16
13
8
7
12
13
16
11
17
14
18
15
20
17
7
13
11
14
20
12
20
10
16
14
8
16
13
20
8
16
8
15
15
15
19
15
19
9
13
19
19
14
13
8
16
18
18
20
13
16
7
8
20
12
19
14
8
8
14
17
20
14
19
16
14
8
12
8
12
8
20
18
20
14
17
13
10
18
18
7
11
12
7
13
10
12
20
8
9
20
18
15
18
15
13
20
11
8
16
12
7
8
8
8
17
14
18
16
17
20
14
8
13
20
13
8
19
8
10
17
9
18
9
18
13
8
16
9
7
20
15
8
19
19
11
15
15
14
11
14
14
18
10
13
12
16
10
9
18
18
7
14
15
14
20
8
13
13
13
18
17
11
7
16
18
16
7
8
15
12
20
12
20
13
7
13
12
18
18
8
14
9
19
13
15
19
13
8
11
17
20
7
12
9
10
12
15
17
17
15
13
18
18
20
17
12
13
10
7
18
15
15
15
20
9
14
19
10
20
20
20
17
16
16
19
13
14
18
12
8
17
16
12
7
11
14
12
13
16
15
8
18
16
20
10
20
19
13
9
14
10
16
16
12
16
8
14
10
11
13
19
18
15
16
12
16
16
10
14
10
18
16
20
16
10

25 55 71 97 114 136 161 187 206 