350 40 6 
13
11
7
15
17
15
6
14
9
7
15
10
20
7
19
11
17
19
20
9
17
6
18
16
15
12
12
18
19
11
9
10
15
7
20
13
9
16
18
6
9
18
19
13
19
13
15
19
15
6
7
14
18
6
20
9
15
20
19
20
15
7
17
12
14
13
19
18
17
10
17
12
16
10
12
8
18
17
8
13
13
20
7
10
19
11
20
7
9
9
17
13
20
20
12
12
10
10
18
13
9
14
16
9
9
6
10
12
18
6
18
6
20
12
20
20
20
7
17
19
6
12
15
14
15
16
14
15
8
7
11
6
16
9
16
17
14
9
12
6
16
14
8
14
13
16
17
8
10
9
15
16
14
7
8
8
10
8
20
14
10
17
20
16
13
14
14
17
20
13
8
20
18
14
20
17
19
11
10
16
9
15
19
13
16
19
15
15
13
11
18
18
15
12
13
18
17
18
11
20
16
7
13
9
6
19
10
11
17
10
15
20
6
15
9
20
14
8
20
10
7
13
6
7
12
11
19
18
9
15
9
9
10
6
7
8
12
15
10
18
8
16
14
7
10
15
10
12
6
11
17
9
16
8
13
10
19
10
12
13
7
20
7
13
10
17
18
20
20
17
19
16
17
10
19
8
12
6
17
14
7
20
12
14
11
8
8
11
12
15
13
20
8
13
6
9
9
10
17
16
11
19
15
18
9
19
11
15
7
18
10
16
9
6
14
15
17
20
17
15
10
20
17
16
10
7
19
19
9
6
8
14
18
14
10
18
13
11
8
11
20
20
16
18
12
10
19
11
17
19

28 49 74 100 115 141 169 197 218 236 249 272 297 314 332 349 365 384 411 435 455 481 511 540 563 589 617 646 661 684 701 724 738 758 782 808 823 835 847 