30 100 7 
12
13
10
14
15
11
12
13
11
8
7
10
17
13
19
13
20
9
19
11
15
20
16
15
10
12
11
19
20
12

21 40 54 69 89 119 137 165 188 213 235 262 282 308 336 355 378 404 428 456 479 497 511 541 563 592 610 639 662 679 702 729 750 772 794 808 828 848 878 897 912 941 961 981 1006 1035 1056 1074 1098 1125 1153 1169 1191 1217 1236 1251 1278 1302 1324 1346 1376 1403 1433 1455 1475 1497 1522 1547 1568 1591 1618 1634 1654 1680 1701 1721 1743 1769 1783 1808 1827 1846 1873 1887 1905 1926 1955 1977 1996 2022 2038 2054 2070 2091 2114 2131 2153 2169 2194 