350 40 5 
16
19
20
5
7
18
11
14
10
9
20
8
13
15
10
18
19
7
19
7
6
20
20
7
10
15
7
7
13
7
11
8
18
7
13
6
14
14
6
18
18
11
5
18
10
8
15
7
5
9
20
16
7
20
20
13
11
19
17
6
13
8
6
12
7
16
8
16
10
12
13
20
15
12
11
15
14
12
17
5
15
19
12
5
16
9
19
20
6
10
19
11
7
9
18
13
8
6
14
12
18
18
6
12
10
19
12
7
17
19
9
18
9
14
17
16
10
12
9
6
19
11
6
15
5
17
7
17
12
16
6
16
15
11
11
17
11
8
18
18
11
7
14
8
11
18
14
8
12
20
14
10
10
15
17
11
13
9
14
18
13
7
9
5
9
13
19
13
10
20
20
8
19
13
8
13
12
6
8
5
16
10
11
8
19
13
12
5
8
9
14
7
17
18
13
20
8
17
7
7
15
15
11
17
19
16
16
11
6
18
9
15
12
6
7
8
6
14
16
7
14
8
15
7
18
10
12
20
20
14
14
7
17
16
13
5
17
6
13
9
15
15
8
14
9
15
11
18
10
10
20
8
6
14
10
12
6
6
13
12
5
13
16
5
9
16
5
12
6
7
7
15
16
5
13
10
15
13
14
14
8
8
16
15
10
20
6
13
6
15
9
6
18
5
5
9
15
6
8
14
10
12
7
5
16
11
17
12
6
9
8
20
8
16
13
6
16
18
11
18
9
13
7
9
20
15
6
12
11
11
16
19
5
12
19
19
9
10
11
10
6
11
17
13
18
12
18
20
17
16

17 45 71 90 106 132 158 186 209 226 243 253 271 299 329 339 368 398 426 456 475 499 523 546 569 597 622 650 662 687 703 727 738 749 777 802 823 842 872 