350 150 7 
10
9
18
20
19
20
12
7
16
7
12
13
14
10
19
13
8
12
18
15
11
7
17
20
11
19
8
13
18
16
7
16
10
13
18
15
8
8
12
20
9
11
17
10
20
17
13
9
12
20
9
17
11
15
13
11
7
7
20
11
8
10
19
10
17
13
10
9
7
14
19
8
10
14
7
15
20
18
16
10
13
13
13
18
8
16
12
11
11
11
16
15
20
8
13
16
17
11
13
16
19
9
15
16
15
12
11
15
15
13
19
17
17
17
8
17
19
10
19
12
14
11
17
10
17
10
19
20
14
13
13
18
8
7
10
11
13
17
9
7
14
14
16
9
7
16
11
15
15
15
11
17
15
7
11
11
11
19
9
7
14
15
20
8
7
16
13
16
9
17
9
17
13
17
11
17
18
14
9
14
8
15
9
19
12
19
18
7
18
7
19
9
19
11
18
13
17
12
20
8
14
18
8
8
18
13
17
12
8
17
8
10
15
16
20
17
8
9
9
9
11
11
18
7
17
19
14
16
16
13
14
7
9
10
8
7
15
10
15
16
8
9
16
17
7
16
17
20
16
12
18
10
7
14
13
16
7
9
10
15
9
17
13
8
20
12
17
15
12
7
12
20
12
10
17
15
16
15
7
19
8
13
13
20
10
18
9
15
20
16
8
15
19
18
13
14
9
14
9
11
17
9
20
18
13
13
15
17
17
12
19
13
12
10
7
12
11
11
15
17
15
10
7
19
14
19
9
10
7
9
17
18
14
12
17
8
12
8
15
7
17
13
13
18
9
10
16
14
9
9

18 34 61 79 98 113 131 158 175 193 210 225 241 259 288 312 331 345 370 385 403 431 454 477 506 528 555 573 598 618 648 678 698 725 746 776 794 820 849 871 901 922 941 971 992 1006 1031 1060 1075 1102 1131 1146 1166 1188 1214 1236 1262 1282 1312 1330 1351 1369 1389 1405 1429 1453 1475 1496 1514 1537 1556 1580 1600 1630 1658 1681 1708 1727 1747 1775 1801 1818 1832 1857 1877 1896 1924 1946 1967 1986 2015 2030 2058 2076 2102 2132 2162 2189 2217 2243 2266 2292 2318 2343 2365 2382 2411 2440 2460 2479 2500 2524 2548 2577 2599 2621 2650 2676 2700 2724 2745 2770 2789 2817 2837 2857 2879 2905 2926 2948 2967 2984 3003 3029 3059 3084 3107 3137 3164 3182 3204 3231 3249 3275 3303 3320 3334 3352 3377 