400 150 5 
10
20
14
10
10
14
9
16
6
18
20
13
16
13
5
19
7
19
17
16
12
18
18
8
5
19
10
5
5
17
6
11
11
13
6
17
10
16
12
14
10
18
19
16
12
12
18
19
20
9
17
15
18
18
11
19
17
10
5
17
20
6
14
10
13
18
7
11
16
16
5
8
8
18
5
8
8
10
15
17
5
15
14
6
18
19
15
14
12
20
8
7
7
16
11
10
8
12
11
17
5
5
13
6
9
8
19
14
13
16
5
6
19
15
17
12
5
15
5
17
14
8
10
14
6
5
20
5
20
18
7
9
15
9
12
17
6
13
20
9
17
6
12
9
7
15
17
9
17
12
6
5
15
16
20
14
9
14
18
18
9
14
5
13
7
18
9
16
5
9
17
17
13
20
11
18
7
8
7
6
15
19
10
17
7
18
14
16
9
18
12
10
15
6
13
5
6
9
13
11
16
20
17
14
9
18
11
10
13
17
11
10
8
12
8
14
14
7
15
11
12
11
11
19
14
19
6
7
19
5
15
11
14
5
13
9
14
7
19
8
16
20
20
13
19
14
8
19
12
7
16
8
11
15
7
8
14
13
9
13
5
16
8
7
6
6
13
9
18
12
12
20
7
7
11
8
7
19
20
8
9
10
8
13
15
7
7
14
8
11
14
15
6
16
16
7
18
13
8
6
15
9
13
7
12
19
7
18
14
17
17
5
14
7
16
20
14
11
19
15
18
7
12
19
13
15
14
19
9
19
6
9
11
6
15
7
6
16
17
19
15
17
9
19
17
8
15
5
18
19
20
18
5
7
11
19
18
19
10
20
19
16
16
9
16
11
9
15
13
6
16
20
18
11
20
9
11
19
14
6
17
7
18
15
10
20
20
6
12
20
13
17
8
11
14
14
20
15
20
20

17 36 54 76 93 116 134 150 176 198 210 234 259 282 300 313 332 346 372 402 417 433 450 472 500 512 526 538 559 571 595 607 622 649 664 688 702 714 728 753 763 775 803 830 845 863 892 913 924 948 962 975 1000 1018 1041 1065 1078 1088 1105 1133 1163 1183 1212 1222 1245 1256 1284 1308 1326 1354 1367 1388 1413 1442 1471 1485 1508 1524 1534 1555 1571 1586 1609 1627 1643 1671 1691 1717 1739 1769 1780 1793 1815 1845 1871 1887 1913 1934 1953 1963 1980 2001 2011 2033 2054 2084 2109 2120 2135 2163 2176 2196 2221 2240 2254 2265 2295 2314 2343 2356 2386 2409 2435 2453 2466 2495 2518 2547 2574 2604 2619 2647 2661 2685 2714 2735 2745 2763 2786 2814 2829 2840 2851 2877 2897 2923 2934 2963 2983 