300 50 5 
8
6
16
7
18
14
15
14
10
15
18
6
20
11
16
19
19
10
20
10
11
12
10
16
9
15
10
5
18
19
5
16
9
12
13
13
5
8
10
5
18
18
10
12
7
6
9
16
8
5
17
16
12
12
19
12
18
16
7
12
16
12
17
20
12
15
20
6
14
16
11
8
5
19
6
7
9
16
18
12
18
18
12
14
7
13
7
8
9
20
11
13
17
10
17
9
7
7
13
10
5
13
11
15
11
12
13
16
20
19
19
14
9
7
12
11
20
9
13
13
8
19
16
15
15
19
14
9
20
12
15
18
18
9
17
19
12
19
8
13
15
5
5
14
5
13
10
16
11
6
13
18
5
5
11
11
17
16
15
12
9
5
19
5
13
10
6
11
16
17
14
9
18
15
16
20
14
12
14
20
20
13
16
15
10
17
6
8
15
9
13
8
16
12
16
12
14
9
17
16
16
14
8
9
5
8
11
9
12
12
15
15
8
6
14
13
14
16
9
14
17
6
16
7
16
7
15
13
13
14
11
8
18
17
14
7
16
10
15
20
8
5
6
9
13
9
14
19
9
10
12
5
15
14
15
16
17
15
8
18
19
17
12
13
15
20
7
10
11
11
19
13
8
14
10
11
12
14
9
9
19
7
5
6
17
10
18
12
11
12
18
19
6
9
11
7
16
13
12
11

17 47 68 93 115 131 154 183 199 223 236 260 287 317 334 353 369 394 415 433 450 477 493 517 544 567 592 605 635 665 691 715 725 754 771 794 812 826 840 858 877 890 903 928 958 985 1007 1026 1041 