20 150 7 
15
11
9
11
20
10
15
19
7
20
10
16
12
11
20
17
15
7
7
16

30 46 70 84 103 117 147 162 191 216 241 258 282 297 321 344 372 392 408 428 450 477 492 519 545 561 583 601 617 633 655 679 695 717 739 767 782 803 819 841 859 887 913 932 960 985 1004 1029 1047 1073 1101 1115 1134 1149 1176 1198 1225 1252 1267 1284 1310 1326 1348 1363 1386 1404 1421 1449 1466 1481 1502 1529 1544 1561 1591 1606 1622 1643 1666 1682 1707 1729 1750 1779 1800 1818 1836 1855 1885 1907 1924 1945 1960 1990 2004 2021 2050 2074 2091 2113 2127 2142 2162 2183 2208 2224 2239 2261 2281 2310 2330 2350 2378 2406 2432 2451 2475 2493 2518 2535 2563 2585 2604 2629 2648 2666 2683 2710 2725 2739 2759 2780 2799 2822 2840 2859 2880 2910 2925 2952 2979 2997 3014 3031 3048 3064 3080 3101 3123 