400 10 7 
15
18
13
11
7
15
20
20
19
18
20
9
11
12
8
10
19
7
11
13
16
7
7
8
12
14
14
16
8
16
9
13
10
10
12
12
9
7
20
18
8
10
18
15
20
8
12
8
16
18
13
17
16
8
18
9
8
9
7
9
20
12
14
16
8
16
11
10
12
17
11
16
18
9
9
15
12
18
17
16
13
17
14
17
9
12
18
14
19
14
11
7
7
8
12
12
19
19
12
11
15
15
18
20
17
18
16
10
15
19
9
18
16
20
15
19
9
16
19
7
7
16
12
7
17
15
18
9
18
15
13
20
20
16
17
13
18
12
10
14
8
10
12
16
12
19
15
19
10
15
11
20
14
10
15
20
8
18
8
13
19
14
7
19
15
9
8
8
10
13
17
9
7
15
16
10
14
18
7
20
14
19
18
17
12
7
19
13
10
12
16
20
16
20
14
12
7
8
14
15
13
17
12
17
10
10
9
16
10
14
13
8
17
15
8
10
14
13
20
11
17
7
15
9
10
10
10
18
20
15
8
13
19
12
8
14
16
7
13
7
16
19
15
7
7
12
20
18
14
9
19
20
15
20
10
16
10
13
20
19
16
17
12
8
8
16
17
8
15
14
11
17
9
10
19
19
14
9
9
13
16
17
18
15
18
12
14
14
12
10
19
19
18
20
19
12
10
18
20
15
13
20
14
7
9
9
19
20
15
13
12
7
17
9
18
19
10
10
11
13
14
20
19
16
8
7
10
18
10
20
16
20
19
15
13
9
12
9
17
18
19
18
11
13
16
18
20
14
10
13
9
14
18
17
15
8
7
15
16
10
19
11
9
15
17
20
14
8
20
9
20
17
12
13
19
17
9
7
20
7
9
18
12
13
12
11
20
14
19
17
17
18
19
19
17
14
14
15
11
14

14 30 44 58 76 98 123 147 170 