200 150 7 
11
10
16
15
20
16
8
7
12
8
15
8
12
9
17
7
10
13
20
11
8
19
15
13
17
19
12
7
12
16
17
18
16
14
7
13
17
16
10
9
7
19
12
9
9
20
19
13
8
15
16
13
9
12
19
8
12
15
7
15
14
18
11
12
13
15
20
15
16
9
18
7
19
13
18
8
19
19
18
14
20
7
13
13
7
15
10
17
8
19
14
13
8
18
15
15
16
13
19
15
9
19
11
7
12
15
17
9
8
10
14
7
19
18
12
9
18
14
13
18
13
17
10
15
8
20
20
17
8
18
7
10
14
16
15
16
16
11
16
12
18
14
19
17
9
16
14
12
14
8
11
9
17
9
10
8
10
13
7
19
17
20
14
15
18
9
15
20
9
10
11
8
7
17
10
8
7
7
17
13
13
7
19
16
13
12
7
15
12
10
19
10
19
11
16
20
15
10
13
17

15 44 73 90 113 136 153 173 201 229 243 270 289 303 319 346 373 396 419 434 449 464 483 504 518 533 554 568 589 612 637 657 672 686 712 738 752 771 790 810 831 848 866 896 915 933 947 975 994 1021 1037 1052 1069 1093 1113 1130 1148 1162 1185 1211 1234 1256 1270 1293 1315 1343 1370 1392 1406 1435 1461 1485 1506 1527 1556 1579 1608 1629 1657 1678 1706 1720 1740 1761 1781 1795 1821 1847 1872 1902 1917 1940 1957 1987 2014 2034 2059 2074 2093 2115 2145 2166 2180 2203 2217 2235 2259 2285 2300 2327 2357 2374 2402 2422 2444 2466 2495 2514 2535 2563 2583 2610 2630 2651 2680 2698 2728 2747 2762 2786 2808 2823 2845 2861 2884 2911 2941 2964 2980 3007 3031 3049 3073 3089 3108 3138 3162 3177 3198 