300 20 6 
18
15
19
20
15
10
10
8
15
12
6
18
10
16
16
12
14
13
11
8
15
14
16
13
17
17
9
17
15
10
15
16
15
15
15
17
7
6
8
8
18
20
8
18
16
13
10
9
15
13
20
17
15
19
19
14
10
6
7
12
8
15
19
13
8
17
12
14
6
12
18
12
9
16
17
7
9
8
7
13
17
17
18
18
12
16
12
17
7
12
8
9
14
18
12
9
12
13
15
19
18
6
13
19
19
17
17
9
10
10
11
13
11
13
8
7
14
10
15
11
14
8
7
7
16
20
11
18
10
15
11
12
7
19
10
20
6
12
15
7
20
9
16
13
12
7
13
15
10
13
11
17
6
14
16
14
19
14
16
17
18
9
9
6
9
18
16
17
17
10
15
17
15
13
9
6
11
7
8
12
13
7
17
12
12
12
7
17
13
16
20
15
20
7
10
19
8
17
7
10
10
6
14
6
12
19
10
14
17
9
12
14
6
12
12
11
17
9
11
12
13
10
6
8
16
18
9
6
14
6
10
11
11
8
18
7
8
17
9
8
6
6
7
19
18
20
11
15
11
15
10
11
8
9
7
6
14
6
13
19
19
18
11
14
14
15
6
16
15
11
16
6
17
8
8
6
17
13
11
13
10
20
10
19
6
20
11
14
6
16
14
13
8
6
19
12
15
6
6
18

12 30 56 79 103 117 134 164 182 197 225 249 274 304 334 349 376 389 409 