350 100 6 
12
17
14
9
6
9
9
9
19
17
13
19
8
19
19
7
13
18
14
9
15
7
16
9
20
20
20
18
19
10
16
17
14
15
19
12
13
15
12
10
13
18
11
17
10
12
19
8
18
7
16
19
14
16
16
9
15
16
11
9
16
8
15
15
13
11
14
20
15
12
12
15
13
9
13
11
10
18
16
12
9
10
17
8
14
18
13
19
17
18
16
8
8
16
20
19
13
18
7
20
7
18
8
19
13
15
16
13
15
17
13
17
10
13
19
17
10
10
13
14
18
7
9
18
17
19
14
20
12
20
18
20
14
20
8
14
10
9
9
13
14
11
12
7
12
20
16
12
19
8
19
16
19
18
18
6
8
13
13
11
12
9
12
9
9
14
20
12
11
6
10
13
19
16
19
19
20
15
6
14
14
16
10
16
14
8
11
16
11
12
13
15
11
14
16
12
8
10
20
9
14
16
13
10
13
17
12
19
12
17
20
14
13
11
15
16
9
19
15
17
15
18
10
12
14
20
15
14
15
8
20
18
12
8
9
10
19
16
15
8
17
15
20
6
10
9
12
11
9
13
17
17
13
6
20
13
13
16
7
12
11
8
8
7
11
13
11
20
9
10
18
13
18
11
19
12
9
18
8
10
13
15
18
17
8
15
14
6
17
15
6
8
20
17
8
15
12
6
8
9
8
7
12
9
10
16
7
6
6
15
16
10
16
9
9
7
16
11
17
20
13
12
15
17
16
13
18
12
6
16
9
19
20
17
7
10
14
9
16
7
12
20
20
19
19
18
10
19
20
8

30 54 84 98 115 142 168 191 209 230 256 280 303 332 359 388 417 435 455 471 499 519 540 561 579 594 621 640 669 697 725 743 773 787 816 840 870 889 911 923 944 972 992 1022 1038 1057 1070 1090 1108 1123 1149 1171 1201 1218 1236 1248 1265 1281 1309 1321 1341 1366 1386 1410 1426 1445 1467 1489 1501 1524 1539 1568 1580 1603 1628 1646 1662 1691 1709 1723 1739 1759 1778 1791 1807 1824 1854 1878 1893 1912 1939 1955 1982 1994 2023 2049 2067 2089 2118 