200 10 7 
16
7
13
13
10
13
10
8
19
9
10
15
16
12
12
17
18
18
12
11
12
16
7
11
12
7
18
13
11
16
10
17
10
7
11
10
13
9
12
19
15
10
10
12
12
8
7
20
10
12
8
12
12
10
20
15
20
16
20
10
20
19
14
11
17
16
9
18
8
19
14
17
11
7
13
8
7
17
15
15
12
20
12
16
19
7
18
19
11
13
16
11
15
11
9
7
19
15
10
14
13
12
8
11
13
7
10
7
7
20
11
8
19
11
13
9
15
10
15
11
9
15
11
14
12
13
16
13
15
7
20
20
16
19
8
13
14
19
12
13
10
16
8
19
8
20
15
9
16
13
14
20
14
14
15
15
19
8
9
10
17
20
9
10
12
15
18
18
7
12
14
16
11
16
11
12
15
18
17
20
17
7
20
12
19
7
14
18
15
11
7
20
9
9
17
20
9
7
9
8

29 55 85 113 140 160 183 209 226 