350 50 6 
15
9
16
9
12
8
10
12
6
15
14
10
6
15
19
20
18
8
16
6
19
11
9
17
10
20
14
17
18
17
7
9
20
18
14
16
9
17
14
19
11
13
20
12
17
19
17
11
19
9
8
17
14
10
19
19
17
11
6
12
14
10
16
20
12
16
15
6
19
14
20
19
9
14
7
9
14
18
10
8
11
17
16
20
18
9
20
15
17
13
14
9
19
12
10
19
10
14
17
13
15
10
13
17
7
18
18
18
17
13
16
16
11
16
17
11
15
20
14
10
19
7
18
11
18
9
19
18
7
17
13
18
11
20
10
19
17
14
7
7
8
11
19
17
12
6
18
9
18
7
13
12
17
18
13
20
15
9
20
18
13
17
9
18
8
15
13
19
11
9
18
20
16
8
8
16
7
18
19
16
6
15
20
11
14
9
8
16
6
14
14
15
18
14
6
6
14
13
10
8
14
9
12
16
7
20
13
8
16
18
19
12
12
18
11
13
15
6
6
14
20
15
14
15
12
17
18
7
20
15
16
17
9
19
11
14
8
15
16
11
20
9
18
12
6
16
17
20
8
20
18
14
8
7
16
12
13
13
9
15
11
12
6
12
9
15
14
18
9
12
17
10
14
18
19
11
10
19
14
8
17
12
10
9
9
19
18
6
8
13
17
14
9
8
11
15
12
20
14
15
19
20
14
16
13
15
12
15
11
6
14
15
9
9
15
19
8
14
8
11
10
20
19
11
19
10
12
6
10
6
17
17
19
15
16
13
9
13
8
9
6
17
9
15
14
6
8
20
11
7

14 42 58 75 97 113 136 154 166 194 222 241 270 292 312 342 370 383 401 416 440 452 476 492 520 535 547 570 582 594 609 629 656 681 710 735 759 789 804 820 843 863 883 903 921 941 968 994 1008 