300 100 6 
16
15
6
10
13
13
19
16
14
12
10
20
10
19
18
11
9
20
9
13
18
6
14
18
15
11
20
18
15
17
7
16
18
9
12
7
12
8
7
14
8
20
12
6
6
9
11
8
9
17
10
9
10
17
17
9
14
11
16
19
6
18
20
18
20
6
12
19
13
9
17
17
8
12
18
7
14
20
10
7
12
11
14
14
12
14
8
8
15
12
12
14
19
17
20
13
9
17
10
19
8
14
11
19
7
9
10
18
14
7
15
16
20
9
19
11
20
8
7
19
14
10
11
14
13
16
19
12
20
13
20
20
15
10
20
19
10
13
17
20
13
20
6
16
7
7
15
16
16
20
7
14
19
6
6
19
20
18
9
10
7
16
18
13
9
6
7
12
20
13
13
14
17
15
17
10
9
20
9
13
11
6
19
18
6
12
20
11
10
19
10
16
9
13
10
20
12
15
17
19
16
15
17
16
18
13
7
16
9
11
6
20
8
16
6
16
17
16
11
17
10
9
8
15
8
15
18
16
10
9
15
9
14
20
7
18
17
12
13
15
6
12
14
14
8
14
13
9
10
9
17
10
18
10
8
16
7
10
18
12
15
11
16
17
12
10
9
6
8
18
9
15
17
17
9
14
9
13
16
17
17
12
19
16
6
15
19
16
8
18
17
6
17
12
9
11
7
13
8
7

25 39 59 83 113 142 172 193 214 241 264 279 293 305 331 352 367 386 398 428 441 462 478 490 507 535 551 573 603 620 643 659 684 707 731 757 786 798 821 851 877 902 919 942 971 995 1008 1024 1053 1082 1095 1114 1126 1145 1170 1197 1209 1238 1261 1278 1295 1307 1334 1357 1379 1396 1414 1429 1445 1460 1477 1501 1525 1551 1581 1594 1610 1631 1655 1683 1696 1725 1754 1770 1784 1803 1816 1841 1856 1873 1885 1915 1939 1957 1974 2000 2026 2046 2068 