20 150 6 
17
15
6
10
6
12
10
12
19
14
12
12
20
15
11
19
18
12
12
13

26 50 75 99 128 152 170 198 227 257 279 300 321 338 363 379 395 424 437 452 474 494 523 535 562 574 599 616 633 660 679 701 731 749 777 805 833 859 883 909 937 953 966 979 997 1027 1055 1074 1102 1114 1128 1158 1188 1207 1231 1254 1277 1299 1311 1328 1351 1364 1386 1405 1420 1436 1459 1473 1503 1529 1550 1564 1587 1608 1633 1648 1675 1703 1728 1755 1767 1780 1801 1829 1842 1865 1885 1914 1926 1950 1974 1986 2015 2041 2057 2074 2095 2109 2129 2149 2169 2193 2222 2247 2277 2306 2333 2355 2380 2404 2421 2442 2466 2494 2510 2532 2560 2573 2598 2628 2653 2670 2684 2704 2732 2760 2790 2809 2823 2847 2868 2882 2909 2936 2963 2985 2997 3018 3043 3068 3086 3107 3120 3142 3158 3183 3201 3227 3250 