300 50 7 
10
7
11
15
20
10
10
18
8
20
11
7
18
14
8
9
8
8
19
15
12
19
20
12
16
12
16
17
13
14
9
13
11
11
10
8
12
10
19
15
7
14
13
15
18
15
12
8
10
15
15
19
9
16
17
19
16
14
14
15
14
7
14
19
18
15
7
16
15
16
15
11
14
20
7
15
12
15
14
16
12
12
15
8
19
17
20
17
20
12
10
11
14
8
20
20
17
11
9
18
9
11
16
9
16
13
9
17
10
9
18
10
9
10
10
8
19
12
18
19
19
8
14
16
15
19
11
10
12
9
18
11
7
13
20
13
14
15
7
14
9
17
19
13
18
19
14
8
13
20
15
14
19
16
8
12
19
9
16
10
12
15
8
12
17
15
20
16
16
7
12
12
15
20
15
12
14
7
19
13
17
9
7
19
18
17
13
14
18
11
16
12
8
17
17
10
20
17
13
13
14
16
8
7
16
14
10
15
15
16
12
14
16
19
10
16
19
17
13
20
12
19
13
7
18
15
17
11
19
13
9
7
12
14
17
7
16
11
15
17
15
11
7
12
13
20
17
14
15
13
12
17
11
19
13
16
8
13
14
14
18
13
14
11
8
7
20
9
20
7
19
10
13
14
14
10
11
10
10
8
10
20
11
7
19
11
16
14
20
12
12
7
16
17
16
19
18
17
7
11

28 48 74 104 133 156 170 200 218 232 255 275 303 331 354 383 412 433 448 471 493 511 534 557 585 613 638 658 681 703 726 755 778 800 829 853 878 902 920 935 964 991 1013 1028 1054 1080 1094 1114 1131 