100 100 7 
8
11
16
15
18
13
20
7
16
9
15
10
20
18
13
13
19
8
15
12
14
20
9
19
8
8
9
9
9
13
12
14
10
16
15
13
20
16
15
20
8
18
12
9
11
17
16
17
7
13
16
19
12
8
14
20
18
8
7
17
16
8
18
10
20
13
16
11
7
17
19
8
17
18
11
19
15
14
12
9
20
20
14
10
9
19
20
19
10
14
16
18
16
9
12
19
14
9
20
13

27 49 68 89 104 120 143 172 199 223 241 265 290 310 339 355 369 388 418 437 463 480 501 520 547 569 584 601 627 657 687 707 721 749 773 792 816 844 863 881 909 938 968 986 1011 1040 1065 1092 1121 1147 1175 1191 1219 1233 1251 1270 1292 1322 1344 1372 1387 1406 1424 1438 1460 1484 1506 1522 1543 1573 1595 1619 1648 1663 1685 1700 1729 1743 1771 1795 1817 1840 1869 1884 1911 1925 1942 1959 1975 2005 2023 2047 2067 2094 2108 2138 2154 2168 2197 