200 40 5 
11
19
19
11
11
17
5
6
6
7
6
10
10
20
11
6
5
6
8
12
17
17
7
5
7
14
6
20
13
6
14
9
17
16
11
7
11
7
9
7
14
15
11
14
16
9
18
13
11
5
12
8
18
7
10
9
7
14
7
5
12
17
6
15
9
10
11
12
14
7
13
7
9
15
10
6
10
19
11
13
5
5
10
17
8
12
18
15
14
8
5
14
19
20
19
19
9
10
10
19
10
11
9
14
15
14
10
10
16
9
15
14
13
14
12
16
13
8
5
17
20
6
9
7
10
7
15
11
10
7
16
5
9
9
6
20
8
5
19
18
10
20
5
8
10
10
9
14
7
18
13
5
17
16
10
9
9
19
18
17
20
10
6
8
17
9
11
17
11
12
14
7
16
11
6
19
19
14
9
17
15
19
17
5
13
14
16
10
8
16
18
11
15
11
19
6
10
20
17
13

15 45 63 91 121 143 173 191 221 240 254 283 302 317 344 364 389 402 413 440 451 476 488 502 525 550 577 604 620 634 651 662 686 710 727 746 771 791 821 