200 50 6 
19
20
7
18
17
7
11
20
15
8
12
13
7
12
19
18
13
7
16
11
6
16
15
8
14
9
19
12
18
14
16
8
20
12
15
6
15
10
10
8
14
16
19
20
13
10
20
7
17
16
10
20
7
12
13
9
10
9
15
12
12
8
7
18
6
16
13
10
17
11
7
13
10
11
18
10
16
10
8
20
8
20
6
10
14
8
13
11
8
17
11
8
11
7
19
10
7
8
17
15
12
7
20
18
7
20
15
10
6
19
18
9
6
14
8
10
17
9
6
6
6
10
16
10
18
18
9
14
7
8
18
19
18
9
14
14
12
7
19
14
7
13
7
8
19
11
14
18
20
14
19
6
19
16
20
16
17
14
16
6
6
9
7
8
17
12
18
17
15
6
9
8
16
7
19
17
9
12
17
12
17
10
9
17
15
19
10
15
20
8
17
11
19
9
15
12
11
9
16
20

27 41 59 86 111 125 148 169 185 215 243 269 285 313 336 357 376 405 430 444 464 477 505 531 552 570 592 613 642 665 693 708 723 740 762 784 806 820 848 869 884 913 929 959 985 999 1017 1033 1046 