350 40 7 
17
18
7
15
15
15
8
20
15
19
17
16
7
13
12
16
14
9
16
10
7
19
10
15
13
10
11
17
19
19
11
9
9
8
12
20
8
9
9
11
7
10
20
12
18
10
15
11
13
10
16
15
9
17
18
19
14
10
18
15
7
7
8
20
19
19
18
17
15
7
9
12
13
10
8
15
12
13
8
7
20
14
9
7
18
20
11
18
14
18
8
7
13
16
10
16
9
18
16
16
13
11
13
13
15
12
17
12
11
19
8
16
8
19
12
14
10
20
16
9
16
11
8
19
16
15
19
20
20
8
11
18
20
18
15
16
11
8
16
13
12
15
11
12
17
18
16
14
10
13
20
18
19
8
8
9
8
16
20
11
14
18
11
10
18
15
11
13
8
7
8
7
17
10
10
7
19
11
12
13
14
13
7
9
13
12
15
15
15
18
17
7
9
7
11
11
17
9
19
18
18
17
20
17
20
17
14
10
17
13
14
13
16
9
16
14
14
9
8
11
20
9
10
7
20
14
17
20
11
11
12
9
17
14
14
9
8
14
13
13
11
20
18
12
11
7
19
19
11
12
9
15
15
17
19
17
11
14
9
13
7
18
8
10
8
14
20
8
9
16
12
16
17
7
17
18
7
10
16
20
20
13
20
15
8
15
19
7
7
17
16
7
8
11
18
13
11
16
11
10
8
11
7
13
11
17
16
11
11
15
11
13
7
9
12
8
10
14
19
11
14
16
12
20
12
11
15
12
12
20
18
20
13
14
15
14
8
7
12
20
17
17
17
9
16
8
9
10
15
10

22 50 79 108 132 147 171 201 222 251 273 291 310 340 362 382 404 426 454 479 507 526 543 568 590 615 634 653 673 695 712 738 759 777 800 830 847 866 894 