30 150 7 
18
16
17
15
8
10
13
10
9
10
8
17
12
15
8
7
16
13
13
11
20
16
14
8
10
16
16
12
20
18

15 39 58 74 103 128 146 171 189 213 233 249 264 292 307 331 350 374 402 420 449 472 494 511 531 556 577 607 621 650 670 696 711 737 761 777 802 832 862 886 904 921 945 969 997 1012 1039 1058 1080 1102 1132 1150 1171 1197 1226 1244 1263 1288 1305 1331 1356 1386 1404 1431 1448 1465 1487 1511 1538 1563 1585 1605 1626 1648 1677 1697 1723 1743 1757 1784 1800 1829 1849 1870 1890 1918 1937 1961 1975 1990 2013 2042 2069 2095 2114 2129 2155 2172 2190 2210 2226 2247 2269 2298 2325 2347 2363 2378 2395 2410 2434 2463 2492 2521 2546 2567 2588 2618 2632 2655 2679 2697 2718 2739 2760 2785 2815 2829 2853 2876 2901 2924 2951 2972 2988 3006 3024 3045 3068 3091 3107 3136 3164 3189 3215 3233 3248 3266 3288 