200 40 6 
9
15
16
8
8
10
15
20
12
9
12
13
7
12
9
19
6
8
17
19
19
8
17
20
7
18
16
8
16
13
8
20
18
11
8
6
13
19
9
8
6
11
14
13
12
10
7
7
10
19
13
14
12
17
9
12
9
17
17
15
16
18
16
15
6
13
16
16
16
20
19
18
19
15
19
13
20
16
10
7
12
20
14
9
17
13
12
11
9
20
19
12
20
19
16
15
10
9
18
9
20
9
8
19
19
15
13
7
18
20
15
20
20
11
13
10
6
16
10
6
16
12
6
20
18
7
13
17
18
19
11
6
14
13
6
11
9
18
8
16
11
8
14
15
8
9
16
8
20
13
6
12
17
17
17
19
20
8
20
16
17
9
10
6
20
17
14
15
12
12
11
9
20
16
19
6
10
16
20
10
10
17
14
10
16
17
7
8
10
10
14
18
7
17
6
20
15
11
20
13

30 45 61 73 102 121 147 162 181 199 220 241 267 281 296 315 341 354 382 406 420 433 457 487 516 536 566 579 600 618 636 664 687 701 724 740 756 769 781 