200 30 7 
17
16
9
13
10
11
19
15
20
11
8
15
12
11
15
17
15
16
9
16
7
11
16
17
15
16
16
12
14
16
15
10
11
7
13
18
10
12
15
8
12
12
10
10
7
10
14
15
19
8
9
12
10
15
16
11
8
11
13
9
13
15
15
8
10
19
20
9
14
13
19
13
20
18
11
12
14
20
16
8
16
11
17
19
16
14
18
16
9
9
9
18
17
15
8
15
19
7
14
9
11
15
17
20
16
18
9
8
19
14
9
10
7
11
11
14
16
19
14
7
10
18
14
17
13
15
11
16
16
18
16
16
19
19
12
17
7
19
18
11
8
16
11
15
9
11
7
17
17
18
13
15
8
9
13
10
15
13
12
12
8
16
18
16
9
7
18
10
20
13
16
17
8
19
10
8
7
14
12
10
8
11
14
8
19
18
9
8
7
18
15
17
19
7
14
9
19
19
11
11

23 52 68 88 104 123 137 160 190 219 238 256 276 303 331 349 377 394 414 434 457 474 490 506 529 544 560 588 617 