350 150 7 
19
10
18
16
14
19
16
15
14
12
16
9
16
18
15
16
8
10
12
13
7
15
19
12
20
19
13
16
20
8
7
10
17
10
15
16
7
12
15
11
8
20
7
20
7
13
15
19
18
20
8
8
16
16
18
20
14
17
12
16
16
14
15
15
19
19
15
19
7
17
11
13
8
13
20
20
20
18
10
13
14
13
10
18
16
7
14
12
20
16
15
18
18
13
10
14
20
16
20
16
10
12
20
14
16
15
17
10
16
20
13
11
10
17
7
12
20
16
10
13
12
18
19
12
9
9
10
11
14
12
10
7
8
16
12
17
10
14
12
13
16
18
10
13
12
15
8
17
20
8
15
13
18
15
14
17
20
14
9
13
12
9
18
15
9
13
7
15
18
19
16
20
18
8
17
12
16
10
15
20
20
7
14
19
8
10
10
7
15
19
20
9
11
13
18
10
10
11
10
15
16
12
20
8
17
13
19
12
18
16
20
18
15
13
9
19
13
7
8
15
9
20
19
12
9
20
20
17
15
15
19
13
16
16
12
9
14
7
12
13
12
11
19
9
16
11
12
15
12
20
12
20
7
18
8
11
7
16
18
18
10
9
16
12
19
13
20
14
11
18
19
14
12
10
16
14
20
15
7
13
10
8
14
20
20
12
10
20
12
11
19
15
10
17
18
12
16
16
8
20
20
8
16
18
18
16
16
19
20
19
8
14
15
15
15
16
12
13
9
16
18
11
16
12
8
13
15
9
16
11
13
8
12
7
9
8
12
7
12
11
8
7
20
12
7
17
20
16
19
20

17 35 61 87 115 138 152 178 197 225 243 271 298 320 334 355 373 394 416 436 462 491 513 537 555 570 599 616 635 657 687 705 730 757 771 800 817 836 862 891 913 932 956 974 1004 1019 1044 1061 1081 1107 1125 1146 1176 1203 1217 1237 1265 1293 1308 1337 1359 1388 1402 1425 1448 1466 1485 1513 1534 1551 1580 1604 1629 1644 1660 1685 1702 1731 1755 1769 1794 1809 1825 1853 1868 1884 1909 1939 1958 1978 2008 2030 2052 2076 2096 2120 2149 2179 2206 2223 2237 2260 2277 2292 2312 2328 2342 2360 2389 2416 2437 2459 2489 2507 2529 2551 2569 2591 2612 2641 2663 2677 2703 2723 2747 2769 2798 2824 2840 2854 2873 2899 2916 2934 2961 2977 2998 3027 3052 3067 3089 3103 3125 3144 3163 3177 3198 3228 3252 