30 100 6 
10
14
16
18
18
12
8
9
15
10
8
12
16
17
20
12
14
14
9
8
11
11
10
19
15
13
12
20
8
18

16 40 65 94 111 131 148 175 193 214 234 260 286 303 330 346 359 371 391 417 446 459 479 496 525 542 556 585 604 618 644 671 692 716 732 748 767 783 810 831 853 865 884 904 916 940 965 977 1005 1020 1046 1063 1076 1098 1118 1141 1171 1199 1229 1242 1269 1297 1324 1346 1366 1381 1404 1429 1458 1478 1506 1518 1536 1555 1568 1591 1603 1618 1645 1667 1681 1706 1734 1760 1775 1791 1812 1837 1867 1883 1903 1919 1944 1974 1991 2019 2046 2071 2089 