200 150 7 
11
8
18
11
20
12
13
16
9
16
19
12
12
13
12
9
20
15
11
19
13
20
12
11
20
8
11
8
10
10
12
7
14
15
10
12
17
10
7
7
9
19
19
20
15
14
8
17
11
10
7
17
10
12
12
13
12
17
12
12
15
10
16
15
20
8
14
8
16
7
10
20
11
15
11
17
7
17
20
7
17
17
9
20
15
7
19
9
14
9
16
13
14
14
11
10
13
20
20
18
19
16
15
7
11
15
20
14
19
18
14
20
9
10
14
20
9
16
12
15
17
12
10
8
15
11
14
7
10
20
13
11
8
15
13
18
11
8
11
15
19
11
8
9
19
9
9
20
10
9
8
10
17
17
20
10
12
13
12
16
9
7
14
12
13
16
7
12
16
18
11
20
15
11
15
10
10
15
18
19
15
8
18
11
19
12
7
11
7
20
20
13
19
14
14
19
16
15
14
11

19 36 58 76 91 105 120 136 156 183 199 227 255 270 293 307 325 339 356 370 388 412 438 463 483 504 528 556 573 594 611 638 656 681 697 719 746 761 782 808 822 851 873 901 917 947 967 983 998 1017 1036 1059 1078 1105 1130 1156 1176 1205 1234 1264 1286 1304 1325 1343 1358 1381 1398 1428 1452 1481 1510 1531 1551 1574 1604 1629 1646 1662 1690 1717 1739 1755 1778 1804 1832 1857 1886 1901 1918 1939 1958 1988 2008 2029 2049 2067 2089 2113 2143 2163 2188 2217 2235 2265 2291 2309 2323 2348 2370 2394 2413 2436 2452 2482 2503 2527 2542 2567 2582 2612 2628 2654 2684 2705 2729 2758 2786 2815 2839 2868 2890 2904 2918 2937 2965 2993 3018 3042 3070 3094 3120 3144 3173 3188 3218 3232 3253 3281 3295 