350 100 7 
8
10
15
14
16
18
12
17
16
12
19
12
8
10
11
19
10
16
10
14
8
12
7
13
13
11
15
18
16
16
11
11
15
19
10
13
11
14
7
16
19
9
13
7
13
11
11
11
18
14
8
20
15
14
9
8
17
8
9
17
16
11
14
12
8
12
7
18
16
14
20
16
11
13
20
15
9
10
16
17
10
7
15
8
18
15
10
12
10
8
12
19
15
10
7
18
7
14
9
14
19
19
19
20
13
12
20
7
7
16
18
8
18
9
14
18
9
12
18
13
14
10
10
12
8
13
15
14
14
9
9
10
12
11
12
17
16
20
19
10
19
9
20
17
18
14
9
15
11
19
12
8
14
17
11
17
8
9
10
20
7
11
17
9
8
19
16
18
8
12
8
13
10
14
20
20
18
8
14
9
17
19
9
17
7
13
8
12
18
18
20
9
18
20
10
17
16
19
14
10
18
14
15
19
15
9
20
16
20
7
19
12
17
9
16
13
19
7
9
18
18
10
9
16
9
8
10
11
7
14
18
8
15
16
14
7
8
12
9
19
8
14
7
7
20
11
19
12
16
9
17
17
7
19
10
16
18
16
15
15
12
20
16
9
9
10
10
18
20
9
9
14
16
20
9
13
11
9
14
14
13
9
20
10
7
17
8
12
11
8
16
12
7
8
10
20
20
16
7
8
12
20
15
13
14
9
9
16
8
20
17
8
13
9
12
18
8
8
13
19
7
14
17
10
10
14
15
13
13
10
13
8
18
9
7
15
10
18
15
16
14
17
10
15
19
15
20
20
8
14

17 39 68 86 100 130 151 181 201 225 244 259 288 317 340 365 383 407 427 450 477 496 521 542 562 577 600 616 634 656 675 702 721 741 756 781 810 827 847 865 882 901 915 930 952 981 1004 1034 1060 1085 1108 1137 1163 1179 1209 1231 1255 1274 1290 1305 1334 1363 1377 1393 1417 1440 1462 1486 1509 1530 1560 1588 1604 1625 1646 1676 1691 1718 1737 1757 1780 1807 1831 1849 1866 1888 1907 1922 1939 1957 1979 1998 2022 2045 2062 2078 2093 2111 2141 