350 40 5 
10
6
5
15
12
8
15
20
7
9
5
9
20
18
11
18
19
17
8
12
18
12
11
12
17
5
11
5
5
15
19
14
10
16
14
19
12
8
15
10
7
17
20
9
13
7
11
7
8
9
6
16
17
16
12
13
17
16
16
19
5
14
6
10
7
17
18
17
11
11
19
16
7
9
17
15
7
9
19
5
15
12
20
19
18
12
6
18
19
16
7
10
11
14
20
5
10
16
11
19
17
10
5
15
15
10
20
17
10
17
9
6
16
18
10
13
15
8
18
19
18
13
9
18
13
8
5
5
11
6
17
15
5
12
13
13
6
12
6
9
13
7
7
16
19
18
16
6
14
11
7
9
5
13
13
19
20
19
18
20
18
10
10
15
17
10
17
19
6
6
14
14
10
18
5
13
16
20
15
6
8
14
13
10
19
11
11
5
8
8
18
8
6
5
16
10
11
12
12
10
5
17
20
7
7
10
9
20
14
17
14
6
5
8
13
15
5
13
11
17
17
14
13
11
17
14
10
8
12
9
19
8
12
20
17
14
13
8
13
12
7
17
6
12
12
18
14
17
19
12
6
13
6
14
11
20
9
14
17
16
12
9
16
7
19
8
11
10
20
20
8
15
17
11
13
17
6
19
8
7
5
15
19
18
16
16
5
11
7
13
12
12
19
5
9
13
18
20
13
19
20
5
19
20
5
8
13
14
12
20
20
8
19
14
10
9
8
11
19
8
19
18
19
19
9
5
9
20
16
17
12
17
20
20
5
19
10
16
14
9
20
13
9
14
20
19
20
8
20
7

14 28 50 75 96 110 130 147 176 195 222 249 269 292 309 330 353 377 391 410 436 456 484 504 530 544 574 604 633 655 666 695 725 751 764 786 813 838 848 