200 20 7 
7
11
18
16
8
16
8
9
7
14
11
17
15
13
9
16
20
18
8
11
13
16
17
14
7
18
10
17
7
19
20
9
12
13
16
16
10
18
15
16
7
11
9
11
8
11
7
18
8
20
7
18
14
12
8
15
16
20
19
13
15
9
14
12
19
12
14
20
7
8
15
19
18
14
10
17
10
13
17
17
12
13
18
17
14
18
10
15
15
14
9
13
19
17
19
19
10
19
18
8
14
20
14
20
15
7
18
13
7
13
11
15
9
9
19
13
13
7
16
16
19
11
10
11
8
12
17
9
16
11
16
17
18
15
16
18
17
18
19
13
10
17
11
16
14
19
9
8
10
18
10
9
17
7
20
15
12
16
20
10
14
14
15
13
16
12
15
7
11
15
11
7
10
10
11
19
19
8
12
10
10
19
13
10
15
17
10
10
16
16
19
18
19
15
7
16
19
9
19
19

30 55 80 109 125 142 166 192 216 244 269 294 319 343 363 389 418 444 474 