200 40 7 
7
11
9
9
15
10
12
15
16
18
10
15
11
8
12
19
10
12
9
19
13
7
17
11
14
9
18
9
7
10
9
7
13
20
19
15
17
11
17
7
17
10
11
13
14
7
14
16
13
10
12
9
7
20
12
13
9
15
17
13
17
14
10
20
11
10
19
8
19
9
7
19
18
9
19
8
20
18
7
8
9
10
20
7
20
11
15
8
18
13
7
12
9
9
14
8
18
7
18
18
11
20
20
13
7
13
9
16
20
13
8
20
8
15
16
11
12
11
13
11
9
16
7
13
13
20
10
18
8
18
19
13
9
17
7
10
10
14
14
18
12
15
19
12
15
10
18
9
17
20
18
16
18
17
19
10
19
11
7
19
18
13
13
15
11
18
19
17
10
7
16
10
9
18
11
16
12
18
12
18
8
18
15
17
13
20
18
20
15
12
12
7
8
20
8
10
13
7
12
18

16 30 50 73 93 123 147 173 203 223 248 275 292 320 334 352 376 404 418 444 460 488 504 521 538 563 588 615 640 660 681 706 723 748 768 798 817 832 862 