100 100 7 
15
13
13
10
12
9
9
10
19
19
18
11
19
13
14
16
17
12
19
11
18
18
12
16
9
20
20
15
20
11
8
17
13
11
10
10
19
10
12
13
13
9
11
16
19
19
15
8
14
16
15
9
10
14
19
12
19
11
10
9
20
16
20
9
12
11
15
17
14
18
16
9
7
17
11
18
8
8
12
17
19
15
19
13
17
16
17
15
12
16
11
12
20
13
8
19
17
14
14
14

18 34 57 71 95 115 135 152 180 204 228 244 267 293 314 338 357 372 394 417 440 463 477 506 529 548 562 577 593 607 627 654 684 698 719 747 775 789 814 833 852 873 888 902 917 942 965 995 1022 1043 1058 1072 1097 1124 1145 1174 1190 1218 1239 1253 1276 1303 1333 1362 1381 1409 1432 1460 1489 1508 1529 1547 1565 1593 1611 1636 1658 1674 1691 1718 1744 1760 1777 1797 1815 1842 1856 1879 1897 1919 1943 1964 1983 2002 2026 2044 2060 2079 2093 