350 150 5 
5
7
18
12
12
15
13
13
17
11
7
9
20
12
11
8
17
10
17
9
7
10
8
12
10
19
15
17
5
13
11
17
20
11
20
12
16
11
16
18
12
12
20
6
16
15
8
16
20
17
10
17
16
8
6
13
18
11
5
20
15
7
20
17
13
15
7
7
16
20
13
8
20
6
20
9
11
9
16
18
6
11
9
10
9
5
19
19
11
17
19
17
11
11
14
16
9
11
19
7
20
17
12
8
16
17
16
10
11
18
13
8
15
18
5
11
10
12
6
5
12
12
15
16
17
18
16
7
17
6
17
18
20
11
5
8
9
6
16
16
8
17
6
9
7
11
6
11
10
19
8
13
15
5
19
9
9
19
18
12
11
8
7
18
7
9
17
18
7
13
10
5
12
15
20
13
5
17
5
20
19
18
16
18
10
19
6
20
10
7
13
9
15
10
16
14
6
20
7
12
18
13
8
16
13
19
14
12
18
9
9
13
11
19
6
13
6
15
17
9
14
6
8
5
7
20
17
14
9
19
15
16
17
15
17
10
5
6
12
15
6
14
10
14
11
11
18
20
11
17
10
16
11
7
11
7
9
13
20
10
8
15
17
5
14
10
14
9
10
15
6
12
9
6
17
15
11
5
13
16
17
16
11
17
10
19
14
9
15
14
16
10
11
16
6
19
15
7
5
6
5
7
5
12
19
9
20
8
18
6
14
9
16
5
12
20
19
17
10
18
15
14
14
6
9
13
6
17
13
14
16
9
13
5
16
7
11
17
14
17
10
9
14
8
15
7
20
18
13
10

27 39 52 63 82 105 129 143 162 181 206 230 254 277 307 336 361 372 397 408 438 465 484 496 513 535 557 577 602 616 640 655 667 693 713 730 746 769 784 806 820 849 878 892 918 947 958 974 1004 1028 1049 1078 1092 1117 1135 1146 1168 1181 1204 1223 1233 1247 1266 1293 1319 1336 1361 1390 1406 1436 1458 1478 1507 1521 1538 1548 1570 1597 1609 1638 1663 1680 1706 1735 1765 1780 1808 1832 1847 1857 1875 1895 1905 1929 1948 1959 1980 1992 2017 2037 2066 2079 2089 2119 2146 2157 2177 2194 2217 2230 2240 2254 2279 2305 2334 2354 2379 2405 2422 2447 2474 2491 2502 2523 2537 2564 2575 2603 2623 2644 2667 2695 2713 2723 2747 2777 2801 2814 2844 2854 2884 2913 2933 2949 2959 2975 3002 3024 3036 