20 150 5 
13
7
8
8
19
16
10
8
9
6
15
7
5
10
19
14
11
9
14
18

12 24 47 70 99 110 137 152 170 193 221 251 273 291 306 335 354 370 398 424 446 465 495 511 526 550 575 604 616 633 651 679 697 726 736 747 772 791 813 831 855 867 893 911 941 959 989 1012 1042 1072 1094 1116 1135 1163 1179 1196 1218 1239 1254 1266 1292 1321 1351 1368 1389 1400 1417 1433 1447 1466 1490 1506 1531 1558 1583 1613 1629 1647 1659 1674 1700 1713 1731 1758 1769 1784 1804 1832 1857 1883 1902 1913 1936 1963 1979 2002 2029 2058 2079 2093 2106 2130 2143 2172 2196 2207 2220 2238 2267 2283 2301 2325 2337 2367 2392 2402 2416 2442 2469 2482 2500 2512 2539 2559 2575 2603 2630 2656 2666 2677 2695 2707 2723 2753 2781 2811 2836 2866 2885 2913 2940 2958 2971 2983 3001 3015 3044 3056 3068 