200 50 5 
11
5
11
10
8
12
5
13
12
5
11
9
18
14
18
15
16
20
19
19
11
6
17
14
13
9
11
15
6
14
5
18
16
17
18
20
8
18
5
6
10
9
9
16
11
6
12
7
13
7
19
18
15
14
10
9
19
18
12
15
5
20
18
18
8
5
15
16
18
7
11
13
11
17
13
18
18
6
15
8
17
8
13
5
19
8
14
6
18
18
7
14
5
7
12
14
10
11
8
6
16
17
14
10
9
19
17
8
14
6
17
9
20
13
7
7
13
13
20
14
18
17
5
5
15
15
9
15
15
10
5
13
10
9
8
6
12
8
11
10
8
14
12
19
13
15
11
13
7
19
19
8
9
7
13
12
10
18
18
12
14
10
16
13
7
8
15
9
10
9
20
15
7
6
6
14
20
7
15
18
9
20
20
13
17
12
9
10
15
9
15
14
15
19
15
16
15
20
12
10

14 32 47 75 102 112 136 165 195 207 230 240 263 290 315 326 341 367 379 405 421 439 453 479 499 510 539 565 576 600 623 637 649 662 683 700 730 754 783 800 829 850 879 907 927 948 969 994 1015 