300 150 6 
8
10
9
16
19
14
7
13
6
15
16
20
18
8
9
19
16
11
19
6
18
7
17
7
6
12
19
20
8
14
12
15
20
11
12
18
8
13
10
12
18
13
14
6
10
19
15
15
11
11
15
12
18
20
8
13
19
12
16
15
20
15
19
17
12
13
12
15
12
20
8
11
8
6
19
6
12
17
12
9
15
11
12
11
16
18
20
6
9
10
16
19
20
19
17
19
15
6
20
18
6
19
9
15
14
14
20
10
13
16
10
6
9
9
16
17
16
8
19
8
11
8
7
17
20
19
18
7
20
11
8
17
13
14
11
7
19
14
12
11
15
7
16
18
15
7
11
16
20
9
11
11
9
16
13
20
15
13
8
7
6
19
7
19
16
9
19
11
11
16
11
17
9
10
8
8
9
18
20
8
9
12
18
15
9
7
12
16
17
6
19
15
10
10
14
17
15
16
9
19
12
11
16
11
12
8
6
13
13
18
16
6
15
11
6
7
15
14
9
10
7
10
17
20
12
18
19
20
17
9
16
19
15
16
10
7
14
12
20
20
8
11
15
11
6
19
17
19
15
6
17
15
13
12
8
20
18
9
19
7
6
12
15
7
14
20
11
20
20
17
14
17
19
11
13
7
6
11
20
19
20
16
16
9
16
16
8
16
9
6
13
6
13
19
7
17
17
9
7
10

24 50 78 93 108 137 160 175 196 226 246 263 277 291 303 319 331 358 378 396 408 430 445 462 474 495 521 541 556 580 598 618 639 653 666 678 690 706 726 741 771 784 803 819 847 861 882 897 910 927 952 972 988 1006 1029 1056 1083 1099 1115 1128 1156 1185 1203 1223 1235 1259 1284 1299 1328 1356 1371 1395 1425 1443 1471 1488 1517 1541 1571 1599 1620 1645 1666 1681 1705 1724 1745 1773 1787 1800 1813 1842 1857 1886 1909 1927 1945 1963 1977 2007 2022 2049 2063 2082 2094 2121 2147 2168 2182 2210 2228 2248 2266 2288 2309 2335 2347 2376 2401 2413 2429 2442 2460 2484 2502 2522 2542 2566 2596 2621 2647 2662 2690 2717 2733 2753 2767 2779 2803 2831 2849 2870 2884 2913 2931 2945 2974 2999 3014 