200 30 6 
11
9
20
16
10
11
16
17
6
14
7
16
16
13
12
14
10
13
19
12
11
16
7
10
20
10
6
16
9
15
7
10
12
13
16
19
18
17
16
10
6
9
18
16
20
12
8
16
11
11
11
10
18
7
20
16
19
7
18
12
20
14
16
9
8
13
15
17
19
17
6
6
19
6
16
18
9
20
7
17
12
9
13
18
14
11
7
18
19
6
12
16
11
19
20
9
8
17
16
6
10
9
19
6
8
10
10
9
11
17
16
14
20
16
7
17
16
17
16
16
20
18
20
16
20
16
9
13
17
10
18
9
12
17
11
18
7
9
19
17
8
13
12
13
7
14
11
15
10
18
9
12
14
20
13
8
13
6
6
14
10
9
12
18
12
20
6
18
7
19
8
15
13
13
15
18
6
9
10
17
16
13
7
10
14
18
14
15
8
6
9
14
20
16
15
11
12
14
7
16

22 38 55 83 102 130 157 185 198 213 229 245 271 286 309 322 342 365 383 413 434 455 483 499 527 548 577 594 609 