10 150 7 
13
10
10
16
13
10
20
19
16
18

30 50 69 85 114 130 155 185 210 230 256 281 296 314 342 356 376 406 425 450 468 493 519 549 573 591 612 631 660 678 702 726 755 784 809 824 843 858 874 899 928 942 969 988 1009 1039 1065 1095 1119 1137 1158 1172 1196 1214 1241 1256 1280 1295 1309 1325 1342 1364 1389 1414 1443 1460 1478 1499 1521 1551 1574 1600 1622 1651 1678 1694 1718 1739 1760 1783 1806 1820 1848 1862 1883 1908 1924 1941 1964 1981 2006 2031 2061 2086 2102 2127 2150 2171 2199 2227 2246 2276 2290 2313 2340 2358 2378 2407 2424 2447 2474 2489 2510 2524 2550 2576 2606 2632 2654 2671 2690 2718 2743 2764 2778 2796 2822 2837 2865 2891 2918 2934 2962 2990 3019 3048 3074 3100 3121 3141 3166 3180 3206 3234 3251 3271 3296 3318 3332 