300 50 6 
20
19
16
16
11
9
16
17
16
16
12
16
7
11
19
15
17
10
17
19
20
10
8
12
15
11
17
20
9
14
9
12
10
19
20
6
11
19
9
6
11
6
20
16
14
15
19
7
19
18
19
12
6
14
7
20
11
12
20
19
11
13
19
11
16
7
10
13
7
15
19
10
15
8
19
15
13
15
15
17
14
16
8
19
20
9
13
16
19
14
6
15
18
19
8
14
15
20
13
6
6
9
17
14
8
6
6
7
17
14
13
13
16
20
8
14
20
19
8
14
16
18
7
16
16
6
16
7
20
19
13
17
12
15
8
16
13
9
12
9
18
9
18
14
14
13
12
6
16
14
20
11
18
17
9
13
8
12
15
12
14
11
6
13
7
16
7
12
7
10
7
6
15
11
18
16
20
19
14
16
14
19
7
10
19
9
7
14
13
19
16
13
19
18
11
7
12
12
13
12
6
8
16
13
17
19
19
10
16
12
18
13
20
16
19
12
10
13
7
10
7
12
18
12
11
17
15
8
9
15
6
16
19
20
7
9
10
12
14
20
8
17
10
15
18
17
11
11
16
12
17
7
19
12
17
20
9
15
13
12
7
18
14
16
13
8
11
7
7
13
6
19
12
16
17
17
10
13
17
17
15
9
6
16
19
20
10
13
11
6
6
8
8
13
10
17
15
20
17
6

20 33 59 88 100 128 149 173 191 214 241 257 284 308 325 350 364 386 407 432 447 463 491 515 530 551 574 591 615 636 648 664 680 695 710 733 761 783 805 820 835 847 869 892 914 936 961 980 1003 