300 40 5 
14
19
12
20
15
7
5
6
18
20
14
14
5
15
7
10
11
12
16
12
17
6
11
11
17
15
19
8
6
5
14
20
18
7
15
16
13
6
15
6
15
15
13
6
15
7
19
18
12
8
11
14
12
12
18
19
20
7
12
19
8
9
8
18
19
20
5
19
8
12
5
16
10
13
17
14
10
17
14
16
15
17
14
11
10
11
9
10
10
6
14
18
13
18
5
9
9
19
7
19
10
16
15
13
12
6
19
14
12
19
14
10
10
16
16
9
17
14
9
8
10
20
17
14
14
7
11
17
11
12
11
9
9
10
6
6
13
20
9
14
14
5
13
10
6
12
9
17
11
11
9
5
14
10
13
13
19
17
5
18
19
6
11
14
14
19
17
17
5
12
13
6
8
16
19
6
11
14
18
12
14
10
17
9
12
16
11
8
20
7
8
20
7
10
15
8
17
19
8
8
12
9
7
15
17
12
6
8
16
14
18
17
18
20
9
12
13
13
18
7
8
18
14
15
16
15
13
17
10
17
20
18
9
17
14
15
19
16
16
7
15
19
17
7
17
17
10
6
9
10
10
19
9
10
14
11
6
14
15
16
17
6
12
6
6
12
10
16
20
5
8
10
14
5
8
8
18
8
11
15
8
14
12
18
13
6
16
17
17
14
12
12
13
10
8
14
9
19
19
8

27 42 72 90 118 144 158 172 187 205 231 253 273 286 305 335 351 378 405 422 451 479 504 517 536 556 584 600 623 638 649 659 673 689 709 736 752 781 797 