200 30 5 
14
18
17
19
14
8
9
9
20
13
19
15
15
5
18
18
8
5
18
11
20
11
16
17
13
10
15
16
19
5
8
8
15
15
17
9
9
16
17
13
11
11
19
6
5
13
9
11
18
8
19
13
11
17
17
14
10
6
5
20
18
20
12
11
13
8
14
9
6
5
19
5
8
6
9
10
6
20
20
9
13
10
6
13
7
7
15
19
18
19
5
9
16
6
7
6
15
5
15
11
12
15
7
8
19
7
14
18
11
18
11
20
16
20
16
20
16
6
18
7
11
10
8
7
20
18
19
19
13
14
13
8
18
5
5
15
5
6
9
7
10
15
5
20
19
14
11
8
15
5
19
18
14
19
6
20
8
17
5
9
15
11
16
7
18
16
20
17
20
11
19
16
12
19
10
18
14
15
15
19
10
14
10
12
19
6
6
10
19
12
8
17
13
19
15
16
19
8
12
6

14 32 60 89 101 123 139 161 175 187 197 225 254 272 289 319 345 367 397 427 448 460 487 497 510 523 534 548 565 