200 50 6 
8
16
20
9
16
17
10
9
12
16
13
13
7
13
16
15
7
13
11
8
18
19
16
8
18
10
15
11
15
18
8
14
9
15
12
8
19
10
9
7
9
7
15
15
14
12
20
12
11
12
9
14
7
8
14
9
6
11
16
10
8
14
7
7
19
12
12
15
9
18
17
20
15
17
13
9
15
19
12
17
7
12
18
7
7
20
12
12
7
18
11
11
16
17
19
15
16
6
13
13
7
9
17
15
6
16
15
19
18
14
12
11
7
15
15
7
12
18
18
6
10
10
15
9
10
16
12
10
19
8
11
9
10
16
14
19
20
12
7
19
18
6
18
6
8
20
17
12
12
11
13
16
20
18
12
13
12
20
12
8
13
20
18
13
20
10
18
9
14
6
9
12
8
8
20
18
11
17
20
6
10
12
9
8
15
10
11
13
8
7
15
9
17
6
17
20
10
14
10
18

19 45 60 86 104 133 159 174 190 217 237 250 277 291 303 316 335 348 377 405 425 443 473 496 518 534 557 580 606 625 645 665 691 708 728 747 777 795 809 825 854 879 896 923 939 965 977 1006 1022 