300 30 6 
18
19
20
15
7
16
17
20
14
6
18
20
7
19
9
10
12
19
6
20
14
11
6
9
11
11
9
10
19
9
12
13
8
16
15
15
6
12
8
11
20
17
9
20
6
15
6
6
6
12
13
10
9
18
18
9
6
6
9
10
18
16
12
9
13
15
6
8
14
13
13
9
9
6
20
15
11
11
18
16
20
19
17
20
14
9
7
7
17
6
10
19
15
18
11
15
19
16
16
14
16
17
7
19
12
7
19
15
19
6
14
10
20
7
18
6
8
17
7
14
16
18
7
15
16
16
14
19
8
19
17
13
14
9
12
6
8
17
17
19
18
10
13
20
14
20
13
9
14
6
19
15
14
20
13
18
7
19
14
16
19
7
6
6
17
8
13
14
6
11
14
15
13
6
11
20
17
8
10
12
19
17
8
11
13
9
16
8
10
12
13
9
14
16
8
6
11
20
6
12
8
9
19
7
16
12
6
15
12
6
18
20
9
8
15
15
12
6
7
16
19
17
14
18
9
14
20
14
20
16
12
17
16
11
16
14
8
16
17
16
6
16
14
15
17
7
16
9
14
7
8
11
14
16
8
20
9
14
13
15
18
9
17
14
19
8
7
12
17
20
8
15
10
11
10
10
7
15
6
6
10
18
12
15
9
9
12
6
11
9
19
8
12
9
6
14
16
13
12
9

27 43 68 97 114 139 154 182 200 212 229 242 258 282 300 313 334 346 361 381 396 409 437 451 478 508 531 550 580 