350 50 6 
19
14
9
20
20
9
14
20
7
20
8
10
12
13
9
9
9
16
11
14
12
6
20
13
7
9
17
11
7
20
11
16
19
15
13
19
20
12
12
16
11
12
14
6
6
6
18
12
8
8
8
19
17
18
14
17
17
10
9
19
17
18
14
10
14
19
13
19
19
17
8
19
20
17
9
17
18
11
20
7
12
12
7
12
19
8
6
14
13
10
7
6
18
11
17
9
11
8
16
10
9
10
12
7
7
17
6
10
16
11
17
14
13
18
10
11
20
14
10
6
9
7
19
9
7
8
19
8
18
8
17
9
17
9
18
14
6
19
12
10
16
17
9
15
19
19
12
6
19
18
18
18
11
19
7
10
12
19
11
7
19
18
12
14
7
18
15
12
11
6
20
11
8
13
20
10
8
19
13
13
8
7
17
11
7
16
13
14
11
13
17
6
9
18
17
17
10
8
9
9
20
10
16
12
13
11
20
17
6
20
13
9
17
13
8
15
19
7
7
7
12
11
12
11
8
8
6
8
15
19
9
13
11
12
7
18
8
11
8
18
17
20
12
14
17
18
14
9
7
7
15
6
15
12
14
7
12
13
15
9
10
11
8
18
13
8
6
11
7
10
6
10
16
12
8
11
18
16
9
12
20
7
20
17
18
13
15
8
18
12
8
8
16
9
18
17
13
17
13
7
14
16
10
18
9
17
15
10
10
13
17
17
10
18
9
8
8
8
11
11
19
7
20
14
7
18
8
8
20
19
8
14
7
19
18
15
10
15
20
11
12
18
13
15
16
10
16
18
7
16

13 35 47 61 74 100 130 146 161 187 204 216 229 257 282 309 322 336 349 374 391 418 436 463 479 501 525 551 567 589 617 635 665 684 703 723 746 772 785 814 843 861 875 897 911 927 948 977 997 