20 150 6 
17
7
18
7
8
19
9
15
17
10
15
19
7
16
13
7
19
19
11
7

16 31 59 73 96 111 123 146 161 177 190 218 246 275 305 326 338 361 382 399 417 429 453 472 489 509 528 556 572 586 613 642 661 686 707 726 752 772 785 801 822 845 875 895 913 927 949 967 993 1014 1033 1047 1071 1095 1114 1129 1141 1166 1188 1205 1220 1241 1260 1278 1307 1333 1350 1364 1392 1409 1436 1456 1476 1496 1508 1520 1545 1562 1579 1609 1638 1668 1694 1723 1747 1765 1790 1815 1837 1862 1889 1914 1931 1948 1972 1994 2019 2049 2073 2102 2115 2131 2154 2177 2196 2210 2240 2253 2265 2284 2309 2332 2358 2371 2401 2413 2434 2459 2480 2498 2526 2555 2580 2607 2624 2636 2662 2684 2702 2715 2736 2749 2772 2785 2809 2833 2861 2887 2899 2917 2943 2968 2986 3001 3030 3060 3072 3089 3104 