350 40 6 
10
14
16
7
15
14
12
12
19
13
10
19
12
7
19
13
17
12
11
15
6
11
18
10
9
12
16
14
12
17
11
20
9
14
9
11
14
20
7
7
11
19
19
19
16
9
11
16
20
10
18
11
18
9
19
19
10
15
16
14
17
16
9
9
7
9
20
15
8
6
11
7
11
15
18
19
16
11
15
19
10
16
18
12
9
19
11
8
20
11
19
17
10
10
17
12
10
17
7
9
13
18
7
20
14
9
19
10
11
8
16
18
15
13
18
18
15
10
6
14
16
7
19
6
9
18
15
20
11
17
9
12
16
17
15
9
14
7
8
15
10
15
8
10
12
7
9
20
18
17
16
16
15
19
6
20
20
12
20
9
18
13
15
6
10
20
19
18
15
18
12
15
7
14
12
9
16
6
10
20
19
9
13
19
17
15
10
11
19
20
9
6
14
7
16
15
9
10
9
6
7
10
10
13
11
19
20
8
7
15
18
7
8
6
16
11
14
19
19
14
6
15
7
14
9
9
20
15
15
12
11
6
12
15
8
9
13
13
7
12
15
13
7
11
12
8
17
11
16
8
10
7
19
19
20
10
15
15
20
18
6
17
13
20
13
19
9
20
18
11
10
11
9
20
16
10
17
13
19
17
9
14
20
15
15
11
18
8
9
8
6
9
18
14
10
17
13
13
19
11
10
11
16
20
15
14
20
14
6
7
6
6
20
6
18
12
20
6
13
8
14
11
14
17
15
16
14
19
19
7
13
17
19
14
14
19
11
11
9
7
12
9
17
6
7
17
19
12
17
7

14 43 62 80 107 136 151 174 197 224 241 255 281 308 338 365 383 406 428 447 465 491 521 542 559 577 594 611 623 639 663 686 712 728 758 784 798 815 832 