10 150 5 
7
9
15
12
11
9
7
5
5
12

18 48 71 98 121 133 153 163 183 198 222 237 248 273 291 304 322 335 353 376 392 410 440 457 479 503 530 545 570 587 609 625 644 665 684 696 716 741 766 780 799 818 832 842 862 877 899 924 943 963 992 1019 1037 1053 1068 1092 1116 1142 1158 1183 1206 1226 1242 1260 1285 1303 1316 1340 1351 1362 1381 1406 1424 1451 1468 1498 1522 1539 1557 1586 1612 1634 1660 1690 1710 1740 1769 1781 1809 1838 1867 1892 1904 1918 1938 1957 1973 1994 2005 2018 2046 2058 2088 2103 2117 2144 2165 2177 2205 2216 2237 2257 2277 2307 2326 2339 2367 2389 2414 2437 2448 2478 2500 2510 2531 2550 2580 2592 2614 2633 2645 2673 2702 2721 2738 2748 2761 2776 2804 2820 2846 2868 2885 2899 2910 2931 2949 2970 2995 