200 30 6 
9
12
16
6
17
13
8
8
6
7
15
12
10
18
17
6
15
17
7
7
20
19
20
10
20
9
16
8
13
14
18
16
10
17
7
16
6
6
9
20
19
14
13
11
7
8
11
10
20
6
13
6
17
17
9
11
13
10
16
17
20
16
17
13
16
7
6
7
8
18
16
20
19
10
16
20
9
12
6
19
8
11
7
7
15
6
9
20
14
11
17
9
19
19
10
8
19
14
17
15
7
13
13
12
19
18
18
16
9
9
11
8
12
10
18
11
12
9
17
17
14
9
6
11
10
18
10
16
20
14
20
12
7
15
11
19
7
12
6
19
13
15
17
7
6
11
17
20
16
6
20
7
17
10
6
8
9
19
15
17
16
12
13
20
12
19
10
19
8
19
12
18
7
16
18
7
19
15
18
10
12
8
8
11
15
13
20
17
13
13
6
9
13
8
8
18
13
15
6
11

18 45 70 83 96 115 128 157 186 207 223 252 265 284 303 324 336 350 369 391 421 440 469 481 499 511 530 546 568 