400 10 7 
15
15
14
16
7
15
10
14
14
7
11
15
20
10
19
14
15
18
17
16
20
17
17
14
20
15
19
11
15
10
7
10
14
8
7
17
18
19
7
11
16
10
11
10
11
16
8
16
7
12
15
10
15
10
15
20
18
7
7
9
8
8
20
20
13
19
10
7
7
8
15
13
13
12
7
17
7
16
7
7
17
14
12
10
15
17
8
7
7
13
17
7
19
19
15
17
18
8
12
10
8
10
14
9
9
10
17
20
8
11
10
20
9
18
7
17
14
18
15
15
19
9
10
13
16
9
9
11
12
9
19
16
19
13
14
14
16
18
18
11
16
10
8
16
12
11
9
18
14
10
11
19
18
19
17
14
19
15
8
15
9
7
10
13
19
20
16
12
16
9
10
9
11
14
12
15
18
15
10
19
11
19
11
20
10
18
9
13
11
13
8
14
12
7
10
15
16
7
20
18
13
11
14
11
7
18
17
18
15
10
11
18
19
17
10
12
7
20
7
10
17
17
16
16
18
15
8
14
13
10
15
9
11
18
20
15
20
11
18
10
9
7
14
18
15
13
19
8
17
13
8
11
15
20
10
14
13
7
7
16
14
16
20
13
15
19
20
20
11
10
12
15
18
20
16
12
7
16
10
11
17
10
18
15
10
15
19
19
9
15
19
8
20
18
14
13
9
8
8
15
8
12
8
8
18
18
7
16
12
19
10
7
13
19
18
13
14
10
14
13
9
19
7
19
7
12
14
18
11
15
12
19
7
19
12
14
15
15
20
7
19
13
16
10
7
9
15
20
13
15
14
15
14
16
11
16
19
14
8
10
13
11
11
16
16
19
7
17
8
17
16
10
11
13
11
7
17
16
8
17
19
10
12
16
10
13
12
17
12
19
17
17
13
18
8
16
13
14
14
18

24 48 70 91 110 133 157 185 206 