300 10 5 
13
8
7
10
14
12
18
15
11
15
16
5
12
5
14
19
8
12
9
18
8
7
20
12
12
9
8
19
12
5
12
5
18
19
5
14
6
5
15
14
10
11
13
13
8
19
13
13
8
5
15
15
6
14
8
8
20
12
18
5
11
10
6
12
8
11
13
5
5
12
19
9
5
5
13
10
20
17
12
20
14
15
19
19
15
7
6
20
11
17
19
16
15
18
5
6
7
8
6
8
17
9
5
9
18
7
9
5
9
6
5
18
17
17
12
6
10
10
6
9
9
17
20
12
14
6
16
10
7
18
9
14
20
19
14
5
11
7
8
5
13
12
13
14
8
20
19
16
14
14
17
14
6
19
12
18
18
15
17
16
17
17
13
15
5
20
5
5
7
14
19
18
9
9
15
17
13
17
15
10
5
13
15
12
10
17
20
9
17
19
13
17
11
12
11
20
12
18
19
18
14
20
18
5
6
6
17
18
7
13
8
12
6
13
7
9
14
17
19
9
5
10
14
20
14
13
11
19
16
6
16
19
8
17
12
5
11
10
11
9
14
19
8
12
9
7
18
15
8
12
18
11
20
14
12
17
19
10
20
7
11
8
19
16
13
13
10
10
15
15
6
15
10
10
5
20
6
18
8
6
18
10
9
5
8
5
14
17
16
12
15
5
20
15
5
17
5
15
19
13

25 52 80 93 120 132 158 170 182 