100 100 7 
7
9
14
8
10
12
16
10
9
15
12
18
16
9
20
8
19
17
16
7
14
20
20
8
10
15
9
12
17
7
17
13
12
10
10
8
11
13
19
14
9
15
14
11
10
10
16
17
11
19
7
8
7
13
20
16
10
9
16
7
8
19
16
15
17
20
11
14
13
19
16
16
9
15
18
17
16
20
20
8
15
12
11
13
18
11
10
14
8
7
16
10
8
12
13
9
11
8
9
17

24 54 79 109 131 149 163 178 194 212 227 254 272 294 320 334 364 381 396 421 445 474 489 508 529 559 586 615 631 658 673 701 731 756 780 797 822 846 861 886 915 944 970 987 1014 1030 1048 1067 1093 1120 1138 1162 1181 1199 1224 1254 1284 1314 1343 1367 1384 1411 1426 1440 1457 1475 1493 1518 1539 1558 1578 1595 1610 1629 1643 1671 1688 1709 1730 1755 1780 1795 1821 1850 1866 1892 1917 1941 1958 1984 2014 2032 2056 2084 2100 2114 2144 2166 2191 