20 100 5 
15
10
5
19
9
8
6
10
19
6
5
16
7
7
9
18
14
20
7
12

30 55 69 95 119 144 171 189 201 217 234 251 269 282 311 321 346 368 383 404 418 439 466 493 521 536 554 583 597 619 649 662 679 697 718 730 748 765 779 804 818 847 867 888 901 916 943 964 981 1004 1034 1053 1080 1101 1128 1152 1171 1186 1211 1225 1255 1274 1284 1305 1319 1333 1353 1374 1390 1418 1439 1464 1485 1513 1542 1567 1593 1620 1645 1660 1686 1698 1726 1753 1768 1797 1820 1841 1865 1881 1907 1936 1946 1975 1990 2004 2019 2045 2056 