350 50 6 
6
6
6
12
17
13
20
6
8
10
14
16
20
8
10
17
15
20
18
19
8
13
16
18
17
8
10
12
13
18
6
7
7
12
11
13
13
14
14
7
12
9
14
18
16
10
11
7
11
15
12
15
12
6
12
19
17
9
14
19
16
7
19
19
16
9
10
18
14
16
9
18
16
18
13
7
20
15
18
20
15
12
15
7
20
13
8
17
16
8
15
11
11
18
12
13
10
19
16
7
20
14
15
13
7
6
18
9
12
13
12
14
11
9
20
10
11
20
8
13
6
10
8
8
8
17
9
8
15
13
15
15
8
19
18
15
8
7
11
14
11
17
9
9
6
15
14
8
11
14
7
7
9
19
6
15
11
20
6
19
16
13
14
15
13
9
10
15
12
17
15
11
20
13
6
9
15
18
17
8
8
14
10
18
9
12
6
15
16
13
6
7
6
6
18
17
12
15
16
13
12
20
15
13
12
19
20
6
9
15
18
6
8
17
14
6
17
6
9
11
8
16
6
11
12
19
20
19
15
18
13
8
6
17
13
17
10
10
16
11
19
7
16
14
6
19
6
7
8
15
14
10
19
12
7
15
13
7
14
11
11
16
16
8
7
6
20
7
8
16
11
16
17
11
18
19
8
6
14
19
14
19
11
16
20
16
14
19
12
6
16
18
18
18
20
20
14
11
11
18
12
15
17
11
6
15
18
7
14
14
11
10
11
15
14
6
17
8
15
8
14
15
15
9
17
9
10
15
7
6
13
18
16
19
17
19
11
10
9
10
6
20
14
17
20
17
16
15
17
17

23 50 72 99 127 140 169 184 205 218 237 263 286 300 312 342 368 382 409 433 452 465 490 507 525 538 550 563 586 598 625 645 665 677 701 713 741 759 787 800 827 841 868 898 928 958 985 1012 1027 