300 30 7 
18
19
20
11
17
19
12
8
8
20
18
7
11
16
13
12
9
7
8
17
9
9
14
14
10
10
12
18
18
17
12
16
20
19
15
9
17
14
10
12
10
9
10
12
12
17
17
7
9
13
19
17
16
7
13
16
17
7
19
20
19
11
15
19
20
13
10
16
8
11
14
8
9
10
7
17
10
7
19
8
16
9
14
20
19
13
20
11
7
18
15
16
12
16
12
20
19
18
9
9
8
11
20
13
12
20
13
19
7
12
9
7
11
13
15
10
13
8
18
19
12
11
20
16
8
17
9
15
9
18
7
8
14
7
19
9
18
18
9
10
10
17
20
19
15
12
9
11
18
9
12
9
12
17
9
15
18
8
15
14
10
14
20
8
15
13
11
12
18
11
12
8
9
7
18
14
7
8
10
18
9
19
10
16
10
19
9
16
7
12
11
13
17
11
15
15
8
11
10
10
7
13
10
14
12
19
13
20
13
14
13
8
12
20
11
8
18
15
16
19
13
12
11
14
13
18
19
15
10
12
10
16
8
14
20
12
12
11
11
18
12
13
19
14
20
12
18
19
20
20
9
12
9
10
17
8
12
9
18
19
8
19
11
18
9
17
12
16
12
15
8
15
15
19
16
12
15
11
8
9
20
10
20
7
12
7
15
20
10
16
20
13
7
13
13
20
19
19
16
15

25 40 64 79 109 134 158 187 201 221 244 264 294 324 352 376 390 406 434 460 482 507 536 554 568 595 615 643 661 