300 20 6 
8
16
20
19
9
18
8
9
17
8
18
14
11
7
11
6
11
14
18
19
14
6
15
8
14
15
16
6
12
20
18
15
7
9
18
12
14
18
19
14
7
14
8
12
7
20
10
15
14
12
7
17
12
9
8
20
10
18
17
18
7
15
7
18
18
12
7
19
18
18
12
10
8
18
18
10
12
15
9
16
7
17
20
8
6
12
15
15
12
8
9
10
8
9
10
16
8
12
7
15
18
7
19
8
11
11
19
7
17
7
9
19
8
9
6
18
12
14
19
11
8
14
15
20
12
15
13
10
6
18
7
17
6
7
10
8
11
18
15
14
19
17
16
15
9
6
10
17
17
19
19
11
17
19
15
17
17
10
14
17
12
6
13
14
6
8
6
7
14
16
20
17
9
15
18
10
16
10
16
18
6
13
9
10
9
12
16
19
15
15
12
17
20
14
11
20
12
10
20
18
16
12
11
9
18
6
10
13
8
14
7
16
18
20
10
15
12
15
14
13
20
13
9
17
17
11
8
13
12
19
17
16
8
18
15
13
6
17
16
18
18
11
8
10
20
7
18
11
13
7
15
11
16
15
16
13
9
9
11
13
12
14
13
8
15
19
19
9
9
7
19
18
11
6
13
13
19
7
12
18
6
15
13
10
16
11
16
6
15
20
8
10
19
16
9
17
9
10
16
18

24 39 54 71 93 116 139 159 175 196 222 236 263 280 296 323 349 379 391 