300 150 7 
19
8
17
11
7
10
10
17
9
16
14
13
15
12
13
15
7
11
11
18
12
10
19
18
19
14
11
18
11
19
14
19
10
11
13
16
12
7
9
13
19
19
10
7
11
13
19
9
18
17
13
17
7
14
18
13
13
13
13
7
8
14
20
9
18
16
20
10
15
11
20
14
13
10
17
9
13
18
12
13
14
10
12
12
9
11
12
12
7
15
7
19
9
10
7
9
15
20
14
15
12
15
9
9
19
16
15
7
12
13
7
18
20
17
8
15
20
20
8
16
20
12
8
8
7
19
12
20
17
16
18
15
15
7
14
11
16
8
13
7
7
7
20
19
11
8
17
13
10
13
8
17
14
19
17
19
8
10
17
12
18
18
17
7
7
17
15
14
11
10
12
8
7
12
15
15
14
10
9
16
12
12
9
7
17
14
14
8
8
13
14
8
18
11
20
16
17
13
13
11
20
15
12
14
14
17
12
8
19
19
9
17
13
11
7
16
11
20
11
8
8
18
7
19
10
9
20
8
8
19
10
9
13
15
11
14
8
14
8
15
20
12
18
8
14
18
10
19
16
10
10
16
7
20
19
8
19
20
14
7
10
17
18
11
7
20
15
8
10
8
11
10
18
17
12
20
8
15
19
20
10
12
19
20
7
15
11
10
12
8
9
16
11
17
8
14
9
10
15
17

16 38 58 82 108 122 139 168 187 205 224 249 279 309 327 345 367 390 410 432 461 491 508 536 566 583 607 634 648 662 688 718 744 770 795 821 850 872 894 908 925 939 969 999 1025 1041 1062 1080 1096 1125 1148 1178 1194 1212 1226 1247 1269 1299 1319 1340 1368 1386 1405 1423 1452 1479 1505 1521 1540 1569 1594 1615 1633 1661 1691 1717 1742 1772 1802 1816 1833 1847 1875 1900 1916 1944 1970 1997 2014 2032 2052 2076 2104 2121 2145 2169 2184 2203 2218 2248 2262 2277 2298 2317 2340 2361 2389 2404 2418 2433 2449 2476 2496 2525 2555 2584 2598 2620 2639 2657 2681 2704 2732 2748 2772 2797 2827 2852 2875 2904 2920 2941 2962 2979 2993 3014 3044 3064 3085 3107 3128 3149 3169 3187 3209 3234 3263 3291 3305 