100 150 7 
8
15
9
18
18
17
7
9
14
13
11
12
11
17
19
18
19
18
13
14
12
19
11
14
19
9
16
16
14
7
10
16
8
19
16
19
7
17
14
17
20
16
14
8
9
13
13
19
15
7
20
8
20
16
12
15
9
19
17
14
19
18
19
8
11
20
15
7
18
8
12
7
9
8
12
19
14
17
10
15
14
20
18
15
9
19
20
17
12
17
16
11
12
11
17
11
20
18
7
13

29 51 79 102 119 144 169 183 203 232 246 269 299 327 353 378 403 425 444 467 486 512 536 561 583 607 635 662 679 698 725 742 756 783 805 827 855 877 899 919 940 964 981 995 1020 1044 1073 1103 1120 1135 1155 1182 1211 1234 1259 1282 1296 1325 1340 1361 1383 1406 1434 1456 1475 1499 1513 1528 1542 1561 1586 1608 1636 1651 1680 1701 1722 1742 1769 1786 1803 1828 1846 1869 1890 1918 1941 1959 1976 2004 2028 2047 2062 2082 2106 2136 2158 2173 2196 2213 2236 2259 2282 2306 2336 2362 2383 2411 2433 2448 2466 2486 2506 2521 2549 2565 2584 2609 2627 2643 2671 2685 2711 2725 2739 2763 2793 2815 2839 2867 2881 2900 2914 2936 2961 2987 3007 3025 3042 3070 3099 3124 3154 3182 3197 3216 3237 3261 3285 