200 30 5 
18
8
20
8
7
20
16
5
14
12
5
16
13
10
5
20
8
9
13
6
12
10
13
11
13
7
8
11
19
6
7
20
16
17
18
18
5
20
17
14
6
6
16
5
11
11
18
10
9
9
7
14
16
9
17
15
5
17
19
15
19
16
11
6
14
9
18
11
9
20
17
15
8
17
6
10
8
15
7
10
14
12
6
9
13
13
6
14
12
16
13
7
7
16
11
6
20
9
10
9
9
13
6
15
13
7
14
7
12
13
11
11
15
11
17
13
11
14
5
17
8
13
14
12
5
15
14
11
10
9
18
6
15
7
8
6
11
14
17
5
15
15
7
6
20
14
17
5
18
19
5
15
19
17
13
5
7
5
13
13
9
17
19
10
17
10
16
13
12
15
6
11
9
11
19
17
5
13
13
6
10
5
14
16
19
17
19
10
19
10
15
20
7
9
5
11
9
14
5
11

18 45 73 86 96 125 154 176 198 212 226 240 269 286 312 340 367 377 404 420 433 455 474 502 520 537 547 571 584 