300 30 7 
12
14
15
12
11
15
13
8
13
10
9
8
13
8
18
13
15
10
13
7
20
9
12
18
15
19
12
14
17
14
19
11
16
10
17
17
17
11
18
18
16
7
17
8
14
19
9
12
20
18
11
20
10
8
15
16
11
7
15
12
11
19
16
18
15
19
19
19
11
8
11
7
11
18
15
19
7
19
12
11
12
10
18
13
7
9
9
9
13
7
13
19
8
12
14
10
15
17
20
11
13
15
13
7
16
13
9
11
10
18
17
16
15
14
7
15
7
11
13
11
15
8
18
12
10
20
13
18
14
20
11
14
11
8
18
11
18
13
15
10
16
19
15
17
13
12
8
9
10
20
11
12
18
10
17
7
13
17
19
19
12
18
19
11
11
15
16
16
19
15
20
20
20
12
15
10
11
7
9
13
17
14
18
13
14
13
18
8
11
19
20
11
20
17
9
8
18
11
18
10
20
13
17
17
12
11
12
13
16
11
11
11
16
16
15
7
19
8
12
18
15
13
19
19
9
20
20
14
8
16
18
8
20
15
18
7
15
19
19
17
10
10
15
16
14
12
13
10
19
11
18
8
19
9
9
12
9
19
8
16
9
10
17
13
20
19
9
13
17
13
7
19
8
20
12
17
16
16
7
13
16
15
8
10
18
19
20
16
17
8
18
16
11
7
20
13
15
20
19
14

28 51 75 95 122 140 168 194 211 231 257 271 287 314 328 351 377 400 414 442 456 477 507 536 552 573 593 615 640 