350 150 5 
10
10
6
14
19
11
13
9
15
16
16
6
5
20
16
17
18
18
13
9
11
7
12
17
20
11
8
8
16
17
7
11
9
12
14
9
18
20
7
8
12
10
17
6
6
9
9
18
9
13
8
12
18
9
13
11
17
19
13
13
18
18
8
20
9
11
13
15
20
8
17
6
12
11
12
11
12
18
20
13
20
11
15
14
16
9
18
7
5
7
15
11
12
13
15
10
19
17
12
7
15
15
19
11
6
12
8
11
13
7
10
8
13
18
8
6
11
16
20
15
8
15
7
8
6
7
5
5
12
19
19
9
12
16
6
16
19
20
13
16
17
18
18
12
10
10
13
12
12
6
10
10
18
18
12
14
8
11
17
12
15
12
8
12
19
20
17
11
12
12
20
16
18
8
20
18
20
13
5
8
11
18
12
16
10
9
6
20
9
15
12
9
19
18
5
10
12
19
12
6
7
12
20
5
6
20
9
16
19
16
9
18
15
12
19
9
10
11
14
17
18
11
13
20
15
13
17
10
14
20
16
7
12
11
5
6
7
11
8
16
15
13
16
18
18
14
5
13
8
17
11
15
12
9
12
19
12
6
5
20
19
15
20
8
5
18
16
11
11
8
9
9
16
12
18
16
10
13
12
20
13
18
5
5
12
14
17
15
18
5
7
17
17
13
16
16
9
8
11
12
10
17
5
18
13
5
7
20
16
20
16
7
17
7
20
11
13
5
5
16
9
17
18
7
17
6
13
6
15
6
17
17
14
14
19
5
15
14
8
6
12
9
8
12
11
8
17
9
6
19

11 34 48 68 89 115 128 142 153 180 190 208 226 245 255 283 295 313 340 359 375 396 420 431 442 461 489 518 528 543 555 575 585 602 625 639 659 685 704 729 755 777 787 807 825 842 855 877 892 914 935 958 981 1005 1029 1057 1068 1086 1114 1132 1149 1162 1177 1205 1232 1259 1283 1307 1328 1346 1364 1381 1409 1424 1438 1452 1463 1476 1496 1514 1544 1569 1579 1591 1601 1617 1631 1647 1666 1694 1711 1741 1754 1771 1784 1813 1837 1854 1874 1886 1903 1919 1939 1954 1973 1991 2013 2030 2047 2059 2069 2085 2113 2133 2150 2163 2179 2195 2209 2227 2256 2267 2290 2313 2336 2348 2360 2384 2411 2435 2446 2458 2485 2499 2517 2542 2560 2588 2610 2624 2645 2661 2677 2698 2728 2739 2761 2778 2805 