200 150 5 
13
6
13
18
8
9
9
10
5
14
8
13
16
19
7
17
6
15
10
7
15
10
17
6
14
13
7
5
7
13
12
9
17
18
6
17
11
13
20
13
20
9
19
6
5
16
5
10
18
17
14
7
18
17
16
10
10
17
10
8
17
14
12
13
15
14
14
18
7
9
18
5
7
6
8
20
13
8
16
9
12
9
5
13
16
6
8
6
14
10
10
19
16
15
14
10
15
18
14
15
18
7
13
8
6
14
13
14
14
20
18
7
13
12
7
18
17
15
15
18
19
18
14
15
12
8
10
9
11
7
12
14
20
15
11
14
10
8
11
14
16
11
18
10
13
20
11
14
14
6
15
6
17
16
16
20
15
15
8
18
9
20
18
8
6
7
6
17
11
12
11
10
13
5
8
10
19
8
11
8
15
19
14
9
15
13
7
9
15
14
16
12
17
17
6
5
15
9
5
7

12 25 51 69 85 105 124 138 153 173 197 209 233 254 277 289 314 337 362 373 392 402 420 432 442 454 473 490 512 540 552 577 590 609 619 641 652 673 703 725 755 781 806 836 849 869 890 911 931 956 977 1004 1032 1061 1088 1115 1128 1142 1164 1185 1212 1225 1240 1263 1292 1321 1341 1357 1378 1408 1438 1455 1468 1482 1507 1529 1541 1565 1584 1614 1643 1660 1670 1689 1717 1739 1768 1791 1801 1831 1858 1886 1909 1925 1951 1974 1998 2023 2048 2078 2090 2117 2147 2175 2193 2203 2219 2246 2271 2300 2324 2339 2369 2393 2410 2437 2466 2485 2509 2529 2545 2568 2591 2603 2615 2639 2661 2683 2708 2719 2740 2754 2776 2793 2805 2823 2852 2870 2895 2920 2936 2951 2980 3009 3037 3056 3073 3095 3117 