350 10 7 
8
20
12
15
17
16
7
12
13
12
19
19
19
17
16
14
18
13
9
19
7
13
17
18
9
19
20
19
16
8
17
14
15
13
8
13
13
16
7
14
16
17
17
7
15
9
13
18
12
18
11
8
7
19
14
13
10
19
17
9
19
13
14
15
20
15
10
9
18
8
7
19
14
10
7
18
18
10
16
18
15
15
20
10
19
17
20
15
19
18
9
9
16
17
15
11
19
8
16
9
14
7
14
11
8
10
13
18
19
13
9
13
17
12
18
20
10
7
7
17
16
10
16
9
20
14
20
15
9
12
18
17
16
15
10
14
19
20
19
11
13
19
8
9
11
18
13
19
7
7
18
10
9
8
10
9
12
20
11
18
19
13
10
11
14
7
10
9
16
12
11
13
19
8
19
10
14
14
15
7
15
12
9
17
19
20
20
12
12
10
10
15
20
14
11
15
15
7
18
8
18
7
12
9
18
14
8
19
7
17
14
12
15
7
18
9
16
13
10
12
17
9
14
16
18
16
18
13
8
14
12
17
19
11
19
8
13
10
17
20
19
11
12
14
11
17
9
17
10
20
9
8
8
16
9
13
8
10
7
19
18
13
12
17
20
15
14
16
12
13
13
20
16
10
20
16
14
14
20
14
19
16
18
8
10
13
14
15
7
20
17
16
16
18
12
7
12
14
20
13
20
18
10
17
7
14
20
20
18
14
7
11
8
7
17
16
14
16
10
16
14
19
8
11
12
16
8
11
14
12
7
11
13
15
18
17
16
8
10
20
13
18
16
14
13
19
7
11
19
7

19 40 55 69 91 109 136 154 170 