400 100 5 
5
7
17
15
5
6
9
10
10
17
7
9
5
8
8
18
19
20
18
6
18
11
5
19
5
18
18
11
8
19
9
5
7
16
7
18
13
6
15
19
9
5
8
9
6
15
8
14
10
15
16
18
15
12
8
8
17
14
11
18
7
17
7
9
5
7
14
18
17
19
16
13
5
19
13
16
20
13
5
20
16
14
18
15
12
14
9
18
14
8
13
18
7
9
20
12
5
7
14
5
9
20
19
17
5
19
13
5
8
10
6
14
13
8
18
19
16
9
16
8
19
7
13
5
17
20
10
7
17
6
16
5
12
18
17
5
18
12
16
16
10
13
19
19
9
6
7
8
5
20
6
20
10
20
5
18
12
9
17
16
15
12
11
9
20
20
16
19
20
6
14
9
17
14
20
11
11
15
10
5
17
7
17
13
9
7
12
17
18
17
15
17
7
18
7
8
7
19
10
17
19
11
16
8
7
7
18
14
12
12
18
17
13
11
12
12
9
7
11
10
9
20
14
17
19
16
12
12
14
6
7
9
6
16
13
5
18
13
20
5
20
20
7
6
17
8
12
7
18
12
9
5
10
9
6
7
9
13
19
12
17
6
13
18
7
16
14
8
11
11
19
6
11
16
18
11
5
5
11
7
12
15
14
11
13
8
13
13
19
18
19
16
7
11
6
20
12
17
9
9
10
7
6
10
9
8
10
8
17
11
16
20
15
8
18
18
10
11
13
10
7
6
5
16
10
12
9
6
14
11
8
17
7
9
5
9
5
19
7
5
12
17
19
7
18
14
14
19
9
7
13
6
14
18
16
20
16
17
15
18
5
7
19
6
9
10
8
12
9
10
17
10
15
16
13
6
14
10
9
6
17
7
6
9
15
14
12
20
18
20
15
15
8
13
17
17
9
18
8
9

13 29 41 61 81 95 118 146 167 187 212 238 248 267 277 300 323 339 363 380 403 422 440 466 486 506 532 552 580 597 613 634 647 672 699 727 737 757 772 785 795 814 829 858 883 908 936 949 974 999 1026 1036 1062 1077 1105 1119 1145 1155 1172 1195 1221 1239 1264 1294 1320 1340 1352 1377 1395 1405 1426 1439 1468 1483 1495 1516 1540 1570 1595 1605 1616 1636 1654 1668 1683 1703 1714 1734 1747 1771 1795 1810 1834 1852 1868 1884 1899 1928 1945 