200 50 6 
13
20
19
8
19
6
12
7
10
15
19
8
16
7
11
12
18
12
16
8
17
15
12
8
12
14
11
12
17
9
14
15
6
14
17
9
7
6
19
20
16
14
9
11
6
12
8
19
10
7
12
14
14
18
16
11
15
10
6
10
16
13
8
11
16
15
12
16
6
6
7
13
20
10
8
19
18
16
19
10
20
7
17
11
7
13
9
13
11
14
15
6
15
19
17
12
10
16
15
19
15
17
9
13
10
18
16
7
14
15
13
15
12
8
12
15
19
15
9
15
12
15
17
13
9
7
13
20
14
11
11
10
15
8
14
16
12
20
11
10
6
7
17
12
15
6
16
13
19
20
12
13
6
12
8
11
19
20
13
14
6
16
19
20
7
13
15
17
16
12
13
15
11
18
14
20
20
13
16
12
20
18
18
20
16
17
16
12
14
8
16
8
13
11
7
19
13
15
13
9

19 33 61 81 100 129 148 175 194 221 238 263 287 313 325 344 374 404 425 447 464 489 517 542 563 586 605 622 648 677 698 728 746 774 797 813 836 866 882 895 915 930 946 971 1000 1019 1037 1052 1070 