20 100 5 
6
18
5
17
14
6
7
12
18
14
13
8
13
12
9
6
18
6
5
5

13 38 65 92 103 132 159 171 190 207 220 243 269 296 309 337 349 362 379 407 421 447 458 472 486 505 516 528 555 581 606 635 649 661 682 699 710 734 756 776 793 804 819 829 857 882 900 923 951 968 997 1010 1036 1066 1078 1094 1116 1127 1142 1169 1189 1208 1233 1259 1275 1289 1308 1330 1356 1381 1405 1430 1444 1473 1484 1514 1524 1548 1574 1598 1612 1637 1654 1672 1702 1729 1744 1764 1787 1804 1828 1845 1860 1872 1884 1900 1919 1937 1953 