200 10 6 
14
14
15
17
12
14
13
19
17
9
17
17
17
17
16
20
13
14
19
9
18
14
15
20
13
8
7
14
8
20
9
10
10
11
18
16
13
6
13
12
18
13
9
15
14
15
12
19
13
8
10
8
11
18
7
9
16
6
6
9
10
15
20
10
20
14
12
20
16
10
19
20
17
11
15
9
6
6
17
16
19
16
16
10
8
15
10
19
6
14
15
6
8
10
16
6
9
6
16
20
8
9
17
16
10
20
6
8
7
18
19
12
13
11
8
20
6
11
11
7
9
16
6
12
18
20
11
13
16
18
15
8
16
9
9
18
16
10
11
9
10
19
17
15
15
13
15
6
14
11
11
15
11
11
20
15
8
15
9
18
7
15
12
7
8
12
13
9
8
20
12
9
7
16
17
12
13
18
19
7
10
18
8
9
8
17
10
19
17
10
6
8
7
13
13
6
9
10
13
16

17 39 59 73 100 129 142 159 173 