300 50 7 
13
13
17
7
9
18
15
20
8
12
17
20
17
14
11
18
12
20
13
14
15
17
13
19
9
7
8
10
8
18
15
10
13
15
19
7
19
17
20
18
14
18
13
8
16
14
12
20
19
10
15
9
11
19
19
11
7
20
18
18
15
19
17
11
7
8
9
13
10
19
12
18
19
15
18
18
7
13
13
8
11
14
14
10
17
18
11
11
12
14
13
9
8
20
11
16
8
18
15
17
13
13
10
14
10
18
14
17
13
16
8
7
11
16
7
11
11
12
17
17
11
18
8
20
20
18
11
14
11
15
16
7
15
19
20
11
20
7
13
17
10
10
9
7
15
11
8
16
12
15
12
12
15
14
15
13
15
10
7
12
11
7
17
15
9
15
15
20
10
12
11
8
12
9
10
12
19
10
12
7
10
20
8
17
16
9
14
20
15
14
19
14
9
20
14
19
8
7
15
10
19
16
18
7
18
17
15
9
12
11
19
13
19
16
9
8
17
20
19
10
9
18
8
18
10
10
13
8
16
19
12
15
19
10
18
14
12
15
20
7
9
8
11
19
20
11
15
7
9
13
18
8
10
14
16
20
18
7
18
9
19
11
14
10
9
13
15
15
13
10
10
16
18
8
15
20
20
12
10
14
15
17
17
8
8
17
12
7
8
7
7
16
14
19
7
16
15
18
13
13

29 49 75 91 114 132 154 169 197 211 238 261 283 300 321 336 361 386 403 430 449 474 493 513 538 557 572 598 627 645 668 697 718 747 774 804 834 863 891 919 944 969 983 1013 1032 1049 1073 1090 1116 