400 100 6 
19
20
15
14
16
12
16
14
7
10
12
16
15
6
12
17
10
13
13
12
6
20
16
12
14
18
19
19
14
17
11
14
6
14
11
13
17
15
7
11
8
17
16
9
8
18
10
19
19
17
12
12
15
10
13
14
7
8
17
13
18
7
18
13
6
15
20
16
8
10
10
12
12
10
12
7
20
8
19
20
6
20
15
10
8
17
6
17
12
18
17
17
16
6
16
12
16
18
16
17
8
9
9
16
15
18
8
19
9
10
18
12
6
10
15
19
8
8
15
16
7
19
12
13
18
8
17
15
9
12
6
12
17
12
16
9
8
15
10
16
8
16
15
10
10
7
16
8
9
6
15
19
8
8
9
19
16
13
18
13
9
14
13
20
19
11
13
18
10
6
16
18
6
9
9
19
10
8
19
16
13
18
9
18
12
9
9
7
16
18
6
15
15
19
20
14
18
13
11
11
6
10
15
8
8
9
6
13
20
6
9
7
18
19
10
18
6
20
17
14
11
16
14
14
6
11
12
9
7
9
6
11
19
20
13
18
15
16
13
15
6
10
18
18
19
17
11
14
19
13
16
8
9
11
13
16
15
6
17
18
13
8
15
6
7
10
11
12
10
20
11
11
9
15
14
9
18
13
7
10
18
9
20
17
16
6
11
13
14
17
17
9
11
8
17
7
9
17
13
19
12
14
12
7
10
9
11
7
12
7
8
18
18
10
8
19
11
10
16
7
10
9
8
7
7
19
6
6
9
9
6
16
6
19
20
16
7
7
15
14
19
6
12
9
7
14
17
15
15
12
20
8
15
13
17
14
8
18
19
13
17
16
20
12
20
6
15
16
6
7
7
15
10
19
7
7
16
10
9
6
18
17
14
8
14
13
7
13
9
13
11
7
11
13
13
11
6
18
7
18

17 45 62 80 105 117 133 155 171 184 213 236 251 272 297 317 330 353 372 400 420 441 454 466 486 501 522 537 555 571 593 609 633 662 676 694 719 735 756 773 791 817 845 865 879 896 910 937 961 983 1009 1026 1043 1066 1091 1107 1131 1146 1164 1190 1213 1239 1262 1292 1315 1332 1348 1370 1389 1418 1437 1451 1467 1484 1504 1524 1540 1557 1585 1611 1640 1666 1685 1703 1732 1751 1776 1806 1828 1842 1864 1879 1895 1908 1920 1938 1955 1975 2004 