200 150 5 
7
10
14
15
16
12
17
9
10
12
8
17
13
18
8
20
19
16
13
19
12
6
10
20
19
19
14
10
16
13
7
6
16
19
11
14
18
16
20
13
19
18
12
10
13
12
10
14
11
9
11
16
16
19
5
19
9
19
7
20
16
9
5
12
18
13
19
12
19
7
16
10
17
13
5
6
6
11
13
18
18
8
8
18
8
6
11
16
7
10
10
19
13
13
8
17
7
18
14
19
11
9
10
8
10
19
10
12
16
7
10
10
14
5
10
16
11
9
20
18
6
17
12
18
14
18
9
14
5
9
19
10
19
14
13
16
7
13
20
5
20
8
9
14
9
7
12
18
16
18
9
18
12
16
8
6
13
16
15
10
6
9
10
9
17
13
14
9
17
19
11
7
8
5
17
20
10
7
20
17
17
10
18
6
19
15
19
9
17
15
19
13
17
11
13
9
14
16
8
11

14 34 46 60 77 88 102 119 131 146 174 189 202 220 244 268 283 305 321 347 377 402 425 438 463 493 513 542 555 572 602 620 642 655 666 694 707 717 728 758 783 803 827 838 851 879 900 919 949 970 984 997 1025 1045 1056 1066 1080 1096 1107 1131 1161 1181 1192 1207 1224 1236 1259 1274 1295 1320 1342 1370 1380 1408 1432 1456 1477 1507 1533 1547 1567 1589 1599 1628 1655 1679 1699 1726 1754 1774 1792 1814 1843 1858 1878 1905 1916 1940 1955 1971 1986 2014 2032 2049 2066 2090 2102 2115 2133 2144 2159 2183 2205 2232 2252 2271 2282 2296 2314 2332 2356 2386 2413 2439 2453 2467 2477 2498 2515 2545 2569 2592 2605 2623 2648 2677 2707 2726 2746 2776 2804 2832 2847 2872 2900 2929 2959 2971 2994 