10 150 6 
14
6
7
6
19
11
18
18
15
14

29 57 70 86 102 131 145 172 191 208 234 246 266 292 304 316 340 363 393 417 446 463 484 510 534 558 587 609 630 655 671 689 713 734 746 774 799 823 843 873 898 927 945 960 972 987 1009 1029 1050 1076 1105 1124 1137 1149 1161 1185 1211 1241 1257 1279 1304 1331 1357 1387 1402 1419 1443 1462 1481 1504 1531 1543 1564 1586 1614 1638 1666 1691 1708 1736 1753 1779 1792 1810 1826 1838 1856 1868 1881 1909 1934 1960 1979 2001 2028 2049 2068 2081 2106 2127 2143 2159 2189 2211 2230 2260 2276 2302 2319 2349 2368 2382 2407 2433 2454 2473 2500 2522 2540 2564 2580 2601 2620 2646 2660 2682 2704 2734 2755 2773 2790 2810 2837 2863 2888 2915 2937 2958 2970 2987 3017 3042 3064 3087 3116 3133 3148 3176 3196 