30 150 5 
5
5
8
8
18
20
15
8
14
14
10
15
18
8
7
18
14
18
14
7
17
17
6
10
8
15
8
16
19
6

18 38 62 81 100 115 130 146 156 181 205 221 248 273 290 317 338 355 381 400 430 450 476 505 525 541 570 580 608 629 647 667 680 692 708 728 747 773 803 816 833 855 872 895 925 949 966 976 1005 1018 1029 1043 1070 1087 1117 1129 1156 1173 1186 1199 1228 1255 1280 1308 1333 1360 1378 1388 1407 1426 1446 1469 1499 1522 1545 1569 1594 1615 1643 1656 1672 1692 1705 1731 1755 1766 1785 1803 1821 1842 1865 1880 1904 1919 1930 1960 1973 1987 2002 2017 2029 2051 2074 2093 2105 2122 2145 2173 2201 2214 2234 2262 2283 2306 2318 2328 2357 2384 2405 2433 2463 2488 2498 2522 2550 2571 2582 2601 2619 2638 2668 2685 2704 2725 2748 2776 2806 2834 2864 2879 2905 2927 2940 2967 2991 3001 3028 3052 3077 