200 10 7 
15
13
12
20
16
18
14
11
12
15
20
9
11
17
10
11
12
7
13
14
12
16
12
19
14
8
11
16
19
18
7
16
20
16
19
18
18
14
16
13
16
7
19
13
12
15
7
20
8
18
13
14
13
20
12
11
18
16
16
15
18
16
18
16
13
14
18
7
15
7
11
11
17
12
20
20
8
10
10
13
20
13
8
19
14
13
15
14
10
20
8
16
7
13
15
11
17
20
12
9
8
10
20
7
7
17
14
10
19
7
13
18
9
13
11
11
9
8
10
10
18
20
10
19
8
18
7
11
17
20
17
12
11
12
13
13
8
11
18
12
15
10
11
11
16
10
9
8
14
20
18
11
19
7
15
11
8
9
19
9
14
7
10
10
10
14
15
11
17
13
10
16
18
16
13
12
15
9
8
7
7
11
15
7
7
12
17
12
17
18
13
9
8
14
16
13
16
19
17
16

28 45 62 81 102 116 133 153 171 