400 10 5 
13
7
12
19
7
16
9
5
7
13
10
7
18
15
14
13
8
20
9
13
8
14
6
17
7
20
17
11
13
8
20
9
16
9
16
9
5
9
14
14
20
18
6
19
12
20
16
15
7
18
10
10
15
14
10
16
17
18
20
20
17
16
13
6
14
12
16
8
7
9
17
13
14
17
17
18
12
10
18
18
5
5
12
5
14
8
15
9
12
14
9
20
14
13
10
8
14
9
6
8
20
7
10
10
12
20
19
14
9
7
12
14
9
5
7
5
11
20
14
5
15
17
9
20
13
6
18
7
8
6
8
18
20
11
17
14
6
18
20
12
11
5
6
10
12
10
18
19
16
10
14
11
18
20
12
12
5
18
15
10
5
13
15
14
16
13
14
17
20
19
11
7
11
11
7
14
5
12
7
7
20
18
9
20
14
13
10
19
14
11
7
10
12
20
18
19
14
5
8
10
15
15
17
5
16
16
8
19
12
19
12
8
16
20
5
8
10
6
11
17
17
8
19
15
5
5
11
10
9
11
9
18
14
15
14
14
18
14
17
17
9
7
10
14
10
8
11
14
14
6
6
16
20
17
11
16
9
6
16
10
6
7
7
16
10
9
10
11
9
12
10
15
5
16
8
18
13
6
19
15
19
5
20
5
18
14
6
5
15
17
11
12
15
17
10
13
10
6
13
20
14
18
10
6
7
7
16
12
14
6
5
18
16
10
13
11
16
7
14
7
15
13
18
8
11
18
12
17
6
14
14
16
8
8
11
13
7
18
8
19
7
16
9
16
13
15
9
8
8
20
9
14
18
18
13
5
18
16
20
19
6
10
7
7
16
6
19
13
14
10
10
16
15
13
6
16
18
11
16
20
17
13
16
17
14
8
6
11
13
20
9
11
19
16
14
19
13
5
11
14

30 43 64 74 88 109 136 147 164 