30 100 5 
17
17
12
8
14
13
16
5
10
10
12
20
8
6
12
15
19
12
7
16
20
16
8
12
7
13
9
14
16
12

21 48 65 76 91 118 141 158 169 197 214 238 256 274 284 294 306 324 353 367 396 422 449 474 491 514 536 547 559 586 606 627 655 667 696 723 734 761 781 800 816 839 866 882 911 936 959 973 987 1000 1016 1035 1051 1073 1096 1118 1139 1158 1179 1198 1227 1245 1264 1289 1313 1338 1353 1383 1403 1423 1434 1447 1469 1490 1501 1521 1534 1556 1579 1591 1607 1618 1631 1648 1659 1669 1679 1695 1713 1740 1760 1776 1799 1812 1823 1842 1862 1878 1892 