30 150 7 
13
17
9
18
16
7
17
15
10
18
8
17
20
7
19
18
10
18
10
17
14
13
10
18
20
11
7
14
11
13

26 55 69 95 125 144 171 193 219 242 271 290 320 341 361 381 404 434 460 477 506 535 565 582 601 630 651 672 702 716 739 756 781 800 819 843 859 873 897 927 945 965 990 1014 1033 1051 1066 1095 1113 1137 1153 1168 1193 1213 1230 1253 1271 1285 1315 1332 1356 1373 1387 1405 1427 1442 1463 1483 1507 1524 1545 1565 1587 1614 1628 1646 1669 1689 1710 1739 1763 1786 1801 1817 1842 1865 1879 1908 1924 1938 1965 1995 2015 2043 2065 2088 2105 2131 2152 2168 2188 2202 2217 2236 2261 2279 2297 2314 2336 2355 2373 2402 2416 2435 2461 2481 2504 2526 2550 2577 2604 2634 2652 2672 2698 2718 2740 2754 2773 2800 2814 2833 2855 2869 2892 2913 2935 2959 2982 2996 3022 3048 3062 3086 3107 3130 3148 3164 3180 