200 100 5 
14
17
5
19
11
10
6
12
12
20
9
14
16
8
18
19
8
13
14
12
17
7
17
18
15
13
19
13
11
15
7
5
14
8
12
7
14
16
7
11
8
6
16
20
15
12
12
7
19
18
11
16
6
8
19
17
11
14
13
11
16
15
14
18
14
13
8
13
14
14
18
12
14
8
6
13
5
9
10
15
19
10
17
8
12
20
18
5
6
20
9
17
17
11
13
8
7
9
18
11
20
11
15
6
8
18
19
16
10
7
20
20
15
12
8
14
12
20
7
7
8
5
17
5
5
13
12
13
17
19
16
10
7
16
7
18
12
13
15
7
7
14
18
11
16
16
8
8
13
15
11
15
8
11
11
16
5
12
19
9
19
19
12
18
16
19
16
8
18
16
18
8
20
7
12
15
13
14
9
16
7
13
20
5
15
14
17
9
8
16
10
6
5
18
13
11
7
14
20
16

16 42 71 99 128 142 163 173 199 218 241 261 272 293 310 326 354 369 389 410 440 467 480 499 524 540 566 579 601 621 643 658 685 697 708 731 743 766 788 816 840 853 882 896 917 936 963 973 992 1010 1040 1053 1065 1081 1105 1119 1138 1168 1179 1205 1218 1244 1259 1281 1294 1312 1338 1353 1377 1404 1416 1437 1455 1483 1510 1523 1537 1555 1565 1595 1610 1626 1643 1658 1679 1691 1704 1728 1755 1784 1814 1829 1841 1853 1863 1892 1908 1931 1950 