400 100 6 
9
6
17
20
20
11
6
10
6
9
15
18
19
6
15
18
8
11
17
19
12
8
20
20
10
13
6
16
19
6
20
12
9
7
20
18
20
11
16
13
9
8
17
20
11
18
14
11
7
7
19
20
8
12
13
18
17
7
19
18
9
16
16
14
19
18
7
8
6
17
18
17
20
6
6
13
16
11
17
20
11
12
12
8
11
18
15
20
11
18
18
16
10
8
17
18
8
7
12
8
19
6
17
10
14
9
16
12
11
17
12
17
19
6
19
10
20
14
15
15
17
12
7
6
9
11
6
10
16
15
8
8
10
16
15
6
8
12
20
13
20
14
7
15
7
13
16
19
12
20
20
16
20
19
18
7
13
20
12
12
12
8
9
12
20
17
17
9
18
19
19
11
6
10
17
19
20
19
12
10
17
16
8
13
11
19
8
12
8
19
8
19
13
19
16
19
14
14
12
20
7
11
6
10
14
19
17
13
18
11
11
10
12
19
20
17
14
12
18
19
17
8
14
12
19
14
17
15
12
13
17
16
14
11
16
11
7
18
18
20
18
17
12
11
20
16
8
19
10
6
17
14
12
6
13
18
18
6
18
7
9
12
11
9
11
20
9
18
10
12
8
10
16
7
8
12
19
14
17
15
9
14
16
15
8
6
8
6
10
14
10
14
11
7
20
7
20
18
15
13
17
6
17
9
7
17
17
14
17
6
19
16
9
19
15
10
16
10
8
20
6
14
19
16
6
16
8
16
16
9
7
9
15
12
12
7
6
8
12
20
7
6
11
13
12
19
14
17
7
8
19
14
14
13
19
18
15
12
12
11
14
19
19
19
19
9
16
6
20
20
11
18
20
6
13
11
16
20
13
13
20
18
12
15
16
16
14
10
20
20
14
14
18
12
6
8
19
11
14
15

17 43 67 94 110 126 149 166 179 205 234 253 280 301 318 333 349 375 400 430 455 467 496 519 535 554 567 594 621 641 668 691 713 733 753 773 789 803 820 838 865 884 906 936 949 971 986 1006 1035 1056 1084 1100 1115 1134 1163 1184 1209 1222 1252 1274 1297 1317 1333 1346 1375 1394 1410 1424 1440 1457 1474 1495 1525 1555 1576 1601 1625 1652 1675 1701 1713 1727 1754 1769 1781 1794 1819 1832 1855 1880 1900 1927 1939 1969 1997 2022 2035 2050 2063 