300 50 5 
10
8
13
18
8
6
11
16
20
15
8
15
7
8
6
7
5
5
12
19
19
9
12
16
6
16
19
20
13
16
17
18
18
12
10
10
13
12
12
6
10
10
18
18
12
14
8
11
17
12
15
12
8
12
19
20
17
11
12
12
20
16
18
8
20
18
20
13
5
8
11
18
12
16
10
9
6
20
9
15
12
9
19
18
5
10
12
19
12
6
7
12
20
5
6
20
9
16
19
16
9
18
15
12
19
9
10
11
14
17
18
11
13
20
15
13
17
10
14
20
16
7
12
11
5
6
7
11
8
16
15
13
16
18
18
14
5
13
8
17
11
15
12
9
12
19
12
6
5
20
19
15
20
8
5
18
16
11
11
8
9
9
16
12
18
16
10
13
12
20
13
18
5
5
12
14
17
15
18
5
7
17
17
13
16
16
9
8
11
12
10
17
5
18
13
5
7
20
16
20
16
7
17
7
20
11
13
5
5
16
9
17
18
7
17
6
13
6
15
6
17
17
14
14
19
5
15
14
8
6
12
9
8
12
11
8
17
9
6
19
15
14
9
18
11
15
11
17
18
20
16
19
7
18
14
8
11
9
14
18
12
14
6
20
12
12
5
12
19
7
14
19
8
18
9
18
12
17
6
7
7
17
20
8
7
7
17
7
6
6
18
7
11
5
5
14
20
16
5
12

12 36 56 86 103 122 140 160 171 197 208 229 249 276 287 314 332 354 372 384 399 410 424 449 461 483 504 529 543 556 567 577 596 612 637 660 685 703 724 737 747 767 787 811 833 851 864 878 900 