200 40 6 
10
17
6
7
19
10
17
15
10
17
19
15
18
16
6
13
19
9
12
9
6
10
17
15
18
12
18
7
11
10
7
10
10
20
11
11
8
16
6
11
9
20
18
12
7
15
8
9
19
17
19
20
10
9
18
20
13
13
17
20
16
7
10
13
11
12
13
6
6
10
6
14
16
8
15
11
17
20
7
20
9
10
9
13
13
11
6
10
9
12
9
14
19
20
18
11
12
13
8
9
7
19
9
8
14
9
15
17
11
20
6
18
9
9
17
15
6
12
17
18
7
12
9
15
14
9
7
12
13
6
8
15
9
8
13
16
8
16
17
17
7
12
10
17
7
12
18
11
8
20
18
16
7
14
16
16
13
19
8
7
7
17
7
16
14
19
19
11
8
18
15
18
20
16
20
15
8
15
16
19
19
6
11
17
19
8
9
11
17
18
17
20
17
14
12
11
12
15
15
11

17 47 72 99 129 156 180 208 229 247 260 279 302 324 342 358 371 384 411 425 442 466 494 518 544 558 571 600 616 646 665 685 715 741 769 798 813 839 857 