350 50 7 
16
7
8
15
19
10
17
16
11
11
11
7
8
15
14
9
20
9
8
10
18
18
20
10
20
13
20
13
16
13
16
19
12
18
11
20
16
19
13
12
9
7
13
18
7
20
17
10
11
7
10
13
19
11
8
14
17
20
16
7
15
11
17
17
11
11
7
19
12
15
9
11
16
13
7
18
12
13
17
8
19
17
10
20
16
8
14
8
14
8
11
16
11
7
7
13
7
13
13
10
19
11
8
14
19
17
12
12
8
12
16
20
16
10
13
20
16
19
13
7
17
9
12
11
12
13
7
7
12
10
18
12
16
10
15
18
18
19
13
10
16
12
18
9
18
20
10
7
14
13
14
16
18
13
14
7
8
15
20
19
15
14
14
17
18
7
9
17
9
13
11
15
19
9
12
19
14
13
18
17
20
20
8
10
19
12
14
17
15
17
15
11
12
16
8
18
16
19
15
13
14
18
8
16
16
8
12
19
10
8
12
20
16
19
8
17
18
16
9
11
7
11
13
8
7
8
11
16
11
12
15
17
7
7
17
17
7
15
15
12
11
7
12
20
9
13
11
7
17
11
8
13
16
18
15
13
17
20
10
13
17
16
16
10
12
12
15
13
13
16
20
10
17
9
14
9
11
11
18
11
16
10
12
14
9
9
11
19
20
8
16
14
20
9
19
13
18
19
13
15
17
16
14
19
13
12
13
20
17
11
10
10
9
12
20
19
18
12
20
18
13
7
20
13
9
10
13
17
19
7
20
13
9
17
14
12
19
14
7
10
15
17
13
13
19
17
17
8
10
11

23 48 64 78 106 129 150 164 181 201 219 248 267 289 305 328 344 369 394 422 445 468 492 520 539 562 587 614 628 653 670 692 722 738 760 790 805 832 857 874 889 909 923 938 961 986 1009 1036 1054 