300 10 7 
8
7
10
17
16
15
14
20
7
8
13
19
15
19
8
16
15
7
13
19
20
10
12
14
12
11
17
14
12
18
11
11
8
12
13
12
16
12
16
8
19
8
11
7
19
12
8
17
20
13
10
11
15
8
12
19
9
17
20
20
8
9
13
7
13
18
17
20
12
10
15
12
10
8
9
20
11
18
11
12
9
9
13
13
19
10
10
16
13
20
14
18
19
11
20
11
20
19
10
20
19
12
19
13
11
14
10
18
8
9
19
14
12
10
12
13
9
7
11
18
11
7
12
15
16
11
15
20
7
12
8
13
19
17
18
10
10
11
9
8
18
11
17
10
9
10
7
12
20
17
17
9
12
20
11
14
14
12
16
10
19
11
20
12
16
11
15
15
20
15
20
18
16
18
9
17
11
19
7
17
18
17
18
8
12
20
8
13
15
12
9
20
19
13
13
9
7
7
16
20
9
20
13
7
11
12
20
20
13
12
19
13
11
17
19
16
15
16
12
16
16
7
18
17
11
7
13
17
13
11
15
12
14
16
18
16
13
11
10
18
8
13
17
9
10
11
17
12
13
16
13
14
20
20
20
12
14
9
8
13
13
17
16
13
12
9
11
20
13
11
17
15
7
11
19
17
12
15
12
11
16
10
19
15
19
17
12
14
17
9
10
20
8
17
12
12
13
13
20
16

23 49 66 88 103 125 146 169 189 