30 100 5 
13
9
18
16
9
19
19
13
15
7
7
15
17
12
10
16
13
6
14
13
17
13
13
20
15
14
15
13
13
16

10 38 49 70 87 108 135 155 171 193 219 239 250 262 289 316 346 367 380 408 428 443 464 479 490 504 529 550 573 593 605 622 639 661 690 716 742 760 781 792 814 828 838 856 869 896 920 930 948 966 982 1010 1025 1053 1081 1096 1123 1138 1151 1161 1186 1209 1228 1246 1270 1292 1303 1318 1344 1363 1389 1409 1435 1460 1475 1490 1505 1524 1545 1566 1586 1607 1621 1632 1659 1688 1706 1727 1755 1767 1787 1799 1826 1844 1860 1881 1905 1916 1939 