350 100 5 
17
16
17
16
15
15
17
9
11
5
7
18
9
17
18
19
15
17
10
19
9
19
6
12
12
8
17
12
9
10
13
13
20
16
8
7
5
15
15
19
14
20
16
19
15
15
20
17
7
18
13
6
12
11
13
12
13
13
7
6
5
6
9
14
18
12
10
15
7
9
16
20
15
9
6
16
20
18
12
16
15
20
15
14
16
16
11
7
15
13
14
15
20
9
14
19
5
13
14
16
14
20
13
18
6
14
15
16
15
16
17
6
14
14
7
18
12
11
8
19
12
16
12
15
14
12
20
5
19
11
12
18
18
9
13
7
11
9
5
10
9
17
11
12
13
8
13
12
9
20
12
10
10
13
11
14
11
6
20
10
5
13
12
13
11
16
8
10
5
18
16
8
11
14
18
11
20
12
10
19
15
18
16
19
19
13
19
5
18
16
5
12
19
11
7
10
16
16
7
19
13
18
6
17
11
15
15
9
11
16
5
15
6
14
12
6
13
7
10
10
13
17
15
17
5
14
20
15
11
17
16
9
11
17
17
13
17
11
9
16
10
12
6
8
6
15
6
11
17
20
10
6
18
18
11
19
19
14
11
5
18
12
14
6
7
6
8
20
7
11
8
7
8
9
5
6
7
14
8
10
6
11
11
18
10
11
16
9
20
18
5
5
14
9
6
17
8
9
20
14
19
6
20
5
15
15
11
17
16
18
9
11
6
5
19
5
13
19
6
10
17
19
9
5
6
15
18
18
8
20
11
19
15
5
6
20
5
5
15
17
10
20
18
6
7
10
12
6
18
18

30 59 77 90 119 131 149 168 185 210 225 239 262 276 287 301 327 344 371 393 420 450 472 495 522 551 581 605 623 639 660 676 699 721 746 770 794 807 833 856 880 899 914 936 959 987 1015 1036 1051 1078 1090 1117 1138 1151 1170 1192 1202 1231 1258 1269 1288 1313 1341 1359 1373 1397 1423 1437 1456 1478 1507 1530 1556 1573 1597 1620 1647 1661 1679 1689 1700 1725 1750 1778 1806 1834 1850 1865 1895 1924 1949 1978 1988 2017 2039 2066 2094 2105 2120 