300 40 7 
17
9
7
15
9
17
11
13
10
20
13
19
19
17
16
9
18
20
10
19
8
14
15
8
15
16
15
10
13
7
18
8
16
9
16
18
9
18
15
16
18
19
13
20
19
14
12
7
7
14
13
12
20
12
20
9
16
11
15
19
10
7
8
15
18
13
11
13
7
7
9
17
8
10
13
12
11
20
19
19
11
16
13
7
18
9
16
17
14
9
9
13
17
14
15
10
18
14
8
19
18
20
8
11
17
9
19
10
20
16
16
10
19
14
18
9
8
8
17
15
8
18
14
15
17
13
13
9
12
17
16
13
9
11
18
14
14
13
9
10
11
16
17
13
9
12
17
17
11
14
19
8
16
13
16
18
10
10
15
19
12
8
9
19
8
8
17
11
17
7
13
15
12
10
14
11
9
15
18
8
18
15
14
11
12
18
17
10
11
9
17
19
11
10
9
16
15
9
18
7
12
7
9
10
12
12
19
14
8
17
7
9
17
16
9
11
17
8
7
15
16
14
16
14
14
7
8
11
14
14
19
11
20
10
11
10
18
20
7
19
12
17
19
18
16
13
17
15
14
13
7
11
20
7
14
13
10
10
13
7
16
8
7
14
9
18
8
18
15
8
20
15
19
11
18
14
7
20
8
20
11
12
9
17
8
10
13
12
19
17
15
11
15
11
18
7
11
9
7
17

24 47 68 96 111 126 151 175 201 220 243 266 295 313 336 362 387 417 445 474 491 515 544 574 591 613 630 660 680 708 732 759 774 791 813 833 863 878 903 