200 10 6 
16
18
19
12
12
20
6
13
17
9
9
6
8
13
19
13
8
10
9
15
9
11
16
11
12
9
12
8
19
14
20
12
12
13
18
18
10
17
20
17
6
8
7
6
12
19
16
10
11
7
8
13
19
7
11
13
7
18
8
19
18
12
12
14
11
19
6
15
19
16
17
7
10
15
8
7
12
14
10
14
8
7
7
13
14
20
15
9
11
9
10
6
8
10
10
6
13
9
8
11
10
19
9
17
14
20
13
15
9
12
9
18
7
16
19
17
9
19
10
20
15
18
6
16
13
18
18
10
13
14
19
11
13
18
16
10
16
7
8
8
6
17
11
13
16
9
9
16
9
15
8
12
9
6
11
16
11
18
15
15
9
13
11
20
16
13
9
8
7
20
8
6
13
13
14
8
8
13
11
13
7
8
14
8
7
15
11
17
12
18
9
6
7
20
20
6
16
8
14
13

14 44 64 86 100 119 133 150 180 