350 30 5 
15
7
17
17
11
18
13
13
10
8
10
5
17
18
17
17
10
15
20
10
12
9
20
11
15
10
5
13
14
15
15
19
13
12
7
19
13
16
13
6
14
11
6
17
5
13
13
5
15
16
6
20
20
8
20
6
14
10
12
11
12
11
8
17
19
10
16
8
20
17
6
20
20
8
17
19
8
11
13
16
15
14
17
7
20
13
17
10
20
8
5
19
13
15
9
11
8
10
6
10
8
13
17
16
19
10
18
19
17
7
8
10
18
17
12
10
5
17
19
14
7
14
7
13
8
19
8
7
20
19
15
15
16
10
20
15
20
6
17
9
8
6
6
10
18
18
14
20
15
11
18
12
15
19
12
16
6
16
15
13
16
13
5
17
5
18
9
12
14
6
6
12
7
18
15
9
5
7
17
14
9
19
6
10
5
16
11
6
15
13
5
7
20
17
15
6
15
13
7
14
10
17
9
5
19
18
12
15
19
11
12
16
12
17
7
17
17
11
13
5
10
18
17
11
7
6
5
6
5
17
5
12
15
16
18
12
7
14
19
20
5
19
7
18
15
14
14
9
10
15
8
6
15
8
13
19
18
20
15
11
15
8
13
15
6
9
10
9
9
15
13
16
19
9
10
11
11
17
17
9
8
17
5
16
8
6
16
5
12
19
5
12
6
9
6
15
6
6
7
20
17
12
18
10
20
20
13
5
7
18
9
11
5
11
12
13
10
20
18
10
14
12
15
16
18
13
8
20
8
15
18
20
8
14
11
12
16
13
8
6
12
10
15
5
7
20
6
19
16
10

24 54 78 94 109 138 148 161 191 211 224 254 282 307 333 357 369 394 414 439 460 482 509 529 552 568 584 600 630 