30 150 6 
11
14
12
12
7
13
7
14
8
9
13
14
16
18
10
15
16
18
20
15
12
9
18
7
15
8
18
10
12
18

13 39 62 81 104 116 133 157 172 194 206 223 241 258 283 308 323 339 358 387 413 434 456 471 494 521 535 561 581 602 621 649 664 681 705 723 735 760 775 793 816 840 864 885 915 932 945 959 988 1006 1027 1039 1054 1066 1091 1116 1146 1168 1185 1208 1226 1248 1277 1291 1309 1337 1367 1388 1400 1423 1453 1470 1496 1522 1548 1569 1597 1613 1636 1666 1680 1695 1717 1747 1770 1798 1824 1837 1852 1877 1907 1930 1950 1969 1994 2015 2031 2051 2081 2097 2120 2142 2157 2169 2185 2203 2222 2241 2269 2289 2301 2325 2348 2377 2389 2415 2435 2453 2475 2493 2516 2534 2552 2565 2589 2616 2646 2670 2699 2713 2735 2762 2786 2809 2822 2842 2872 2898 2921 2946 2970 2983 3011 3024 3051 3071 3092 3109 3128 