20 150 5 
8
6
11
11
17
9
18
5
18
13
9
16
8
20
6
19
15
15
7
6

21 32 51 74 99 124 136 163 191 208 225 247 266 276 286 298 324 334 364 381 393 418 440 466 492 508 518 543 570 583 595 621 643 653 671 685 699 713 732 757 777 787 804 823 836 858 879 900 913 938 964 991 1004 1030 1053 1082 1094 1108 1123 1141 1153 1166 1180 1190 1218 1237 1249 1272 1289 1307 1332 1361 1387 1404 1434 1464 1488 1510 1536 1551 1571 1586 1597 1614 1624 1641 1652 1682 1692 1722 1743 1771 1801 1824 1836 1854 1870 1893 1915 1932 1950 1962 1981 2009 2033 2048 2076 2105 2124 2150 2177 2190 2205 2224 2245 2259 2274 2302 2313 2337 2358 2385 2398 2412 2422 2451 2465 2483 2501 2530 2541 2552 2563 2593 2619 2631 2651 2663 2693 2706 2734 2762 2779 2798 2819 2834 2863 2885 2906 