400 150 6 
8
15
17
7
9
19
6
9
19
12
17
17
12
10
8
8
16
11
19
20
7
15
10
19
9
10
15
17
13
13
8
9
11
7
8
15
7
19
11
20
9
6
16
13
13
11
11
12
20
19
14
6
12
9
10
8
8
9
14
17
8
12
11
11
9
17
13
6
10
20
9
13
19
10
8
11
8
6
15
15
8
6
9
16
12
17
8
6
11
9
14
18
6
20
10
9
12
20
20
18
20
13
14
6
14
9
18
12
9
14
11
6
6
20
15
19
17
18
6
10
18
20
20
8
16
9
18
19
17
19
13
9
18
10
13
17
6
10
6
19
8
12
12
13
19
20
16
6
19
9
16
12
6
8
6
12
16
13
14
9
14
18
13
18
6
15
18
16
13
11
8
13
10
10
10
14
6
16
20
12
7
20
8
18
20
20
11
6
8
9
16
16
8
12
14
12
19
17
20
7
16
18
11
8
10
13
8
18
18
11
15
9
16
10
13
8
9
10
7
16
15
9
9
17
18
18
6
18
13
13
19
14
12
19
11
17
6
14
6
11
14
6
6
14
14
7
20
14
10
18
15
13
10
18
8
18
13
6
17
6
8
9
11
6
14
18
6
18
6
18
7
11
8
18
15
7
8
13
12
17
8
20
15
14
16
8
7
9
20
15
9
12
7
18
16
18
9
11
20
12
17
16
9
9
20
14
15
9
9
11
20
6
13
16
14
18
15
14
19
13
15
7
17
8
9
15
9
20
19
16
15
8
11
18
20
9
11
12
15
16
9
8
15
11
11
18
11
6
6
6
20
13
19
18
7
18
16
11
10
12
11
18
20
10
16
8
19
19
17
8
7
6
7
8
11
7
10
9
7
14
18
17
19
7
16
9
9
17
10
17
20
19
6
19
19
16
20
8
18
7

12 39 69 85 104 132 148 178 197 216 230 260 274 296 317 336 355 371 387 405 425 450 472 489 516 533 553 581 608 630 646 664 678 706 729 749 762 790 804 832 853 876 890 910 924 938 950 975 1000 1025 1054 1069 1085 1100 1115 1135 1157 1170 1194 1223 1253 1268 1296 1320 1345 1369 1382 1394 1409 1429 1457 1475 1496 1523 1550 1567 1586 1607 1630 1646 1659 1685 1703 1724 1753 1769 1792 1811 1839 1853 1870 1893 1916 1943 1955 1984 2012 2029 2047 2064 2082 2094 2119 2141 2164 2193 2211 2227 2242 2268 2286 2304 2333 2348 2360 2377 2398 2418 2448 2461 2483 2500 2516 2545 2575 2600 2613 2643 2671 2688 2703 2718 2745 2763 2780 2794 2822 2847 2866 2878 2908 2930 2942 2960 2983 3013 3040 3063 3083 