300 20 5 
9
13
7
9
17
17
10
5
17
17
9
7
9
13
5
18
17
17
13
20
10
20
7
14
7
17
18
18
12
11
9
14
5
13
10
8
11
16
8
10
19
16
14
16
7
17
6
15
9
13
9
8
20
18
7
14
5
10
9
5
11
11
5
11
11
16
17
11
7
7
12
15
16
13
10
6
9
7
14
7
14
18
13
5
5
13
16
19
19
5
10
10
18
17
11
8
18
16
20
11
14
16
12
15
16
16
19
20
7
8
5
19
8
7
17
18
19
13
10
7
8
11
13
9
10
7
20
13
18
20
11
16
7
18
17
16
12
18
18
16
10
12
18
11
16
20
12
8
8
10
12
15
13
18
10
12
10
20
8
17
20
20
13
17
10
20
19
10
11
9
14
18
9
12
15
6
13
17
8
15
12
13
16
6
8
19
8
8
10
16
15
13
14
8
20
6
15
16
10
6
6
14
17
19
13
14
18
13
8
6
11
14
6
12
12
17
19
7
17
8
18
19
17
9
11
8
6
9
15
13
14
12
19
10
17
11
12
11
20
7
8
12
14
13
14
17
9
11
6
20
11
18
11
5
5
12
16
13
12
15
17
19
6
19
12
19
7
17
16
12
13
13
5
9
9
5
12
18
15
10
7
20
15
14
12
14
5
14
7
13
13
19
14
10
12
20
9
19
11
14

21 32 55 73 91 102 116 140 156 171 196 218 247 274 287 298 315 345 374 