300 40 5 
11
16
15
11
19
5
12
16
12
11
7
7
13
15
9
7
6
13
14
13
10
19
11
7
10
6
19
12
20
20
11
15
12
10
12
19
9
7
9
16
20
16
18
6
12
5
9
18
14
20
19
15
19
13
16
15
9
6
14
10
7
16
11
6
11
9
10
8
7
19
9
10
12
5
16
14
5
16
12
17
7
5
12
19
7
5
12
6
13
9
17
5
7
19
19
7
17
5
18
20
20
16
18
7
12
16
9
20
15
6
11
13
11
6
19
16
15
19
5
19
12
7
17
18
13
7
11
8
5
6
9
12
8
8
13
14
13
10
20
19
18
17
14
13
17
16
14
14
17
14
20
14
16
8
9
11
16
18
11
17
15
19
10
11
12
18
18
8
6
12
10
17
7
8
12
9
17
12
6
6
8
16
17
16
16
20
16
8
8
14
10
11
8
6
12
7
6
6
9
12
15
12
19
6
5
18
15
11
20
16
19
16
9
16
19
17
5
19
13
16
14
18
18
14
6
7
6
8
17
12
9
19
17
20
7
11
20
9
13
9
17
6
13
19
14
6
20
8
6
13
9
12
9
6
9
17
20
12
17
7
18
12
12
5
19
10
14
8
13
20
15
11
16
5
12
8
14
10
10
14
11
10
12
20
17
17
8
12
7
14
5
12
19
14
8
9
13
8
15
20

26 56 71 99 127 150 165 180 204 214 228 244 259 286 303 331 344 372 382 395 414 436 454 477 495 509 526 547 564 580 595 621 649 678 702 730 759 786 801 