100 150 5 
10
10
20
8
8
16
11
5
9
20
10
8
16
11
17
16
20
16
14
17
19
9
17
15
7
10
14
11
8
8
19
12
17
16
11
18
7
9
18
8
7
8
10
8
15
19
13
19
17
7
20
17
20
13
7
5
11
11
6
20
9
7
7
8
5
18
17
17
11
18
9
11
19
16
11
5
6
20
11
17
14
13
12
8
13
6
17
16
17
5
18
16
6
5
17
18
13
6
14
10

28 38 57 79 91 108 122 134 144 171 183 205 223 233 256 286 307 334 360 372 394 422 441 455 484 512 526 540 550 562 584 612 640 669 679 698 708 731 747 774 797 808 824 850 862 879 893 920 931 945 966 987 1016 1031 1044 1064 1081 1093 1105 1125 1152 1162 1180 1202 1222 1252 1264 1276 1305 1317 1341 1360 1370 1399 1427 1446 1456 1486 1510 1537 1561 1576 1591 1612 1623 1652 1678 1695 1715 1733 1760 1778 1805 1831 1845 1861 1891 1910 1931 1957 1987 2000 2019 2043 2060 2074 2092 2118 2131 2145 2171 2200 2218 2243 2271 2283 2297 2307 2327 2341 2353 2378 2401 2411 2422 2446 2473 2483 2512 2534 2563 2578 2598 2625 2641 2652 2662 2682 2699 2712 2742 2769 2792 2816 2830 2845 2856 2871 2895 