400 150 6 
13
6
17
7
7
8
20
6
16
20
8
7
17
8
8
17
18
16
13
13
14
17
12
16
9
17
12
13
15
13
13
8
14
10
6
14
10
11
18
14
15
17
15
19
9
18
6
11
14
6
11
19
6
10
19
6
19
13
18
9
16
19
19
12
16
18
14
18
13
12
7
12
17
18
8
8
19
9
7
15
20
13
15
14
12
15
13
14
20
9
7
14
6
15
19
10
20
14
15
12
16
9
11
18
15
7
7
6
12
8
15
6
8
15
19
13
8
12
6
10
20
9
19
12
17
18
19
16
9
7
18
15
7
6
6
12
15
19
18
14
7
15
11
20
16
12
17
7
15
7
19
10
8
8
9
8
7
12
16
12
8
10
17
6
9
6
16
14
20
9
14
6
7
19
20
8
6
20
11
15
18
17
9
18
8
9
14
11
13
15
14
16
18
18
6
9
14
18
14
7
10
6
8
11
18
14
20
17
17
16
9
8
11
18
20
13
14
8
20
12
8
9
16
7
7
8
15
18
18
6
7
12
19
18
16
15
16
11
6
17
20
16
12
18
17
13
14
15
6
8
17
6
9
14
17
15
8
18
20
6
14
13
13
13
13
15
18
13
10
18
15
8
12
13
16
12
18
16
12
8
17
6
11
19
7
6
14
7
6
20
14
15
9
9
14
13
8
11
8
11
7
13
18
10
13
9
7
19
11
17
18
9
7
13
7
14
15
9
19
17
6
6
16
9
18
16
11
8
9
7
17
16
19
9
12
9
13
13
19
19
17
14
7
14
13
11
8
10
10
19
6
19
11
16
9
20
9
13
10
6
19
11
15
7
10
15
13
15
11
18
12
13
20
18
6
7
12
19
11
8
14
7
9
11
6
16
20
6
13
12
16
8
8
17
8
12
10
7
8
14

29 45 57 69 92 113 136 151 169 197 210 232 244 258 272 294 319 346 368 384 403 431 446 474 494 514 537 551 581 609 637 666 686 703 719 736 756 774 797 814 843 865 878 905 933 950 980 1008 1035 1060 1083 1103 1122 1143 1164 1178 1201 1225 1241 1261 1291 1314 1342 1355 1382 1403 1430 1452 1475 1500 1527 1552 1579 1593 1619 1648 1664 1683 1707 1723 1752 1765 1778 1796 1826 1839 1852 1868 1893 1921 1938 1956 1970 1996 2011 2023 2046 2061 2086 2115 2132 2151 2172 2187 2204 2228 2240 2261 2273 2296 2311 2328 2349 2374 2389 2410 2438 2461 2491 2503 2530 2544 2558 2583 2606 2622 2637 2660 2683 2699 2711 2730 2748 2768 2786 2812 2831 2860 2887 2906 2925 2945 2971 2985 3002 3024 3048 3061 3082 