200 30 7 
16
19
7
15
10
9
11
10
17
13
13
17
20
11
17
8
13
9
10
7
18
15
17
20
8
16
11
20
15
10
8
19
17
17
17
15
19
10
17
9
14
9
20
10
17
18
18
8
18
12
18
15
7
9
17
11
12
13
8
8
9
7
15
17
15
14
16
14
20
10
7
16
11
12
15
14
19
20
14
7
19
20
15
20
20
15
12
12
14
16
9
18
11
20
20
14
17
16
11
19
19
9
19
12
18
13
20
7
10
14
10
12
17
16
17
11
19
9
19
18
8
15
8
17
17
18
16
12
10
17
7
9
15
15
20
8
17
12
16
14
12
10
11
15
11
17
20
18
19
8
19
14
9
13
10
12
14
17
14
9
8
19
15
9
17
8
7
18
18
12
12
9
12
12
15
11
11
8
9
11
9
7
16
15
9
18
16
16
14
17
7
12
13
11
17
14
19
10
8
15

27 55 73 103 119 144 173 187 210 238 262 284 298 316 346 373 401 421 445 463 481 511 530 558 586 602 632 652 672 