350 10 7 
11
19
8
16
19
12
18
14
19
9
7
10
12
9
14
8
20
10
15
19
11
18
12
15
17
16
17
13
7
12
8
13
7
20
10
20
15
16
14
18
7
9
13
9
14
14
11
11
7
13
12
10
18
17
12
10
15
13
12
14
20
7
16
10
16
16
7
20
15
13
8
20
9
19
18
13
17
7
14
16
9
19
10
19
20
15
7
20
8
18
11
7
7
15
12
19
11
14
11
10
10
10
15
19
20
12
16
16
16
10
20
18
16
19
7
18
10
10
17
12
14
15
20
13
14
10
14
17
7
13
18
9
13
13
9
8
14
10
13
9
17
17
7
10
15
10
10
9
14
12
15
14
8
12
15
15
7
14
14
10
8
9
19
15
8
12
16
10
17
14
19
16
17
17
10
19
11
20
15
13
10
13
20
17
17
16
9
18
7
9
19
8
19
16
15
7
12
12
15
18
20
14
16
13
9
15
11
20
12
15
7
20
13
9
12
12
16
19
20
7
17
15
17
7
7
19
10
8
12
8
17
10
16
11
20
7
13
19
12
13
15
18
10
19
8
12
7
14
15
17
16
19
10
18
18
11
16
15
18
16
18
16
15
7
9
15
17
13
11
12
8
15
14
20
12
18
19
7
12
10
18
16
20
12
19
9
13
15
17
12
20
8
13
9
10
13
20
14
16
20
20
14
15
9
10
17
16
13
19
18
15
7
11
10
7
15
20
14
7
7
11
9
16
20
10
9
9
7
18
13
16
19
9
17
11
10
10
16
18
14
15
19
14
10
20
15
7
13
19
20

20 37 56 72 86 116 142 157 175 