20 150 6 
13
19
7
18
7
17
11
9
15
6
10
11
12
6
14
7
17
6
17
16

25 54 79 104 129 145 158 184 213 228 252 281 294 318 335 362 391 410 428 442 459 488 506 531 557 571 586 599 624 648 668 686 708 735 758 781 810 838 859 881 906 922 940 953 970 984 1011 1036 1058 1074 1093 1118 1139 1157 1177 1189 1211 1232 1260 1280 1301 1320 1339 1363 1387 1402 1414 1427 1455 1480 1505 1533 1556 1585 1612 1640 1668 1694 1710 1737 1752 1778 1806 1822 1844 1866 1883 1898 1926 1948 1963 1988 2000 2014 2026 2041 2069 2089 2110 2122 2151 2175 2198 2225 2255 2273 2292 2319 2332 2357 2372 2393 2419 2433 2456 2473 2502 2517 2534 2551 2575 2598 2620 2644 2664 2684 2696 2723 2752 2778 2802 2826 2843 2856 2883 2910 2925 2938 2959 2980 2992 3019 3035 3061 3088 3116 3140 3153 3168 