400 100 5 
10
10
5
16
11
18
9
6
8
6
16
5
6
16
12
11
20
12
14
5
5
8
10
8
14
10
10
18
19
6
5
15
13
16
17
16
15
15
6
9
9
19
5
10
12
9
10
16
15
12
13
13
17
13
15
6
16
6
19
11
9
12
10
12
17
20
5
10
20
7
20
11
12
8
20
18
5
6
9
15
14
13
8
19
18
18
8
6
8
14
9
12
7
10
6
6
14
13
8
5
20
18
11
20
11
13
20
7
10
15
19
14
11
8
5
14
17
13
14
18
15
10
5
14
5
9
16
5
12
20
18
11
5
7
18
13
12
10
13
15
19
13
15
6
12
5
14
8
6
6
8
17
13
17
14
8
11
17
16
17
19
16
11
19
16
15
17
12
9
6
8
20
7
8
5
16
10
11
10
8
9
6
14
11
9
12
12
17
17
9
15
18
11
10
12
5
12
17
16
11
8
9
12
13
16
7
14
18
13
18
18
6
18
5
8
8
13
18
8
19
14
9
19
16
11
9
12
9
19
6
8
16
17
12
17
17
20
19
17
6
13
20
13
10
8
10
15
16
15
12
9
5
11
10
7
19
12
6
20
7
11
6
16
5
14
7
16
10
12
20
6
19
18
6
19
12
20
14
10
11
8
18
7
15
16
20
16
19
6
9
11
7
13
8
16
17
5
17
16
15
16
17
6
16
19
19
12
20
15
8
18
18
16
11
11
9
5
14
8
8
17
9
9
17
17
5
16
11
16
19
9
8
7
18
8
7
9
17
17
11
14
17
13
11
14
15
11
11
17
17
6
10
5
15
6
13
15
20
9
13
5
20
19
13
11
16
20
15
12
8
9
7
12
17
5
15
12
7
18
13
14
20
18
18
9
18
11
20
15
14
18
14
13
13
7
6
18
19
18
16

26 49 62 81 108 126 138 158 184 202 213 238 266 285 296 308 338 356 372 397 416 433 450 477 502 527 541 554 581 608 621 650 660 688 716 745 763 788 807 817 847 875 893 903 915 937 947 957 969 994 1009 1030 1044 1065 1086 1115 1143 1153 1164 1186 1212 1240 1267 1291 1305 1331 1355 1369 1383 1407 1437 1457 1485 1510 1539 1565 1583 1609 1620 1641 1661 1673 1687 1705 1735 1763 1789 1811 1824 1852 1866 1889 1901 1924 1947 1971 1981 2006 2018 