350 40 7 
11
8
19
11
9
13
14
14
11
9
10
9
10
9
20
10
18
18
19
14
19
17
16
17
19
15
16
19
8
9
15
7
10
9
12
8
15
20
15
10
11
19
17
17
7
13
14
16
16
7
10
9
12
12
17
16
16
12
11
9
18
18
12
8
8
10
8
11
15
12
17
18
19
13
15
10
18
15
14
9
10
17
18
14
9
20
10
13
17
19
11
9
19
18
19
20
14
16
13
13
10
9
15
16
17
16
11
16
15
10
17
11
10
7
18
19
19
18
15
20
18
17
10
15
7
9
16
15
18
18
16
20
7
14
12
12
13
7
10
17
8
15
15
10
20
18
10
14
11
19
14
14
8
14
20
13
16
17
7
7
12
11
10
15
11
14
20
13
10
9
12
7
14
7
17
14
20
7
17
19
10
18
12
15
11
9
7
13
11
19
18
18
14
11
19
8
8
9
9
17
14
17
8
16
9
15
10
13
8
7
14
17
15
19
7
14
15
19
13
16
20
11
19
20
13
17
13
18
10
9
16
8
19
10
11
19
9
18
10
7
11
11
7
11
9
17
15
12
7
13
10
12
13
8
10
8
12
8
20
17
20
13
12
10
16
10
19
10
7
15
8
9
10
16
19
15
18
14
17
13
17
8
18
15
7
17
20
15
15
13
9
8
10
14
13
7
18
10
17
14
20
12
15
11
19
14
9
20
16
19
14
11
15
7
16
8
9
7
16
11
20
15
16
19
14
18
16
11
17
17
9
12
7
8
9
13
10
8
7
10
9
16
16
11
16
13
19
9
13
11

19 43 59 74 95 114 133 154 182 198 222 237 266 282 302 327 349 367 395 414 437 458 484 499 527 542 572 592 619 642 661 676 702 729 745 768 797 821 848 