300 30 7 
13
11
14
13
11
14
10
7
10
13
18
16
19
11
7
10
19
19
7
10
16
13
15
12
12
18
7
20
18
14
12
14
12
12
7
12
7
12
10
16
8
7
18
7
10
20
7
18
16
16
15
13
18
20
17
11
7
9
15
20
8
14
11
15
10
16
20
7
16
17
7
16
10
15
11
17
13
7
16
12
13
13
20
12
15
18
19
10
19
15
20
19
16
15
11
20
15
7
20
12
19
20
17
18
10
20
8
15
10
11
16
7
8
17
15
9
10
18
18
9
12
15
7
20
10
12
8
16
15
12
19
18
18
11
20
16
20
15
14
7
8
20
13
17
13
20
20
18
7
12
19
13
14
7
7
13
16
20
19
17
8
11
7
9
15
18
8
17
14
13
14
19
11
13
18
13
15
10
19
14
14
14
12
10
16
16
8
8
11
10
20
18
15
15
13
14
16
18
12
7
7
19
15
17
9
16
18
19
12
14
14
15
14
7
13
19
18
9
16
13
8
17
18
11
15
15
8
17
14
8
11
12
8
9
19
19
11
15
14
14
17
16
16
18
20
11
15
14
16
7
20
16
19
9
18
14
20
11
20
19
10
12
16
14
19
16
20
16
7
9
12
20
8
17
15
18
15
17
7
15
7
9
9
10
20
15
14
11
20
18
12
12
14
8
11
19
10
16
9
8

22 51 79 93 107 135 153 180 199 226 251 272 296 321 342 372 396 426 447 467 490 505 527 548 564 594 613 627 641 