100 150 6 
11
7
18
11
12
14
8
15
9
20
8
9
18
11
10
13
13
17
14
6
11
15
12
6
13
10
19
19
20
20
12
9
20
18
14
19
11
13
8
8
8
17
13
10
8
17
13
14
7
17
14
13
13
18
7
14
19
13
12
15
15
10
17
7
19
20
18
8
15
15
19
18
18
14
18
20
14
18
12
7
7
20
6
20
11
9
9
12
12
19
7
9
13
12
6
15
17
8
15
20

16 46 70 84 108 136 158 175 193 213 239 263 276 290 307 330 346 369 399 429 452 481 497 511 526 549 561 580 608 637 666 685 700 730 745 757 775 795 814 829 843 857 885 900 917 941 953 979 1003 1032 1054 1083 1098 1115 1144 1158 1183 1208 1229 1251 1278 1308 1327 1349 1372 1385 1399 1422 1443 1472 1487 1504 1534 1562 1582 1597 1622 1649 1667 1697 1713 1727 1754 1775 1802 1831 1848 1863 1890 1909 1929 1950 1971 1989 2001 2030 2046 2070 2087 2110 2136 2156 2179 2202 2217 2241 2265 2289 2313 2328 2346 2370 2393 2421 2434 2447 2459 2477 2497 2517 2534 2555 2567 2586 2603 2621 2649 2673 2693 2710 2731 2752 2770 2782 2796 2809 2825 2849 2872 2894 2924 2938 2958 2971 2997 3014 3037 3052 3078 