400 150 6 
12
13
9
14
19
17
10
15
7
15
9
15
17
11
7
14
19
14
8
17
9
16
19
9
10
20
11
10
11
10
10
15
17
9
14
8
11
17
8
11
6
18
15
12
6
9
20
11
14
6
7
7
11
18
6
10
16
8
15
13
11
18
16
19
9
9
8
17
9
6
13
17
7
9
12
18
14
6
18
8
17
13
16
18
8
9
18
8
17
12
17
10
17
13
20
9
15
9
10
17
10
15
17
20
7
6
9
20
11
20
13
17
6
13
11
7
20
12
10
7
11
15
12
19
10
7
18
20
18
17
13
6
9
10
17
13
13
12
7
12
12
8
17
11
7
15
9
6
20
12
18
7
16
19
8
16
15
12
15
15
17
9
6
6
11
7
19
10
20
7
12
8
6
7
20
18
10
15
18
16
12
10
8
20
19
11
14
14
12
15
19
20
11
13
7
19
10
6
6
12
18
13
11
18
8
18
16
11
18
19
20
11
14
13
6
9
6
9
16
16
16
6
6
6
14
17
15
11
10
18
6
6
10
13
12
7
15
13
20
12
13
6
17
14
18
12
13
9
16
7
8
7
14
16
18
15
19
14
14
15
18
18
8
13
7
18
19
19
14
6
12
15
17
6
16
7
12
20
8
13
12
19
7
14
19
9
17
19
19
13
19
18
20
14
19
7
9
15
14
14
10
9
18
12
12
19
15
14
19
17
18
12
16
13
15
6
17
12
9
16
14
19
8
15
16
16
6
18
11
6
17
8
14
19
19
9
12
13
8
10
6
20
20
14
11
7
7
11
7
10
6
6
17
6
16
12
6
19
11
11
19
11
19
11
10
8
14
18
19
20
10
13
20
18
16
18
11
11
10
6
15
17
13
18
19
7
6
17
18
7
8
9
19
7
15
18
9
12
17
15

26 43 61 88 111 126 141 161 187 216 234 249 266 281 310 334 363 393 406 427 443 459 479 505 523 540 559 587 608 628 641 660 690 712 733 762 774 804 827 846 875 893 910 928 946 965 981 995 1014 1029 1058 1072 1087 1105 1130 1150 1168 1181 1199 1216 1235 1250 1278 1291 1312 1331 1355 1378 1392 1415 1445 1472 1490 1519 1538 1550 1569 1592 1610 1640 1668 1680 1696 1724 1750 1770 1789 1819 1846 1867 1896 1912 1928 1953 1971 1988 2003 2030 2047 2060 2090 2119 2144 2165 2188 2204 2221 2246 2259 2272 2290 2313 2343 2368 2383 2396 2413 2439 2455 2470 2500 2521 2541 2556 2582 2600 2624 2643 2659 2683 2713 2725 2746 2760 2787 2803 2827 2848 2860 2880 2895 2908 2931 2961 2973 2995 3016 3045 3066 