350 30 6 
9
12
6
17
10
19
6
12
14
11
19
14
12
14
17
11
13
17
18
18
15
16
13
6
17
18
17
8
8
8
19
19
13
20
12
7
16
18
7
11
17
18
12
12
16
17
20
13
12
7
9
6
17
18
7
15
16
11
10
19
10
7
9
7
11
13
12
17
12
19
19
20
6
8
13
17
14
6
9
9
18
20
20
9
11
13
8
13
16
11
11
18
11
16
6
8
20
6
9
8
16
8
14
17
11
9
9
17
6
9
9
17
6
17
20
12
8
10
16
10
16
6
13
11
12
13
14
12
13
17
8
17
7
14
14
10
12
17
16
11
11
20
17
10
7
18
7
18
16
10
18
20
12
19
10
20
18
10
8
19
19
17
6
7
7
17
19
20
11
9
10
10
7
17
6
12
17
18
6
17
10
10
6
6
8
10
9
20
14
8
13
13
7
15
16
19
15
9
16
17
7
9
13
19
11
8
19
10
18
9
12
19
18
15
12
9
18
12
7
11
8
15
11
19
11
20
13
8
18
18
6
6
15
18
10
8
20
8
20
20
18
9
6
14
6
8
7
15
6
16
18
17
19
20
6
13
12
20
10
6
12
9
14
7
6
7
9
20
11
19
8
11
18
14
15
8
19
10
8
10
6
13
15
6
16
8
18
12
10
19
12
18
13
20
11
9
16
11
8
17
8
18
15
14
7
16
19
6
14
16
10
15
7
6
7
10
13
17
6
13
12
8
12
16
11
11
20
7
6
20
18
8
20
11
13
10
15
11
9
14
9
18
6
10
17
17
12
18
20
13

15 44 63 79 97 117 129 146 163 176 192 204 229 258 272 285 304 322 351 369 387 401 414 431 459 473 489 514 538 