300 40 7 
16
17
12
12
7
16
19
16
19
9
9
20
9
20
20
7
7
20
17
11
12
9
8
8
12
19
13
13
19
9
8
18
8
17
20
17
16
13
13
18
12
15
7
16
14
16
14
14
9
15
14
8
13
11
10
15
19
10
11
10
11
17
17
9
19
8
19
13
9
7
18
9
15
10
9
11
13
11
19
9
9
19
13
17
13
20
10
10
20
16
7
10
14
14
11
13
14
9
11
8
13
13
16
16
17
11
19
10
10
10
11
9
16
14
8
9
8
8
13
7
14
8
11
12
13
12
15
9
20
17
20
16
17
20
14
14
19
16
15
7
10
10
16
20
11
8
19
14
19
15
9
12
11
9
12
16
19
15
10
14
19
10
14
8
16
12
14
9
12
18
17
10
15
15
13
16
13
17
12
8
18
10
15
8
12
12
17
18
13
16
8
15
14
9
11
17
11
13
18
9
16
10
17
15
16
19
12
16
7
15
19
19
11
8
20
15
18
19
18
9
12
9
12
16
20
9
15
7
16
18
8
19
18
20
13
14
20
7
12
14
10
18
9
14
8
20
14
9
20
14
20
15
15
12
20
13
14
12
14
18
12
12
7
11
20
19
8
9
10
16
19
20
20
12
13
20
12
7
8
18
9
16
17
15
14
17
20
7
9
12
15
10
18
18
9
7
10
14
18
10

19 45 75 105 126 156 180 205 233 249 265 284 311 328 344 372 388 403 425 444 463 478 495 512 542 567 593 618 635 661 678 700 718 739 762 781 806 834 851 