30 100 7 
8
19
15
20
19
17
14
9
16
13
12
10
15
8
19
19
18
14
17
12
12
13
10
17
10
13
20
10
10
19

24 44 58 79 99 124 151 167 192 219 248 278 294 308 325 344 358 373 394 408 422 437 459 481 505 534 562 585 601 624 648 668 687 706 729 751 774 793 817 831 847 869 895 915 942 964 984 1000 1017 1039 1062 1084 1106 1136 1163 1178 1200 1220 1241 1257 1287 1315 1335 1357 1385 1402 1422 1436 1464 1487 1514 1529 1555 1571 1596 1619 1639 1659 1685 1706 1735 1757 1776 1791 1809 1831 1853 1881 1904 1924 1941 1971 1995 2020 2045 2064 2086 2111 2128 