350 50 6 
20
16
14
12
8
9
15
15
20
6
15
13
9
16
6
10
7
17
6
19
14
16
20
8
18
19
19
10
17
10
10
20
19
8
17
9
15
16
9
19
6
6
18
13
7
12
20
13
18
6
14
10
16
18
7
17
7
14
9
9
17
8
8
15
19
18
11
9
17
7
18
15
17
16
20
8
15
9
10
20
10
10
17
16
15
6
15
13
14
17
13
17
17
6
11
6
13
19
14
10
11
12
14
11
17
11
8
19
8
10
8
12
17
17
15
16
20
11
10
18
8
8
7
19
17
10
14
9
13
11
6
11
12
12
18
19
19
17
6
19
19
6
20
10
18
7
6
17
8
10
8
15
17
10
20
6
13
6
14
12
9
11
8
17
16
19
12
8
14
19
9
19
15
20
6
19
6
18
9
7
17
11
14
17
10
6
15
9
11
6
12
16
20
15
15
8
15
11
18
6
15
18
9
11
11
8
10
15
12
7
8
7
13
17
10
17
6
16
9
9
7
13
11
7
14
14
14
10
17
13
13
6
18
18
10
7
18
20
10
19
20
6
9
12
18
8
12
14
16
20
18
9
20
20
14
18
7
9
10
17
14
19
8
15
12
18
12
18
14
9
18
6
13
12
13
9
14
9
18
6
8
12
11
20
7
14
8
6
18
10
13
20
19
15
18
9
8
17
16
8
8
7
18
13
13
12
8
14
13
12
9
16
20
15
20
16
15
13
9
19
8
15
17
6
15
7
12
19
8
10
15
16
13
16
16
8
10
7
10
15
17
14
7
15
17
10
16
9
14
15

16 34 56 85 104 119 132 154 173 187 202 219 240 256 277 289 306 322 347 363 393 419 441 467 479 497 510 527 552 580 592 619 645 661 673 691 703 716 734 762 791 803 818 846 873 895 922 947 966 