300 30 6 
6
7
16
10
8
18
15
12
16
17
8
12
17
15
15
18
7
10
16
11
7
13
19
19
17
8
12
6
19
11
19
17
13
7
18
7
8
6
13
12
6
16
18
15
14
10
16
6
6
20
17
20
13
18
19
16
7
20
16
15
18
19
8
9
16
12
7
19
7
13
10
13
8
12
13
11
8
11
19
14
14
12
6
14
10
6
13
8
16
7
16
6
16
15
7
8
19
19
16
19
14
14
7
6
7
16
7
12
9
16
8
17
15
20
12
12
9
20
12
7
20
15
8
9
17
6
17
6
7
18
8
14
8
18
12
17
20
12
19
12
6
12
18
17
10
16
15
10
12
15
15
11
19
16
20
13
16
13
6
19
20
6
19
17
7
13
6
20
19
9
8
11
10
11
8
6
13
17
10
20
7
9
16
10
11
12
16
12
17
12
10
13
7
15
10
7
15
14
11
16
6
12
13
12
16
11
8
17
18
9
20
19
17
17
19
19
15
12
20
7
8
16
6
17
8
20
20
14
10
14
19
20
20
8
19
19
13
11
20
9
16
7
14
16
19
17
20
11
14
8
16
15
9
8
20
11
10
6
14
13
13
14
11
18
20
7
17
14
15
14
17
8
16
20
18
19
13
15
20
8
10
7
9
9
10
6
14
16
9
6
8
13
18
12
13
7
15
9
11
10

30 60 83 99 123 149 163 181 201 224 248 267 289 312 324 349 363 375 401 424 446 473 488 507 521 546 572 591 606 