300 150 7 
11
16
7
19
7
14
8
18
10
20
20
9
19
7
7
10
14
13
18
8
20
13
10
14
9
18
13
11
18
10
19
18
15
13
11
12
18
18
20
12
16
11
20
7
9
18
15
8
18
16
10
7
13
19
12
7
10
13
9
10
12
9
12
19
8
12
10
8
14
19
13
12
7
9
9
10
9
7
14
19
12
19
19
20
13
12
14
16
10
10
20
16
8
11
9
17
7
15
18
13
17
14
12
20
16
13
18
15
13
17
20
16
17
20
18
20
9
16
16
10
7
15
14
13
17
8
10
8
20
16
19
20
16
19
9
11
15
7
15
13
20
9
12
14
17
7
9
12
18
13
10
14
20
16
15
16
10
17
15
8
11
19
12
13
18
11
12
12
9
17
8
20
17
9
13
11
15
8
10
16
18
14
18
10
17
11
15
20
7
8
14
8
20
18
8
18
14
17
18
18
17
15
12
7
20
16
15
17
12
11
9
18
13
19
11
9
9
18
20
11
16
10
9
20
16
18
13
12
14
17
7
10
18
15
14
8
20
16
10
15
11
9
15
15
7
7
14
20
13
15
7
7
20
12
10
14
7
11
7
8
19
12
9
8
14
15
20
9
11
11
18
19
8
18
16
19
16
15
18
16
13
12
10
13
20
12
19
12
9
18
8
14
13
8
17
17
7
15
16
17

17 44 67 89 115 144 159 186 215 230 250 265 295 314 335 361 384 406 432 446 474 489 512 533 555 577 598 619 643 664 683 710 732 753 769 787 804 827 844 860 882 905 927 956 978 992 1017 1032 1046 1072 1099 1121 1137 1158 1187 1209 1237 1265 1290 1313 1336 1358 1379 1403 1428 1451 1475 1489 1506 1529 1556 1584 1600 1614 1644 1665 1680 1698 1714 1744 1765 1790 1814 1829 1845 1870 1897 1915 1940 1970 1985 2006 2033 2049 2063 2089 2105 2130 2152 2172 2190 2210 2226 2243 2268 2296 2321 2347 2366 2388 2412 2426 2448 2468 2482 2502 2516 2546 2566 2595 2619 2649 2674 2691 2711 2739 2758 2772 2792 2816 2840 2861 2886 2904 2924 2944 2962 2982 3009 3034 3057 3071 3096 3121 3143 3163 3192 3208 3222 