400 10 5 
8
18
17
16
15
12
6
10
12
11
13
8
18
16
19
8
16
6
5
16
11
8
6
10
10
18
16
18
8
6
14
13
5
16
10
13
14
11
19
19
15
5
17
20
6
16
12
14
10
11
9
12
12
17
6
9
12
16
9
18
15
13
19
15
15
6
11
19
20
7
9
17
18
17
15
18
19
8
15
20
6
12
9
5
7
11
19
17
18
20
15
8
18
15
7
20
15
12
12
9
8
9
15
13
12
7
15
10
15
15
5
18
11
17
13
19
5
14
6
11
18
7
10
13
10
20
18
20
12
10
20
8
18
7
15
15
5
15
9
6
20
13
6
15
18
18
12
13
14
17
5
14
6
15
20
9
14
5
11
8
14
8
13
7
10
10
16
14
6
18
5
11
9
10
10
20
17
7
15
12
8
14
9
19
6
5
20
19
7
8
12
8
13
14
13
15
9
11
9
19
6
6
10
20
7
13
9
9
19
8
14
7
13
12
9
18
9
18
17
19
11
7
11
11
18
20
13
8
6
16
19
5
14
5
17
7
5
16
10
5
13
13
17
7
20
19
15
18
7
12
20
18
20
8
17
10
20
18
5
9
9
19
6
13
20
5
18
12
11
11
7
16
9
15
16
19
6
11
17
12
8
13
5
8
10
5
5
13
12
16
12
10
11
10
9
19
18
16
5
12
17
20
6
20
14
20
19
20
9
12
8
7
5
11
12
12
19
20
17
10
16
7
12
5
19
15
6
14
16
12
18
15
16
20
16
6
20
5
17
17
7
15
12
12
20
16
16
7
9
15
11
12
10
13
11
15
9
9
19
7
20
19
16
12
15
19
12
17
20
11
19
19
8
10
5
18
16
19
11
17
19
13
12
9
18
12
18
19
5
16
9
5
8
12
8
11
7
9
20
10

15 29 55 84 114 140 165 187 200 