20 100 7 
7
19
13
18
12
14
13
20
14
18
16
12
16
12
14
11
7
14
7
20

27 45 72 89 103 125 152 166 182 204 229 250 271 291 313 328 354 379 396 425 444 460 484 506 533 557 576 594 615 633 657 672 689 705 730 752 780 806 825 855 873 892 912 929 956 981 997 1012 1040 1061 1090 1110 1139 1154 1176 1194 1213 1233 1255 1283 1309 1329 1346 1375 1403 1419 1438 1468 1489 1508 1523 1537 1564 1580 1606 1635 1651 1668 1698 1725 1750 1778 1803 1818 1845 1859 1888 1902 1927 1951 1965 1984 2003 2022 2036 2062 2083 2110 2126 