350 150 5 
19
15
13
17
16
18
12
16
10
10
18
15
7
5
8
20
19
17
6
8
18
16
5
11
7
10
9
5
5
7
15
16
20
13
18
20
7
6
20
19
11
6
12
7
18
12
11
8
17
7
20
18
7
11
11
6
15
19
12
16
7
9
16
10
18
20
11
15
11
18
9
17
12
6
11
15
13
19
12
17
16
10
9
6
13
16
17
17
10
20
9
15
13
15
19
12
5
13
15
7
5
11
18
19
19
18
7
15
16
19
20
7
8
18
14
12
13
8
15
19
15
20
7
10
15
18
16
16
20
15
7
5
13
12
8
15
8
17
9
14
19
19
10
19
17
9
10
13
15
11
14
19
7
12
14
9
5
10
16
13
8
19
10
17
11
11
18
14
5
11
7
6
14
12
6
11
19
20
6
15
11
16
5
11
10
19
6
20
6
14
11
11
9
17
16
19
7
16
8
8
16
9
12
14
8
5
16
8
5
14
8
11
9
16
12
18
16
18
8
19
12
7
7
17
15
16
17
20
8
20
18
6
19
19
13
15
10
7
17
19
16
12
10
10
16
18
11
16
17
17
11
14
13
12
14
9
18
8
6
10
8
15
9
14
20
16
20
15
12
10
16
18
12
9
20
18
9
15
11
13
20
7
8
13
18
6
7
10
9
18
6
14
13
8
20
10
12
9
8
7
6
5
5
15
17
11
12
12
12
14
19
17
19
12
5
9
18
12
11
12
13
6
9
9
16
8
11
16
18
5
17
15
16
16
9
16
7
10
12
17
17
9
12
20
20
9
13
8
7
7

30 43 59 69 87 99 111 126 154 168 198 209 237 259 278 305 333 344 355 368 385 409 422 445 471 493 511 521 550 575 593 609 634 662 690 717 729 746 766 776 796 809 821 831 853 879 895 908 918 940 967 984 1010 1031 1047 1075 1098 1113 1138 1160 1178 1189 1218 1239 1256 1270 1280 1300 1325 1339 1361 1373 1392 1409 1426 1437 1467 1479 1506 1524 1549 1577 1589 1607 1627 1640 1670 1695 1717 1747 1770 1798 1809 1821 1849 1872 1882 1900 1924 1949 1963 1980 1998 2025 2042 2068 2093 2110 2135 2145 2175 2190 2201 2229 2256 2268 2279 2294 2308 2320 2339 2350 2371 2393 2408 2430 2450 2474 2502 2520 2549 2578 2588 2618 2632 2649 2671 2694 2708 2731 2742 2753 2765 2776 2791 2804 2817 2847 2871 