20 100 5 
8
7
10
14
5
6
6
14
10
11
7
20
15
16
6
6
12
7
5
13

12 34 52 79 108 132 146 176 196 212 230 258 288 316 343 356 385 415 429 449 462 483 497 516 541 571 586 601 611 625 638 658 684 706 716 738 753 779 806 825 851 869 898 910 932 944 972 982 998 1015 1034 1056 1082 1093 1109 1139 1163 1193 1221 1243 1260 1275 1294 1321 1343 1359 1375 1404 1419 1440 1462 1474 1491 1521 1540 1560 1586 1611 1630 1660 1679 1689 1708 1733 1756 1786 1814 1832 1856 1879 1897 1917 1947 1972 1989 2005 2015 2032 2048 