200 150 6 
20
8
14
6
10
7
15
10
17
18
18
16
15
11
10
11
9
18
11
10
10
10
15
13
17
8
10
15
10
7
19
14
7
16
17
6
18
18
7
18
12
8
11
11
10
14
12
18
12
16
17
9
7
6
14
7
6
11
6
6
16
16
6
10
16
7
20
12
20
18
7
7
20
11
9
11
8
13
20
11
14
14
15
8
18
17
6
11
19
12
18
11
16
6
13
10
15
19
18
18
13
7
7
9
9
7
10
13
6
8
14
11
7
8
10
20
14
8
14
12
9
19
13
16
16
10
12
9
14
9
15
15
13
12
20
19
6
14
6
16
8
9
13
7
9
7
19
20
9
8
16
10
11
7
15
12
14
15
20
19
20
11
16
12
7
15
12
16
8
7
12
11
17
13
6
18
13
11
12
8
9
10
10
9
12
12
8
16
20
10
11
7
15
15
18
8
17
16
12
9

17 35 53 78 90 106 129 141 162 181 200 212 225 254 278 293 314 341 360 382 398 417 447 468 487 504 527 553 578 605 620 649 666 692 716 737 755 781 809 835 864 892 916 931 948 976 1003 1015 1027 1048 1060 1083 1097 1109 1131 1155 1175 1204 1232 1256 1276 1289 1310 1337 1349 1370 1397 1425 1452 1465 1478 1493 1522 1538 1560 1581 1605 1619 1645 1670 1694 1713 1729 1756 1776 1792 1810 1827 1856 1880 1909 1924 1950 1967 1991 2003 2021 2042 2064 2078 2099 2124 2152 2179 2191 2216 2236 2257 2273 2302 2326 2355 2376 2399 2419 2448 2466 2494 2524 2537 2559 2585 2606 2626 2642 2656 2680 2704 2716 2728 2753 2772 2796 2810 2831 2852 2881 2900 2917 2944 2959 2982 3002 3018 3030 3045 3065 3083 3110 