30 150 5 
16
19
20
8
5
15
18
9
20
16
16
20
12
14
11
10
12
6
8
18
14
15
19
18
20
15
8
12
17
15

18 39 50 62 75 87 105 129 152 179 196 207 231 261 280 304 321 335 354 383 409 433 456 486 502 516 546 569 594 615 643 673 691 707 725 749 760 780 795 808 820 847 870 881 894 917 939 956 982 1006 1034 1058 1079 1104 1131 1145 1164 1182 1212 1242 1258 1280 1301 1323 1334 1355 1368 1395 1419 1442 1471 1485 1511 1535 1545 1562 1592 1604 1616 1644 1659 1672 1688 1717 1727 1753 1769 1793 1811 1835 1852 1864 1874 1900 1929 1956 1984 1997 2020 2035 2063 2075 2101 2116 2127 2151 2178 2208 2231 2254 2274 2286 2307 2326 2340 2363 2373 2393 2404 2417 2433 2461 2475 2502 2518 2541 2563 2577 2598 2615 2639 2666 2690 2702 2718 2734 2760 2770 2783 2802 2826 2849 2869 2884 2901 2926 2952 2967 2982 