30 150 6 
18
9
20
13
15
14
8
15
19
17
14
6
19
11
15
15
18
14
15
7
17
11
13
8
14
20
20
9
15
20

20 45 75 101 113 131 160 174 201 214 236 257 274 295 318 339 367 381 393 419 446 462 482 494 524 536 555 569 595 620 636 665 679 705 725 755 782 802 817 833 854 880 904 934 958 977 1004 1018 1030 1047 1059 1088 1107 1126 1146 1163 1192 1209 1239 1266 1280 1308 1334 1359 1387 1410 1422 1446 1470 1490 1512 1531 1556 1579 1596 1625 1637 1651 1664 1677 1699 1721 1748 1777 1789 1807 1831 1859 1886 1899 1928 1953 1975 1992 2014 2038 2053 2079 2103 2120 2140 2157 2177 2200 2216 2234 2253 2271 2298 2310 2327 2348 2361 2379 2392 2416 2446 2475 2505 2528 2546 2561 2588 2618 2636 2655 2676 2690 2702 2721 2742 2760 2773 2796 2810 2835 2863 2883 2903 2926 2949 2963 2988 3014 3042 3066 3084 3098 3112 