200 20 7 
7
19
7
11
15
18
19
14
13
14
20
8
15
11
12
15
18
17
13
17
14
8
20
12
8
13
20
9
12
11
18
17
9
8
14
10
10
10
13
9
13
8
13
20
9
11
19
13
14
11
14
16
9
12
18
20
16
8
10
15
7
13
18
20
13
12
17
19
18
16
18
12
14
10
10
17
13
10
16
10
7
8
17
10
17
8
19
18
12
12
7
13
16
8
11
10
11
12
8
10
13
8
9
10
12
18
16
11
8
12
18
9
13
17
11
8
7
10
12
7
19
20
14
11
12
10
16
7
15
20
18
7
7
7
20
19
20
17
8
8
20
9
7
16
20
19
11
11
12
7
10
16
20
20
19
14
11
9
18
15
18
10
7
14
19
9
18
12
12
18
7
15
10
16
16
15
10
11
13
7
20
9
9
19
15
20
13
16
9
11
18
16
15
13
14
19
9
10
9
12

19 37 61 86 114 139 168 196 220 237 265 294 315 342 372 396 417 443 460 