30 150 6 
15
9
16
6
12
10
8
15
18
12
8
15
11
8
14
14
12
9
15
16
6
12
10
11
11
7
6
7
9
7

24 52 71 91 106 125 147 159 179 207 219 244 264 283 300 318 341 363 385 401 431 453 468 488 506 533 557 583 609 625 650 677 700 719 746 763 785 803 826 848 866 880 894 919 938 968 983 1012 1033 1047 1075 1087 1117 1135 1161 1183 1210 1229 1253 1269 1295 1310 1340 1359 1371 1401 1425 1453 1477 1500 1524 1553 1583 1598 1618 1642 1671 1691 1719 1746 1758 1779 1791 1811 1839 1869 1885 1903 1922 1947 1963 1992 2016 2034 2055 2077 2095 2110 2128 2142 2158 2176 2206 2219 2246 2269 2295 2325 2344 2365 2380 2401 2417 2435 2448 2477 2499 2512 2525 2546 2564 2577 2600 2615 2640 2667 2692 2706 2731 2756 2777 2807 2829 2857 2885 2897 2910 2931 2958 2981 3000 3021 3046 3066 3094 3123 3141 3166 3178 