350 20 5 
18
6
15
10
8
16
18
12
12
6
7
12
18
17
16
15
11
10
20
20
15
14
15
20
12
14
7
12
13
10
18
14
15
15
7
5
16
15
18
8
8
16
12
16
13
7
10
13
17
6
20
6
15
20
9
16
7
12
17
18
5
9
19
6
9
16
9
17
18
14
16
7
12
20
20
9
12
16
12
16
9
14
18
15
14
14
6
20
13
8
19
15
6
14
17
6
8
16
13
8
7
6
6
16
15
9
9
13
8
19
16
16
10
9
6
5
19
5
14
6
7
9
20
12
7
17
20
7
5
8
11
16
7
14
11
13
10
8
18
5
8
8
12
5
13
15
8
18
7
16
9
15
12
7
14
17
17
10
20
17
8
15
11
18
9
14
6
5
20
8
7
9
5
8
10
6
9
8
16
12
17
8
15
7
5
11
8
6
11
18
10
12
8
13
5
6
5
14
17
15
6
17
16
17
7
10
17
12
7
13
6
12
10
19
9
5
10
12
10
18
14
16
12
16
13
10
17
20
20
7
19
20
7
11
5
20
5
6
9
15
15
5
19
9
10
11
13
19
18
18
12
15
17
12
19
20
17
15
7
20
14
17
20
12
16
15
14
11
7
20
9
7
8
9
13
13
8
8
20
7
6
5
6
19
13
15
8
17
9
19
16
13
11
18
12
14
8
20
19
14
7
13
11
12
10
15
13
14
12
16
7
10
13
14
16
7
10
16
17
15
16
14
18
8
17
20
19
20
8
19
12
5
10
8
6
5
15
17
12
5
15
13
12
20
16
20
19
19
15
7

16 26 46 73 98 109 124 147 161 179 204 214 234 260 270 293 318 331 342 