200 30 5 
12
11
5
19
12
10
19
10
10
11
6
16
20
12
6
20
7
19
19
11
8
18
20
16
5
13
12
8
11
15
14
10
8
10
19
15
19
13
10
6
11
11
15
12
14
10
14
10
12
9
9
15
10
6
9
15
11
14
18
12
12
6
11
20
14
10
12
11
10
20
7
11
16
15
12
10
17
12
8
11
14
5
14
6
16
16
10
12
9
7
17
6
10
5
12
14
7
19
7
16
8
5
5
18
17
14
6
18
5
11
12
15
6
14
10
10
16
10
14
14
7
15
16
14
13
6
11
14
9
15
13
6
5
8
10
18
6
18
5
12
18
15
17
14
12
14
20
19
19
10
13
14
13
15
8
13
14
15
16
15
13
20
5
19
9
7
14
19
7
17
16
17
16
15
15
17
9
11
5
7
18
9
17
18
19
15
17
10
19
9
19
6
12
12
8
17
12
9
10
13

18 43 59 87 103 123 141 153 165 176 193 210 232 253 268 284 304 323 338 367 380 401 423 446 473 489 517 542 558 