350 40 5 
9
12
11
10
13
19
16
9
13
6
16
20
17
15
9
11
5
7
20
6
18
6
20
9
13
12
15
6
14
15
13
19
20
6
14
13
8
6
17
13
15
10
19
10
19
9
20
15
20
19
16
15
11
11
12
6
16
11
16
18
13
5
20
18
18
6
14
14
10
16
11
7
14
8
11
15
8
12
18
12
11
9
12
9
17
13
17
14
5
8
10
18
18
8
19
14
11
5
17
19
13
10
5
15
18
6
17
12
7
18
11
9
17
19
16
13
11
18
11
9
19
10
6
13
5
17
15
14
8
11
15
7
8
12
8
13
19
13
13
7
9
17
6
14
13
7
19
18
17
18
17
13
17
8
11
12
14
8
19
10
15
16
17
15
19
14
11
10
10
5
6
11
20
18
11
20
9
15
14
16
11
7
11
20
9
11
18
5
6
5
5
11
9
12
15
5
6
7
7
13
13
5
20
13
17
12
20
18
12
17
8
15
17
8
18
5
18
11
18
18
19
16
13
8
14
6
16
16
9
17
19
14
5
7
17
7
8
9
6
16
14
6
10
8
11
12
14
9
20
16
20
11
14
16
20
10
7
8
12
9
20
18
8
6
11
17
19
16
18
15
12
6
7
5
12
18
17
12
6
7
7
18
16
7
16
15
18
7
10
8
13
6
15
19
14
12
5
12
18
16
5
8
12
13
15
8
5
6
11
16
19
7
19
8
13
14
15
19
14
9
17
15
8
17
18
12
12
8
13
16
7
16
11
10
14
12
14
5
13
11
18
16
12
17
16
12
20
8
5
5

24 52 63 84 102 118 146 173 200 227 248 269 284 310 338 363 374 402 415 428 440 462 484 505 523 548 564 593 613 633 645 669 690 709 731 759 788 811 838 