350 150 7 
12
20
15
12
20
13
11
11
10
9
14
19
14
10
10
19
10
15
15
12
20
11
15
18
12
13
14
9
7
13
14
10
8
13
19
15
14
20
18
16
13
16
15
20
10
20
19
19
9
18
13
14
7
17
11
11
17
15
11
19
17
9
16
15
13
18
12
17
20
7
14
9
7
14
12
7
12
14
14
19
17
11
8
12
10
17
14
13
18
13
9
11
9
9
20
19
20
18
7
7
8
13
12
15
10
13
20
7
14
20
8
16
7
15
7
11
11
12
16
9
19
9
7
7
8
15
17
17
7
10
12
8
8
8
9
15
12
10
9
20
7
20
15
13
13
17
17
10
12
12
20
7
17
8
9
17
18
9
10
17
7
10
14
14
14
14
16
16
12
9
15
9
11
19
7
14
16
18
8
17
17
15
8
12
16
12
10
17
8
12
7
9
17
18
15
9
20
13
14
18
18
12
17
19
17
7
15
11
20
13
8
19
20
14
16
14
14
16
18
15
19
16
7
12
19
9
17
14
12
19
16
13
18
20
14
19
14
14
20
13
15
11
8
11
20
17
13
18
9
16
19
8
13
17
8
17
17
11
12
20
8
16
16
19
12
13
16
7
20
7
18
11
11
9
20
17
17
20
8
9
13
10
10
9
18
10
8
10
9
16
16
8
14
16
7
10
10
7
11
13
17
16
12
10
20
16
9
16
18
8
9
9
16
7
16
17
8
14
8
14
19
9
14
20
15
15
9
10
7
13
8
11
15
18
8
11
12
8
12
16
17
13
10
7
18
19
10
17
7
9

28 44 61 91 113 132 155 174 202 226 256 274 288 302 319 349 373 388 403 421 444 465 489 519 549 565 581 599 623 642 659 685 712 736 752 766 795 825 849 879 897 911 931 952 978 1002 1026 1053 1072 1094 1117 1136 1159 1182 1205 1231 1254 1274 1302 1323 1344 1368 1382 1410 1431 1458 1475 1489 1508 1528 1556 1575 1601 1615 1644 1672 1702 1719 1746 1772 1795 1815 1834 1861 1885 1912 1929 1943 1957 1975 2005 2033 2063 2086 2111 2136 2154 2172 2202 2221 2247 2268 2290 2306 2329 2348 2363 2393 2411 2425 2452 2471 2485 2511 2527 2557 2574 2603 2633 2651 2672 2690 2707 2726 2755 2777 2795 2813 2839 2862 2876 2893 2923 2947 2974 2999 3027 3042 3068 3093 3123 3147 3169 3194 3222 3239 3267 3287 3317 