300 20 7 
12
10
13
15
12
8
18
20
9
15
16
11
15
7
14
17
8
15
18
14
19
18
17
19
12
14
15
12
16
13
19
10
7
15
18
16
10
18
8
7
8
8
9
10
13
15
14
18
19
7
14
13
7
7
19
19
10
18
15
12
17
20
12
13
13
16
19
19
19
14
14
12
18
9
17
15
20
13
15
13
17
10
15
15
20
19
11
12
11
16
11
20
9
11
18
10
13
19
9
10
12
18
16
11
14
14
9
16
9
15
18
9
11
20
9
18
7
9
15
19
10
20
16
11
19
8
14
14
19
7
12
14
12
16
18
12
16
10
15
10
11
15
20
7
8
16
15
16
8
15
16
19
19
13
16
14
17
17
15
7
20
12
16
7
7
19
13
18
16
20
15
14
11
9
14
13
8
20
12
9
20
14
16
13
14
11
20
8
16
16
20
8
18
10
15
8
18
11
18
7
19
14
18
19
12
9
10
13
9
18
18
15
11
12
13
20
20
12
14
18
15
11
15
12
14
13
12
12
12
10
20
12
8
16
10
20
8
14
14
14
9
12
13
19
16
9
20
11
20
20
14
8
18
10
12
16
13
19
20
13
19
8
18
8
11
16
11
18
13
14
14
20
18
18
17
14
14
13
13
7
13
17
9
19
15
14
16
15
15
12
13
7
10
17
11
12
17
12
14
20

27 51 67 89 107 125 148 163 189 205 232 255 278 304 323 345 374 392 416 