200 20 5 
16
18
6
13
18
8
16
11
16
16
5
6
20
12
17
11
18
11
19
7
17
15
6
15
7
17
16
13
20
19
11
9
19
7
19
9
12
15
15
9
14
20
19
14
11
11
5
7
19
5
14
5
6
6
20
13
20
8
6
12
7
16
8
11
20
17
15
18
14
16
15
17
11
8
19
13
11
15
12
8
6
8
15
5
5
10
8
10
5
18
19
6
7
5
12
5
11
8
5
18
14
19
9
12
17
18
14
12
13
14
16
6
19
13
12
14
9
5
10
13
18
7
15
20
12
9
17
16
17
20
12
15
6
16
20
18
8
12
12
19
7
18
7
8
19
10
14
9
7
14
17
15
19
15
17
13
15
6
13
20
12
13
11
17
13
15
10
10
6
12
5
9
20
18
11
7
13
9
13
13
9
13
7
7
17
18
18
10
7
19
9
8
6
11
11
17
12
8
17
12

10 34 54 72 102 121 138 155 175 192 217 245 255 269 299 325 348 369 387 