350 10 7 
18
9
17
14
20
7
13
17
11
16
14
13
19
18
15
7
16
13
14
15
12
14
17
14
18
14
15
12
14
12
18
10
8
10
9
19
15
16
13
11
7
18
9
16
17
19
14
8
20
11
12
15
20
10
18
16
19
18
18
18
12
16
11
10
19
9
16
9
14
10
12
10
18
7
7
17
7
16
20
9
9
10
13
14
11
7
12
12
7
14
14
7
19
10
11
11
12
7
15
8
10
14
15
17
18
20
19
15
16
18
9
11
18
12
17
8
9
18
8
11
10
16
15
19
12
12
13
20
20
13
11
18
11
18
18
15
11
9
18
20
8
13
14
20
7
20
11
18
15
11
19
7
10
8
18
19
17
20
19
10
17
7
8
13
13
10
18
19
13
16
17
9
9
13
20
20
10
8
8
8
11
18
8
19
7
17
18
10
8
9
20
11
16
15
19
16
18
16
16
15
14
18
18
15
13
15
17
18
16
18
11
10
19
12
13
20
17
11
18
8
15
19
7
13
9
9
11
18
12
16
15
9
11
8
19
15
12
20
11
13
19
15
9
11
7
11
7
12
7
8
9
19
8
8
17
7
18
20
9
10
7
12
20
19
12
13
8
15
12
13
7
10
9
14
18
8
11
12
12
12
19
17
10
14
17
7
11
20
13
7
18
10
19
10
8
14
8
14
14
19
7
12
15
8
12
14
9
13
8
15
20
9
8
8
18
14
12
10
16
11
18
20
17
14
8
18
16
11
17
16
14
12
11
13
20
13
13
19
7
18
19
20
14
9
12
15
15
19
18
11

28 46 75 93 117 140 161 185 202 