350 50 5 
6
13
13
15
6
15
9
14
7
17
19
12
5
18
17
12
5
15
13
17
14
7
8
19
9
16
19
19
6
8
16
12
16
15
20
11
17
19
16
16
8
11
16
20
10
8
20
13
6
8
13
17
14
13
10
8
19
14
19
20
17
13
5
5
11
9
16
8
7
20
13
16
13
7
5
8
12
5
14
8
14
14
6
6
13
5
5
14
6
20
14
5
13
13
6
11
17
20
9
15
17
12
9
7
15
15
8
16
20
19
8
19
20
9
16
9
19
7
18
16
9
8
11
14
18
18
11
5
9
9
6
8
6
18
10
13
5
10
17
19
9
8
9
6
16
17
19
17
9
11
9
19
20
19
19
6
9
19
12
11
11
14
16
10
14
14
8
9
7
16
10
10
19
14
11
10
11
14
6
7
6
8
18
18
15
14
14
5
8
7
16
7
16
13
15
13
17
8
13
19
13
9
9
12
10
12
20
7
11
8
19
18
18
8
20
19
19
15
20
20
10
8
16
15
15
12
11
11
8
8
15
5
16
13
8
18
7
9
13
20
11
7
16
11
5
19
8
14
6
16
13
11
20
13
20
11
16
5
11
9
10
6
8
20
7
20
13
19
18
15
14
9
16
19
6
10
8
15
7
12
19
8
16
17
16
14
20
20
12
14
9
18
16
10
14
11
11
7
16
8
17
5
15
16
20
20
13
6
18
5
6
5
15
14
6
15
5
19
8
17
9
17
11
12
16
12
10
16
18
12
11
9
14
19
7
14
14
18
12
8
12
13
16
16
20
12
7
12
12
20

10 38 53 66 92 106 125 153 183 202 232 251 281 297 315 344 371 384 403 422 451 467 483 499 523 538 558 578 594 622 640 663 687 713 724 739 750 767 784 796 815 836 856 866 895 915 936 958 970 