300 40 6 
12
16
16
19
9
6
18
7
12
10
8
19
18
16
12
10
17
6
14
13
7
6
11
13
16
17
9
11
7
13
14
15
8
15
16
11
12
7
8
8
11
10
16
9
13
10
18
11
19
11
9
17
16
18
19
18
13
13
19
14
20
13
15
14
20
10
11
20
8
16
8
20
6
6
17
20
11
13
10
6
20
9
20
7
11
9
12
16
10
12
7
19
20
18
19
6
19
6
11
8
6
12
8
19
19
17
7
14
13
12
15
15
15
8
8
7
14
12
14
20
15
10
18
20
13
12
19
13
17
13
18
9
10
6
14
9
9
6
10
20
10
17
10
18
6
7
20
20
19
10
8
17
14
14
16
14
16
19
11
10
15
10
12
16
19
13
20
6
10
13
17
15
7
20
18
6
18
20
13
13
12
11
10
15
9
7
17
11
13
7
18
15
8
8
11
19
10
14
20
18
6
16
6
10
20
10
6
7
17
13
16
10
7
14
15
11
17
13
20
20
15
7
13
19
14
14
8
16
12
13
13
10
11
13
9
13
10
14
17
9
20
15
13
13
8
9
10
15
10
15
8
14
7
13
17
20
7
6
9
12
17
7
12
20
14
13
15
7
20
18
20
18
15
20
14
18
15
8
19
12
20
8
7
14
14
18
12
20
11
7
20
10
18
12
20
18
8
7
9
19

26 44 61 83 109 129 144 160 177 204 219 243 268 297 325 345 358 388 406 424 448 467 479 495 509 539 559 582 601 619 642 662 680 700 723 748 760 781 804 