400 10 5 
12
12
18
12
15
20
8
14
9
18
5
16
20
14
20
20
12
14
13
12
8
14
15
17
12
19
12
8
14
12
20
18
7
10
7
19
13
18
5
5
15
17
8
13
17
16
5
14
8
7
15
13
8
6
12
5
12
18
12
12
5
13
7
5
8
10
6
7
17
15
6
15
12
11
8
18
5
10
12
5
14
7
15
16
18
17
18
15
7
17
14
11
9
11
20
10
5
19
10
18
19
18
19
20
8
9
13
6
10
5
18
17
5
20
7
13
13
7
9
9
5
8
8
15
16
13
20
7
7
14
8
11
10
20
20
12
10
18
16
19
6
9
13
10
20
6
14
12
19
15
7
9
14
14
5
15
20
12
14
6
6
18
10
10
16
12
18
15
11
15
8
16
18
13
7
8
20
6
13
5
10
17
6
9
10
11
10
19
11
15
10
13
9
8
7
7
11
19
20
5
19
8
13
5
6
9
8
19
13
12
10
16
11
6
13
16
16
9
17
19
13
15
17
6
9
7
8
11
20
16
19
6
10
20
8
10
10
7
7
19
7
15
16
5
14
6
5
5
9
13
17
6
20
20
10
8
15
8
19
12
19
12
5
10
8
11
15
6
5
12
12
17
10
8
20
12
11
8
5
18
14
18
19
6
7
5
13
11
17
18
18
19
16
15
20
10
20
6
13
20
17
19
15
19
13
14
16
13
10
5
5
14
20
14
14
11
13
11
19
7
8
14
13
8
18
16
8
12
7
13
7
9
20
18
9
18
9
10
11
17
18
20
14
17
6
9
10
11
15
13
19
20
11
20
10
20
18
7
8
10
9
7
7
14
7
17
17
7
6
19
13
14
12
14
6
19
11
12
15
15
5
20
5
10
20
11
19
13
8
13
12
10
18
13
20
11
18
9
15
9

18 40 66 92 110 127 150 178 201 