350 10 5 
8
7
10
11
7
9
16
20
16
5
11
8
16
17
5
14
18
8
15
17
9
11
8
19
9
19
17
20
6
10
14
19
18
11
15
5
17
7
16
19
16
10
14
8
5
13
12
12
8
13
20
11
18
12
17
10
5
6
12
10
12
6
6
13
20
10
6
9
12
20
19
11
9
19
5
13
13
18
7
11
8
15
15
19
16
15
17
12
13
16
16
8
8
15
6
12
5
11
7
15
14
9
17
17
19
9
7
15
15
8
14
20
12
8
7
18
9
14
15
17
11
10
19
7
18
12
8
9
14
5
9
16
18
12
18
16
7
18
13
5
19
8
11
15
12
15
6
15
8
16
20
18
7
13
14
14
19
7
18
11
6
18
6
20
13
6
14
13
12
8
15
7
18
8
5
19
14
12
18
19
18
13
8
7
7
15
9
6
18
7
13
11
5
9
20
18
9
16
12
19
10
17
5
15
19
17
19
8
12
6
20
6
17
12
19
7
5
10
12
6
7
20
16
16
20
18
12
19
13
16
5
8
10
7
7
18
14
12
14
7
13
7
20
15
12
7
12
11
9
5
14
7
10
6
5
19
10
5
5
14
17
16
17
20
19
17
12
11
12
15
14
8
10
6
9
7
12
5
13
10
9
7
9
17
20
5
18
11
15
10
9
12
14
6
8
16
13
6
13
15
20
20
11
18
10
11
13
5
8
15
12
13
15
10
19
11
12
9
17
17
11
9
14
5
11
12
18
20
16
16
18
9
14
18
12
14
5
14
6
18
8
11
18
11
18
5
5
14
11
10

25 52 81 100 126 144 170 188 202 