30 100 5 
6
14
10
14
9
7
12
15
14
11
11
19
17
19
10
15
19
18
18
11
8
8
17
7
16
6
5
16
8
19

25 48 75 97 125 142 162 184 203 229 245 256 284 312 324 340 351 378 406 424 451 478 501 525 545 556 580 604 626 643 666 693 713 729 753 769 785 799 819 841 855 884 907 935 951 966 989 1004 1028 1051 1065 1086 1097 1121 1145 1162 1187 1217 1227 1238 1268 1282 1304 1324 1347 1370 1383 1409 1437 1451 1472 1484 1504 1515 1545 1561 1585 1615 1641 1652 1678 1695 1714 1741 1754 1780 1794 1813 1843 1873 1888 1902 1920 1944 1955 1971 1990 2003 2029 