200 150 7 
11
14
15
15
20
16
16
16
17
16
18
20
19
15
17
16
15
16
19
13
12
8
9
13
11
12
20
16
20
18
14
19
17
20
12
10
16
18
9
14
11
8
15
19
14
14
10
8
19
18
19
13
15
18
15
8
17
7
7
11
9
12
18
7
13
8
11
9
12
13
7
18
15
20
17
18
18
19
7
15
14
8
10
20
13
17
9
11
17
17
10
13
17
8
19
18
12
7
10
9
19
9
14
17
8
18
8
9
18
19
15
20
20
9
14
12
15
13
16
18
12
16
14
8
20
7
7
8
11
11
12
8
19
15
8
9
9
10
9
20
15
19
13
9
13
9
7
17
8
19
13
17
14
19
15
11
7
14
8
11
19
17
7
10
11
19
18
8
9
7
15
12
9
19
19
14
18
18
11
8
13
18
14
15
11
9
18
19
14
11
13
9
9
16
13
16
13
20
18
11

29 53 76 98 127 142 169 183 203 225 246 263 279 308 322 338 364 378 399 426 454 469 491 517 535 562 578 601 629 658 683 713 741 763 782 802 823 844 871 893 907 934 958 981 995 1023 1046 1060 1074 1090 1114 1133 1150 1173 1191 1208 1234 1261 1284 1299 1329 1353 1377 1393 1413 1438 1454 1476 1505 1531 1558 1577 1597 1621 1648 1666 1694 1716 1736 1757 1781 1811 1830 1850 1869 1892 1922 1944 1966 1991 2017 2043 2069 2090 2115 2144 2165 2185 2204 2232 2258 2282 2307 2324 2352 2378 2396 2417 2446 2469 2495 2521 2535 2558 2587 2607 2632 2656 2685 2707 2735 2760 2786 2812 2842 2860 2879 2895 2919 2933 2960 2974 3000 3028 3055 3079 3106 3126 3156 3178 3205 3232 3247 3262 3277 3296 3323 3341 3356 