300 100 7 
8
7
17
12
9
9
8
14
17
7
8
10
16
8
18
18
15
19
7
20
13
12
13
18
10
8
10
15
20
8
9
7
15
18
15
8
7
15
18
19
8
8
7
13
10
10
13
16
8
9
11
15
10
17
17
10
9
7
18
14
8
20
7
13
10
7
9
11
14
13
10
11
18
16
18
16
19
20
20
8
13
7
13
11
17
8
16
10
20
12
17
17
17
9
17
9
16
16
15
12
7
7
14
14
7
19
7
19
16
10
13
12
16
18
14
17
20
8
18
12
9
10
8
13
14
11
7
14
17
16
15
13
17
9
17
13
17
18
14
12
11
11
15
10
11
19
14
13
9
7
17
16
18
7
19
20
19
12
18
8
14
19
17
12
15
10
10
14
20
15
11
17
12
15
17
13
15
17
19
17
9
18
10
17
12
11
12
13
11
15
13
18
7
8
18
19
12
13
9
12
7
19
9
19
12
8
15
7
10
17
16
17
19
12
18
7
11
13
17
14
10
20
7
16
12
7
15
14
15
8
9
16
15
7
16
16
19
13
15
8
10
16
18
17
19
14
14
8
20
7
16
18
12
20
12
15
8
9
20
19
14
11
13
12
12
9
18
15
11
13
10
14
16
13
16
11
13
7
20
16
11
12
9
17
14
14
12
20
19
13
11
15
7
19
11
16
18
18
18
11

30 50 70 88 103 131 147 171 193 218 244 260 280 296 312 335 356 374 403 423 440 461 488 506 533 563 593 619 633 663 683 700 728 750 772 801 817 837 863 880 903 920 944 973 990 1020 1040 1062 1087 1110 1130 1155 1173 1190 1210 1228 1249 1277 1304 1321 1341 1359 1383 1406 1422 1441 1461 1475 1497 1521 1543 1557 1574 1600 1619 1642 1665 1693 1720 1736 1757 1783 1811 1833 1853 1883 1910 1936 1956 1975 1989 2013 2033 2047 2070 2099 2116 2133 2151 