350 30 5 
19
20
9
18
15
15
7
10
14
11
5
19
7
18
9
13
10
20
17
9
20
12
12
15
16
5
11
12
16
12
18
15
12
7
19
6
9
6
12
5
14
9
15
7
20
19
20
7
12
13
10
17
5
14
19
5
14
10
17
12
9
8
11
14
16
8
5
19
12
20
15
8
20
7
12
5
19
12
5
12
13
8
15
5
19
10
11
8
5
18
13
10
8
16
15
11
8
14
7
15
16
17
6
13
7
12
18
20
13
5
6
20
6
12
8
12
6
9
12
16
14
5
7
13
6
12
7
16
12
18
17
19
12
20
10
10
16
16
10
14
9
7
14
7
15
17
13
15
5
18
14
20
17
12
8
14
11
5
9
19
19
10
11
7
8
5
20
8
6
11
13
9
16
8
5
12
15
15
7
6
9
13
9
14
5
14
6
6
14
18
15
13
6
17
13
19
13
12
10
15
18
6
17
14
9
19
19
13
14
15
12
9
9
18
5
20
19
19
11
11
8
11
15
5
12
12
16
15
19
17
6
6
12
8
16
5
13
13
16
16
5
8
5
15
14
10
10
15
18
20
13
5
16
9
19
5
14
5
10
18
17
13
15
7
11
9
16
5
20
16
5
14
12
18
11
17
16
12
16
7
11
8
6
14
15
19
18
19
20
19
20
6
16
8
12
8
7
17
11
8
5
19
8
14
10
6
20
8
6
17
16
20
5
7
13
12
12
17
20
8
5
14
7
17
7
8
7
18
10
9
8
20
9
14
18
10
8
11
10
10
8
15
16
13
9
10
9
8
16
12

14 28 51 73 85 99 109 129 153 178 192 210 236 246 275 303 327 349 362 378 395 406 416 430 451 476 486 498 527 