350 40 6 
14
16
10
14
15
18
12
7
18
12
8
11
9
13
9
15
6
17
6
18
11
6
6
9
7
13
11
15
20
12
12
16
13
12
10
17
8
19
13
17
16
10
8
8
6
18
13
7
10
15
14
20
12
19
19
6
15
18
6
18
9
11
16
17
6
13
7
11
8
10
15
18
19
16
11
7
7
19
17
15
10
13
7
19
20
15
15
10
8
16
10
9
9
18
14
12
9
16
19
15
19
9
11
7
8
8
11
11
14
9
18
16
9
8
18
6
7
19
20
11
19
19
11
8
14
6
6
14
11
18
20
12
18
14
7
15
14
9
18
20
9
12
19
6
14
13
13
10
6
19
18
10
10
15
19
7
12
9
10
10
6
8
20
11
19
6
19
8
13
11
12
9
10
14
20
16
12
18
10
17
13
11
18
9
8
16
13
7
9
20
7
9
14
7
15
14
15
14
17
14
15
6
9
13
9
9
10
10
15
19
10
10
17
13
17
20
14
12
7
12
12
16
14
19
19
19
20
12
9
20
18
10
6
11
17
20
19
7
9
7
19
8
7
17
12
15
16
13
19
13
12
6
13
19
13
20
13
20
14
19
18
16
8
14
12
19
14
9
19
16
19
6
7
11
9
7
10
11
10
8
6
17
15
17
12
7
17
18
10
16
12
15
9
20
13
13
15
15
19
15
11
16
8
15
10
6
15
8
14
15
6
6
6
6
20
11
14
11
14
13
13
12
6
10
10
12
13
14
15
15
10
8
20
18
13
15
19
20
11
8
10
6
20
8
18
16
20
16
20
16

15 45 59 86 115 138 167 194 207 222 239 264 283 304 324 339 354 371 386 402 422 450 478 507 533 557 577 602 630 660 675 691 717 736 763 791 817 845 863 