350 30 5 
15
9
8
6
16
6
20
5
17
20
13
11
6
20
8
17
14
13
9
13
7
7
20
7
14
20
15
6
10
6
12
11
10
13
6
17
11
15
10
18
14
13
8
14
10
20
10
8
14
17
5
17
9
9
13
9
14
8
13
18
18
8
7
8
8
20
9
14
15
13
18
11
10
13
19
5
16
10
8
12
5
13
9
10
9
20
12
9
16
5
14
7
17
20
18
6
18
7
9
6
5
7
19
6
12
10
20
8
18
15
10
6
13
9
14
18
14
16
9
18
11
20
9
11
16
19
5
13
17
13
13
16
19
7
5
13
12
13
19
16
7
11
7
12
12
13
11
16
16
5
11
9
9
13
7
8
5
14
7
5
12
16
14
20
18
19
17
7
17
14
10
20
7
5
8
9
12
16
9
13
7
10
11
8
17
8
16
6
10
11
16
7
10
6
19
11
11
20
15
13
5
20
14
13
10
7
20
18
20
12
16
16
11
9
17
6
11
12
11
11
5
18
9
11
5
9
5
12
20
17
6
6
15
9
9
18
8
7
20
17
12
7
7
17
20
8
20
12
15
18
16
17
16
13
10
7
20
15
11
15
7
20
15
10
7
19
19
11
9
14
15
13
11
10
7
8
10
16
12
17
5
19
8
15
18
18
10
5
15
17
14
13
11
19
17
17
6
11
20
16
6
20
14
15
11
12
7
14
6
8
18
13
5
5
11
14
18
11
18
12
14
6
6
13
8
8
5
20
18
9
19
10
5
16
9
14
19
7
16
10
14
10
14
8
8
16
16
5
10
14

16 31 51 78 99 120 134 160 183 193 221 245 273 292 317 346 364 390 412 425 450 480 506 520 543 557 577 596 617 