300 100 7 
7
15
14
10
8
20
7
9
7
13
14
7
12
15
15
9
19
19
17
7
7
16
8
8
8
20
17
17
16
8
12
9
19
11
7
12
13
18
11
7
7
18
9
9
17
9
17
12
9
12
11
20
9
16
16
8
16
19
15
8
18
19
13
14
13
13
11
7
15
17
15
15
10
17
18
18
17
7
7
19
11
10
13
13
12
8
11
19
19
10
14
15
17
9
8
18
8
8
16
13
8
14
7
16
16
15
8
17
10
16
8
17
7
14
18
15
16
12
20
20
14
20
7
17
17
11
18
8
16
12
15
10
12
8
16
16
7
13
19
15
16
17
8
11
17
9
20
18
11
13
11
15
15
11
9
14
7
13
15
10
19
20
11
16
9
16
7
9
9
16
14
14
11
13
14
11
12
8
18
12
11
7
20
17
8
14
16
19
19
18
18
9
18
10
12
13
18
13
11
13
18
15
7
15
9
11
20
18
20
7
11
18
12
13
10
7
20
9
11
16
20
12
10
17
11
19
20
12
10
13
13
8
15
9
13
20
19
11
9
17
11
13
17
10
12
20
12
17
16
11
10
9
20
20
16
20
12
10
10
14
10
13
19
14
11
9
11
17
16
9
12
13
11
15
17
9
19
18
20
7
8
15
10
8
17
11
20
15
14
11
12
19
10
20
17
19
12
19
19
20

24 53 75 91 120 147 172 189 208 230 251 274 303 330 356 377 401 431 449 466 480 504 534 564 592 606 621 642 660 676 706 729 743 762 776 803 826 841 862 882 898 925 951 978 1006 1021 1037 1061 1078 1100 1125 1151 1171 1193 1210 1237 1258 1282 1296 1310 1340 1355 1381 1407 1423 1438 1464 1481 1508 1534 1550 1572 1590 1617 1633 1653 1675 1689 1714 1740 1757 1786 1807 1832 1846 1869 1896 1912 1930 1946 1973 1992 2021 2044 2058 2073 2096 2111 2134 