100 100 6 
13
11
11
20
19
20
6
6
8
20
13
19
16
7
13
19
14
7
10
15
18
16
14
18
8
10
10
17
10
16
17
17
7
17
18
13
11
12
15
14
7
17
17
13
12
20
20
8
13
15
8
10
10
17
13
15
13
17
16
14
15
11
10
12
6
19
7
18
10
15
12
18
15
17
18
14
11
16
18
18
15
12
7
18
11
8
15
17
19
17
10
9
10
15
6
7
15
15
19
16

21 39 59 76 96 110 130 143 162 187 216 240 268 290 307 334 357 374 403 418 437 452 467 484 499 517 530 555 575 594 607 637 657 679 691 703 726 740 758 776 801 829 852 873 893 908 935 954 975 1001 1014 1037 1057 1085 1101 1130 1153 1168 1190 1205 1220 1248 1271 1291 1318 1345 1361 1391 1410 1422 1449 1462 1490 1504 1516 1531 1557 1583 1598 1623 1653 1677 1697 1723 1742 1771 1789 1810 1839 1852 1864 1881 1900 1923 1940 1964 1993 2017 2046 