100 100 7 
18
10
7
7
8
18
8
17
8
14
20
9
18
14
7
20
9
19
13
13
19
13
17
7
14
15
11
14
14
14
20
20
15
18
8
19
18
11
17
16
19
16
9
9
14
18
11
7
10
8
20
10
9
9
12
13
14
15
12
14
11
14
17
14
18
15
7
16
10
10
19
12
15
18
18
19
20
20
7
16
8
8
20
20
12
10
14
7
13
17
15
18
20
14
16
15
10
17
9
17

27 47 63 92 111 138 159 182 203 223 251 270 287 308 337 361 385 410 436 466 493 508 528 550 572 588 612 638 656 685 715 731 758 780 810 838 856 882 899 916 931 952 969 989 1003 1025 1047 1063 1080 1104 1126 1151 1176 1201 1226 1249 1279 1302 1325 1352 1371 1390 1410 1429 1453 1479 1509 1528 1542 1557 1575 1598 1619 1645 1662 1685 1701 1727 1743 1758 1778 1795 1809 1829 1852 1877 1899 1913 1937 1958 1972 2002 2018 2040 2058 2073 2089 2117 2141 