100 100 6 
15
7
13
20
14
11
13
9
20
8
8
14
8
12
10
15
17
10
13
14
13
12
13
13
17
6
14
7
8
7
13
9
17
15
10
6
15
9
12
6
15
11
6
11
10
18
19
17
17
19
11
15
8
11
16
6
9
20
18
13
18
6
13
13
18
10
17
18
15
7
20
18
9
7
16
9
8
6
17
10
13
20
11
20
19
7
12
15
16
12
17
8
6
18
11
9
11
16
15
7

20 35 52 73 88 105 133 147 165 186 214 242 261 287 305 326 353 372 386 408 424 443 473 490 515 534 551 578 604 618 630 649 670 697 713 735 764 788 814 828 844 866 891 908 928 956 968 982 1002 1023 1052 1082 1108 1128 1140 1152 1169 1184 1203 1221 1242 1257 1285 1306 1328 1358 1385 1399 1420 1432 1461 1490 1512 1535 1552 1571 1597 1615 1645 1663 1678 1696 1724 1737 1750 1777 1797 1824 1838 1866 1891 1903 1917 1935 1950 1977 1997 2023 2035 