300 10 6 
7
20
10
13
18
9
10
9
6
6
18
16
11
7
16
19
6
19
17
7
9
11
11
20
8
20
17
15
7
11
10
6
18
7
14
8
16
16
19
17
12
13
9
13
7
6
10
12
15
9
6
12
11
18
11
8
9
13
11
16
15
20
7
16
7
16
14
6
7
16
13
8
18
11
19
8
18
10
18
13
15
6
7
20
8
13
11
20
15
16
16
12
10
15
13
19
12
16
9
15
6
12
11
20
8
11
9
13
19
8
10
10
13
13
8
13
20
20
13
6
17
20
16
18
14
10
20
10
16
17
6
6
12
12
16
9
9
13
7
17
20
6
18
15
19
17
16
8
15
12
20
14
14
19
19
10
15
9
18
12
6
10
12
7
18
13
13
18
10
7
10
12
10
10
13
6
17
14
12
8
12
7
9
19
15
7
7
14
10
19
9
9
6
8
19
10
18
8
19
7
16
11
15
6
18
10
16
8
12
14
16
13
14
14
6
14
8
8
17
10
15
13
13
8
19
7
9
14
15
18
13
16
11
12
9
11
20
12
13
10
6
6
14
20
13
7
8
15
10
14
16
6
8
16
18
9
6
20
17
16
18
14
14
10
9
7
18
17
9
14
10
12
19
15
18
12
14
19
9
11
17
8
8
16
10
8
16
10
16
17
15
20
14
7
9
8
12
8
14
9

20 38 66 88 106 133 162 184 204 