350 10 6 
9
15
15
16
8
11
10
18
17
9
7
16
13
7
6
20
16
17
17
6
20
19
18
17
12
9
20
17
17
11
20
11
17
10
11
10
6
6
17
8
16
13
16
18
18
7
18
15
17
11
7
15
20
20
19
9
9
9
9
8
8
15
16
8
16
10
8
7
13
13
12
17
20
17
15
6
7
8
19
9
20
13
17
15
8
12
9
19
10
9
6
12
12
9
11
9
18
17
7
19
8
13
14
18
11
13
20
20
7
14
12
16
15
18
17
12
16
20
11
15
6
10
16
10
10
14
20
20
14
7
6
7
9
8
10
15
15
19
17
19
17
20
12
20
14
19
8
17
6
16
15
9
7
18
15
13
14
14
8
13
8
9
11
10
20
11
12
7
15
13
20
16
9
12
7
18
17
12
18
16
19
6
12
15
8
6
8
12
19
16
13
6
10
12
18
6
8
9
11
16
19
6
13
8
12
9
19
10
17
13
10
9
20
16
16
20
20
16
8
13
7
11
6
11
12
19
17
10
17
15
19
16
11
7
10
11
16
14
11
7
16
18
17
18
10
19
7
14
10
6
16
8
11
13
7
13
9
20
11
20
9
11
10
13
16
12
14
17
9
16
19
6
15
14
16
15
19
13
19
10
13
14
14
12
17
17
10
8
12
6
18
7
6
15
17
12
14
16
17
18
11
11
11
6
20
13
18
19
15
9
17
10
15
11
18
13
16
12
9
6
11
11
16
20
14
10
13
17
16
16
13
16
13
17
15
8
14
16
12
8
10
6
12
15
9
6
15
17
11
9

25 49 62 84 103 116 133 160 175 