20 100 6 
12
17
9
6
20
8
12
6
19
18
8
9
13
7
17
7
8
16
12
19

17 34 50 69 83 104 125 148 164 184 209 224 239 266 283 304 329 351 367 393 421 451 464 488 518 531 546 558 572 588 607 636 658 687 709 731 758 777 806 830 855 877 900 927 956 970 998 1014 1027 1056 1078 1094 1123 1151 1167 1197 1224 1253 1272 1289 1315 1340 1354 1367 1381 1396 1413 1432 1458 1470 1491 1513 1531 1561 1582 1602 1622 1651 1669 1688 1718 1730 1755 1773 1793 1812 1829 1859 1875 1902 1931 1948 1972 1992 2017 2046 2073 2103 2124 