300 150 7 
13
17
20
13
9
15
8
9
19
11
16
13
8
11
17
16
8
9
10
17
7
13
10
13
13
16
10
8
12
10
12
10
10
12
12
18
15
10
7
8
12
12
14
7
11
19
10
19
13
18
20
12
13
18
20
14
13
14
13
15
7
16
10
14
14
18
7
7
9
16
15
18
10
16
12
7
13
11
18
16
7
16
16
17
16
18
11
10
12
15
17
14
20
15
17
12
13
20
7
18
18
11
8
12
18
8
10
10
11
10
11
11
7
11
16
8
7
10
8
18
13
16
20
15
11
10
15
13
9
9
20
15
19
9
14
18
11
8
8
17
18
20
8
13
19
9
20
19
17
9
8
18
16
10
18
7
19
20
15
13
20
8
14
19
9
11
17
16
20
11
9
14
15
20
9
12
17
10
10
11
17
7
20
11
15
7
18
16
7
7
16
16
13
17
17
18
17
9
7
15
16
12
18
19
18
7
11
10
16
8
9
13
9
17
15
11
12
20
14
18
10
16
18
12
18
20
20
14
10
10
20
17
8
19
19
9
12
18
14
14
15
9
11
14
8
10
17
18
16
10
15
11
11
18
9
10
10
12
9
14
19
7
20
16
17
17
17
10
9
17
10
12
20
11
19
16
7
14
17
9
20
13
16
12
13
7
11
19
16
20
7
16
16
20
20
19
9
11
10
10

26 45 69 83 101 124 150 172 196 220 242 269 296 320 338 360 388 413 436 454 470 484 509 531 549 568 586 601 619 633 656 679 693 714 740 763 782 807 836 854 869 887 907 931 955 973 996 1011 1030 1057 1077 1097 1114 1129 1144 1160 1180 1207 1231 1246 1263 1277 1295 1325 1354 1375 1400 1423 1439 1469 1484 1507 1524 1541 1564 1594 1609 1624 1654 1678 1702 1722 1737 1754 1779 1799 1829 1854 1880 1907 1922 1945 1972 1999 2020 2043 2069 2094 2110 2128 2152 2168 2182 2199 2220 2249 2276 2293 2321 2344 2367 2382 2397 2424 2448 2463 2490 2507 2532 2561 2575 2595 2624 2646 2668 2686 2708 2723 2743 2761 2783 2810 2835 2858 2888 2912 2942 2956 2984 3000 3024 3049 3063 3091 3112 3126 3142 3159 3185 