10 150 5 
10
11
12
5
7
11
17
11
10
5

10 32 45 68 84 103 113 135 153 170 185 201 228 247 265 286 298 308 338 361 372 396 424 444 466 481 506 531 558 586 598 619 634 663 685 712 739 768 783 812 822 847 872 896 922 952 969 992 1003 1027 1050 1076 1093 1106 1118 1137 1165 1175 1201 1219 1244 1274 1302 1320 1338 1362 1379 1394 1415 1426 1446 1459 1481 1497 1523 1545 1564 1583 1604 1615 1633 1655 1679 1700 1722 1749 1759 1772 1796 1822 1838 1865 1895 1914 1935 1956 1973 2002 2027 2038 2065 2078 2091 2118 2133 2159 2171 2181 2195 2223 2250 2265 2277 2307 2336 2363 2379 2401 2423 2434 2448 2474 2488 2501 2525 2539 2561 2578 2600 2622 2638 2666 2690 2701 2719 2740 2759 2773 2783 2802 2817 2831 2851 2873 2885 2898 2917 2930 2947 