400 150 5 
5
20
16
5
16
16
9
15
15
6
12
13
17
15
8
15
20
10
5
17
20
11
19
18
20
20
16
5
10
19
14
7
15
12
20
18
7
9
19
18
14
15
12
7
20
19
16
10
11
13
8
19
14
11
6
10
20
9
12
12
5
16
12
16
12
13
15
11
14
19
10
17
10
19
13
13
17
11
14
19
8
12
6
20
11
17
10
17
5
13
13
20
14
20
20
11
19
13
10
6
12
6
20
20
10
9
8
9
16
14
10
18
19
16
7
12
5
20
6
17
14
7
11
20
12
8
13
16
13
6
11
12
10
11
11
18
7
9
19
17
8
20
12
15
6
16
19
18
17
12
17
17
8
16
14
6
8
19
17
7
18
16
11
5
16
9
6
5
8
12
8
14
17
5
12
17
6
5
18
16
10
18
5
8
11
15
14
16
9
13
7
7
8
17
19
9
5
8
12
19
6
9
13
7
5
10
18
18
13
6
12
12
5
13
9
15
14
12
19
12
8
14
7
10
10
19
10
16
17
17
7
5
8
8
12
6
9
10
6
8
19
11
9
15
13
5
5
14
10
15
5
16
13
15
10
6
14
14
7
17
13
11
14
19
7
18
12
17
8
14
16
12
16
12
17
17
8
19
17
13
6
17
12
20
15
7
6
20
13
8
20
6
17
14
9
5
11
14
20
17
8
13
8
6
10
18
13
9
14
13
5
19
11
9
17
18
7
15
20
12
14
11
8
5
5
18
16
18
11
20
14
14
17
15
6
14
12
20
19
17
9
14
9
10
16
15
10
16
12
13
12
5
10
14
11
6
15
16
11
19
15
13
17
16
12
12
19
11
12
10
12
15
14
11
5
8
14
12
16
8
7
11
7
9
8
10
5
19
10
15
18
16
17
15
5
15
17
13
5
6

22 34 50 74 99 126 139 169 198 221 250 269 287 300 317 327 337 365 378 392 411 428 457 482 503 531 544 559 589 601 619 630 653 676 699 713 730 757 770 785 811 836 848 873 891 916 945 965 979 990 1016 1033 1046 1063 1085 1106 1119 1144 1173 1194 1222 1240 1269 1292 1305 1329 1341 1363 1373 1391 1405 1421 1450 1461 1488 1510 1526 1545 1567 1596 1615 1629 1649 1663 1688 1706 1724 1754 1782 1792 1807 1835 1862 1874 1890 1907 1917 1929 1954 1966 1979 1996 2009 2021 2051 2061 2083 2110 2131 2153 2163 2178 2200 2212 2232 2245 2275 2296 2323 2333 2361 2376 2400 2429 2454 2474 2493 2503 2517 2536 2562 2581 2594 2606 2636 2665 2693 2706 2736 2749 2766 2780 2809 2824 2850 2873 2891 2908 2921 