300 150 5 
14
17
20
5
20
17
17
9
20
9
9
13
18
20
14
13
10
7
15
8
12
8
15
9
10
12
6
7
15
5
5
9
18
12
15
14
10
11
6
12
5
15
20
7
20
12
12
5
9
17
16
16
20
13
20
12
10
17
19
9
8
8
16
10
6
6
16
7
15
13
6
17
15
5
14
20
14
12
14
18
13
12
10
13
14
13
8
20
9
11
19
18
12
9
19
20
19
5
13
10
9
14
7
15
13
20
15
12
8
15
12
10
13
18
5
7
18
17
17
10
15
17
15
10
5
15
7
13
16
19
16
13
16
6
19
15
5
18
15
6
9
10
15
6
18
10
9
5
7
16
9
7
19
10
13
9
8
18
18
13
7
8
15
8
13
14
16
9
15
10
6
12
9
7
13
13
19
13
14
16
6
18
6
16
14
17
7
7
16
10
13
14
13
10
20
5
7
13
8
5
20
17
12
20
17
13
15
9
9
17
12
16
6
16
18
16
7
11
20
11
19
16
16
6
12
19
5
11
7
11
17
11
12
17
9
7
9
20
14
16
12
17
12
13
16
17
19
14
7
18
11
15
9
11
20
15
12
10
12
17
5
17
5
18
14
17
6
13
8
5
16
11
19
18
20
15
11
13
19
17
5
14
6
9
11
19
15
15
20
8
16
16
8
6
11
19
18
9
9
13

16 27 40 57 68 81 105 116 128 140 157 169 191 203 230 245 259 288 301 316 329 347 368 395 425 438 456 470 493 504 530 544 565 578 595 609 638 659 680 690 706 717 727 738 765 788 808 821 841 858 871 881 904 917 944 955 982 1001 1023 1048 1066 1084 1111 1131 1152 1176 1193 1204 1216 1246 1267 1295 1325 1343 1358 1381 1408 1434 1447 1474 1487 1500 1526 1543 1555 1585 1597 1607 1623 1637 1661 1690 1710 1720 1748 1777 1799 1817 1832 1845 1859 1887 1917 1931 1946 1975 1988 2006 2032 2044 2058 2088 2098 2116 2136 2153 2181 2209 2230 2241 2256 2268 2295 2318 2345 2372 2390 2403 2425 2442 2452 2462 2478 2498 2512 2536 2561 2581 2610 2626 2638 2663 2676 2701 2721 2735 2755 2774 2790 