300 20 5 
8
5
20
7
13
10
17
7
9
18
7
7
16
15
17
8
9
8
6
7
20
17
14
10
11
10
7
9
9
6
6
15
9
15
17
16
16
7
12
13
13
18
18
6
16
19
7
16
9
5
12
7
18
11
19
5
16
9
19
20
5
20
14
16
10
7
17
17
12
8
11
8
20
11
18
7
11
6
19
6
13
20
8
19
14
13
15
9
10
5
8
5
17
20
15
5
20
7
11
17
9
6
6
15
5
5
15
18
10
14
12
18
14
14
19
18
14
15
11
14
19
7
14
19
5
15
18
20
13
6
9
9
15
7
5
11
8
8
16
14
20
20
11
14
19
12
5
13
12
9
15
11
19
6
13
7
8
11
15
5
16
12
17
17
7
20
16
19
5
12
14
20
17
17
8
15
20
5
6
11
16
20
18
8
16
9
13
8
17
18
14
17
18
18
12
16
8
5
15
16
5
9
17
11
10
12
11
16
10
16
13
5
17
6
14
15
20
10
5
16
11
11
7
16
13
14
18
15
10
19
9
9
15
8
17
12
6
12
11
6
12
7
20
19
7
8
9
5
7
16
15
20
11
13
17
9
8
9
11
5
6
20
7
7
12
15
6
14
13
11
18
12
18
17
17
12
10
19
12
5
15
18
17
14
11
18
5
5
11
11
14
11
19
18
17
18
18
7
7
10

25 38 57 71 93 104 116 132 162 177 193 203 228 243 253 274 295 312 340 