300 30 6 
16
17
15
15
11
8
15
10
16
13
10
17
10
16
19
9
14
18
11
15
20
16
6
7
15
16
7
10
17
12
6
9
8
8
12
11
19
7
12
7
17
9
20
13
20
17
12
19
19
6
6
20
18
11
17
16
16
9
9
6
11
11
18
11
8
16
17
18
16
8
11
20
12
7
10
9
7
7
6
18
16
14
7
16
18
11
13
8
17
15
20
17
9
9
10
19
17
6
10
14
7
8
13
8
17
19
10
6
12
6
8
12
16
9
13
16
7
14
7
17
17
17
19
20
6
14
13
10
13
9
12
20
11
15
19
16
9
19
7
18
7
6
9
10
15
17
11
13
18
15
15
17
8
15
14
6
14
16
20
11
14
14
10
18
8
6
8
18
10
6
17
7
7
6
11
11
12
9
14
18
10
6
11
12
17
19
14
13
17
19
18
14
18
19
16
6
6
8
12
15
14
8
11
14
17
15
17
9
7
19
8
6
6
20
12
13
19
12
6
7
9
14
8
7
18
15
12
12
11
7
8
8
17
20
13
18
12
7
15
14
19
15
18
17
15
16
10
19
20
9
20
16
8
8
8
9
13
17
18
8
14
16
16
17
20
13
9
11
10
14
11
19
20
10
12
13
11
7
13
20
7
19
6
12
6
8
19
15
19
17
7
19
9
18
6
7
6
6
10
15

12 40 63 93 107 123 144 165 183 202 228 242 272 292 316 342 367 384 405 432 459 481 504 517 541 570 584 611 634 