300 10 6 
19
14
15
18
8
18
8
20
15
20
19
10
10
8
9
16
13
8
10
20
16
18
17
11
13
9
18
7
9
20
15
7
8
11
10
9
9
15
8
9
15
9
14
7
14
11
19
20
14
20
17
17
11
13
13
10
13
12
9
17
15
18
13
7
17
19
16
15
20
20
6
9
13
15
8
11
6
20
20
18
6
17
6
13
7
10
19
16
9
15
8
10
18
20
10
8
7
9
20
15
9
7
18
15
17
16
15
11
10
16
14
13
10
18
6
10
8
16
6
10
20
10
13
18
9
10
12
18
9
10
11
17
12
15
16
12
10
17
16
10
20
11
13
7
12
11
12
17
17
16
11
13
11
12
7
12
19
11
9
10
7
20
10
13
9
10
12
8
15
17
17
7
13
6
16
16
10
20
8
16
6
13
7
14
20
12
11
13
14
18
11
9
9
18
14
19
14
6
17
13
6
8
10
10
6
10
13
6
14
18
6
6
13
18
10
11
7
6
18
19
16
7
11
16
12
14
8
13
12
16
8
13
18
8
20
6
11
20
7
8
16
15
10
16
19
17
6
17
6
10
8
8
14
8
13
19
8
14
16
19
17
14
12
9
18
16
18
18
20
6
12
11
12
12
10
16
6
16
19
7
12
11
20
15
12
6
12
14
20
10
11
9
19
17
11
11
9
15
15
17

14 36 51 79 104 133 160 182 199 