300 20 5 
8
19
13
19
18
12
11
11
7
14
20
19
6
11
18
11
19
6
8
14
10
14
16
11
18
8
5
19
6
11
19
18
16
18
11
18
7
13
11
12
11
10
13
16
13
19
15
8
5
7
19
7
15
13
8
7
5
5
8
20
19
18
19
19
6
6
13
8
7
12
19
6
7
12
20
7
11
10
13
14
9
16
5
11
19
13
11
16
5
13
13
18
10
12
10
18
19
6
10
12
10
16
12
15
20
12
16
14
5
8
6
7
9
9
7
18
16
7
19
12
9
8
10
5
18
17
15
6
15
10
9
7
9
18
12
16
9
18
8
14
5
6
17
9
10
10
15
20
11
18
6
20
9
13
8
20
20
10
10
8
17
10
20
17
12
8
13
17
15
7
6
15
19
12
6
13
7
12
6
8
15
6
14
16
14
20
16
8
8
13
18
16
17
15
18
18
10
12
5
10
13
19
17
9
6
16
13
11
5
6
5
7
18
12
17
7
16
5
8
10
5
5
17
6
8
16
11
17
12
5
14
18
12
12
17
19
7
12
13
11
15
16
18
9
12
11
9
19
6
9
10
16
19
7
14
18
14
6
7
8
9
12
15
18
20
12
14
7
14
7
16
20
11
19
7
6
6
11
13
10
9
7
12
18
12
13
17
11
10
8
14
13
10
8
16
18
12
10
16
11

27 46 76 101 130 145 159 169 190 201 228 250 268 283 306 332 342 362 375 