350 30 7 
8
17
16
11
7
7
14
14
7
10
8
15
13
10
7
11
15
11
12
12
19
19
8
17
17
10
20
8
18
8
7
18
9
12
19
7
15
12
17
8
11
11
20
8
19
11
13
18
16
20
12
19
11
14
14
7
14
11
20
16
20
13
8
7
11
7
16
18
17
18
17
7
7
17
14
13
7
8
10
19
15
19
11
17
19
8
19
17
16
14
11
19
11
19
18
20
19
11
9
19
19
8
16
8
16
17
14
15
11
12
16
11
9
19
17
7
10
9
15
13
9
12
17
15
19
16
14
20
8
10
19
20
15
7
20
18
14
15
19
17
20
7
10
19
10
13
9
10
12
11
12
14
16
18
7
20
19
19
14
17
11
19
14
20
15
10
19
18
10
14
18
14
13
12
18
10
14
19
14
15
18
14
14
14
11
10
8
19
18
18
8
18
20
8
15
20
17
12
16
11
11
20
9
11
9
17
10
7
15
15
18
14
13
8
19
8
7
9
14
12
7
17
18
9
15
12
14
13
15
11
18
17
13
7
8
17
16
8
9
13
7
7
13
20
13
14
15
9
13
16
15
12
19
10
17
12
19
14
17
14
13
16
8
15
7
15
10
20
8
9
13
10
10
15
9
13
15
14
8
9
15
8
18
10
16
11
14
12
7
8
11
12
12
11
20
10
15
16
17
9
16
20
16
15
8
9
9
7
16
16
16
17
20
14
13
11
20
14
11
10
16
19
10
18
19
20
8
9
12
13
9
12
15
11
15
14
11
19
18
19
12
7
19
7
14
20
12
8
18
11

28 48 78 100 128 147 171 191 218 242 271 290 312 340 365 388 415 438 455 476 492 512 538 557 573 600 621 650 664 