300 50 7 
15
16
14
20
18
20
16
8
10
7
11
18
12
18
19
16
18
15
19
11
9
10
18
16
11
12
16
13
20
7
12
20
14
12
11
10
17
15
13
10
19
11
17
11
17
13
19
15
18
20
19
11
15
18
15
13
16
19
13
9
18
17
7
15
8
12
19
14
10
16
17
15
15
13
18
8
15
8
15
19
16
15
15
12
18
20
9
15
15
13
7
20
10
15
17
8
13
14
16
18
16
17
7
16
8
12
12
19
16
14
19
14
17
13
11
14
7
8
8
19
7
8
17
18
13
16
17
18
16
9
8
18
16
14
11
19
19
9
15
18
13
8
9
8
19
15
8
18
16
14
9
9
19
8
16
20
8
14
10
7
12
10
15
13
14
18
14
20
16
17
11
12
14
17
11
12
11
7
15
20
16
20
18
19
12
7
7
12
11
7
14
9
12
10
15
13
13
18
18
9
7
12
10
13
20
7
12
12
16
14
10
16
18
19
19
19
10
19
10
10
16
20
12
16
7
11
16
14
13
15
10
10
14
16
16
8
15
14
14
12
11
16
8
15
11
8
12
14
18
19
8
19
18
16
16
8
15
7
17
17
17
13
18
12
13
9
20
9
9
13
20
10
11
14
13
7
10
10
17
8
16
10
19
13
9
9
17
12
15
12
10
11
7
14
9
16
15
8
18
18

17 45 67 89 108 128 147 167 197 222 239 262 280 304 324 338 360 382 405 435 457 486 512 532 547 567 591 617 647 666 684 713 727 756 779 803 828 848 862 889 915 932 955 974 998 1017 1032 1061 1075 