300 50 7 
17
17
10
17
14
10
7
7
16
7
17
18
10
11
7
10
20
11
20
11
11
9
16
7
16
14
18
10
15
14
7
8
16
13
11
14
11
9
20
7
15
20
18
7
14
11
9
11
11
8
7
20
15
8
12
20
12
17
8
18
14
12
11
11
7
8
12
20
10
19
17
7
13
13
11
19
13
20
7
17
18
15
19
18
7
11
15
19
7
10
15
11
15
18
7
7
16
18
19
7
9
13
16
17
18
18
14
12
10
10
15
17
14
10
14
17
19
18
13
20
9
7
19
9
18
17
11
7
12
9
10
16
9
17
11
19
9
16
16
17
18
7
11
9
18
15
18
13
12
7
11
15
17
13
12
16
10
9
17
19
17
17
19
8
19
16
18
7
20
20
14
11
14
10
20
11
7
19
20
10
16
10
13
12
14
15
19
14
11
10
10
17
16
18
13
15
8
13
13
16
12
12
20
12
12
8
18
17
18
7
8
9
18
16
9
14
11
19
14
20
7
15
16
20
16
11
16
15
11
19
12
8
17
16
17
8
17
15
16
8
10
13
13
20
8
8
17
16
9
8
18
17
14
15
14
12
12
9
18
20
16
18
17
19
14
9
9
7
20
12
7
16
19
20
8
7
19
18
9
20
10
19
14
19
20
20
19
15
9
11
9
19
10
8
12
18
16
11
8
18

21 39 56 79 105 120 148 172 193 219 237 267 294 309 337 365 391 420 446 461 488 502 528 554 576 599 624 646 664 687 704 728 757 785 801 828 850 872 886 913 934 963 990 1018 1032 1048 1074 1094 1116 