350 100 7 
13
12
16
20
7
19
9
7
12
7
9
13
8
12
10
19
7
9
14
19
10
13
12
20
10
7
10
18
12
7
12
12
10
13
18
19
8
8
11
17
16
11
10
12
10
15
12
12
13
15
19
15
13
15
17
7
7
13
11
14
17
10
13
9
15
19
12
18
8
11
18
10
11
7
7
12
17
7
13
20
13
10
16
10
9
7
15
11
11
20
14
14
9
12
13
13
7
13
14
12
10
19
9
18
19
13
10
7
15
12
11
11
14
8
15
7
8
12
13
14
15
8
7
13
14
17
15
11
17
19
9
20
15
8
14
20
8
19
17
14
15
17
19
20
17
17
14
20
15
12
8
18
10
19
12
8
12
17
19
10
11
7
12
19
7
19
10
10
10
19
20
8
12
9
15
7
17
17
14
18
11
10
14
19
11
13
12
8
10
16
11
15
12
16
7
18
19
16
13
10
17
9
14
10
12
17
14
14
10
9
13
14
10
13
19
20
18
14
11
10
8
8
8
11
13
7
16
7
8
18
11
7
19
10
14
14
12
18
18
9
15
7
9
7
19
13
7
15
9
11
17
19
19
11
18
13
18
8
18
17
11
17
19
16
20
12
17
15
7
8
17
7
15
14
20
16
11
20
7
7
13
18
11
14
8
11
15
8
18
10
15
14
12
13
11
13
20
16
9
12
9
8
18
9
18
17
15
16
14
20
8
17
9
18
9
15
19
9
12
10
16
17
7
16
17
12
13
20
12
12
20
18
8
12
13
20
17
10
11
14
7
13
13
17
9
14
9
7
19
15

18 34 56 82 109 132 150 165 195 218 234 257 272 292 318 344 359 384 409 428 451 476 492 516 533 549 570 594 613 627 653 677 701 723 741 766 787 803 828 847 863 891 905 919 940 958 987 1005 1034 1051 1080 1104 1134 1161 1188 1205 1233 1259 1288 1309 1332 1350 1365 1388 1414 1432 1446 1474 1489 1518 1541 1560 1578 1601 1623 1637 1666 1688 1712 1735 1764 1782 1804 1823 1846 1874 1904 1924 1942 1967 1992 2011 2029 2046 2064 2079 2093 2113 2139 