300 30 6 
12
13
14
13
15
6
9
16
15
8
13
8
19
17
8
14
6
10
15
19
18
20
16
18
6
10
18
15
15
14
15
15
10
8
20
7
7
16
11
11
13
17
14
18
18
9
8
18
9
8
11
11
15
11
7
16
10
20
17
20
18
18
6
20
15
6
18
17
18
17
19
11
16
17
13
6
14
11
15
15
10
8
15
10
19
7
6
8
17
7
9
13
8
17
13
8
15
14
12
16
8
8
18
16
13
7
13
14
14
11
15
6
10
13
15
12
13
15
17
11
14
20
15
8
17
7
16
13
11
15
9
17
8
18
19
7
14
18
10
16
16
7
8
11
19
18
14
10
16
6
6
16
12
14
9
15
11
20
18
18
16
6
9
12
16
15
17
17
16
10
19
9
19
9
20
17
12
16
18
16
13
9
12
7
16
11
13
14
17
12
11
7
6
8
16
6
20
17
12
14
7
10
16
10
19
19
11
8
18
15
19
15
10
16
13
6
14
20
13
15
10
20
17
18
19
10
13
17
19
15
12
18
7
17
13
9
18
17
11
20
7
8
6
12
18
8
14
13
18
11
8
17
16
16
11
15
17
13
6
11
15
19
6
16
19
11
16
17
12
6
20
8
10
15
6
15
10
7
20
18
10
16
10
16
10
11
9
7
14
7
14
10
15
10
14
7
20
19
8
13

19 32 56 82 112 138 158 181 204 227 248 264 283 307 332 360 377 398 425 437 462 492 504 530 544 558 579 602 621 