30 150 7 
19
13
10
17
8
10
10
16
14
7
16
10
11
17
11
18
20
17
7
13
16
20
18
16
15
20
10
12
14
10

17 43 65 86 110 133 148 164 191 216 233 250 269 285 315 337 364 383 401 425 455 485 506 536 554 579 596 624 638 660 684 712 735 749 775 804 830 853 875 891 907 925 952 970 987 1010 1039 1065 1092 1108 1138 1165 1181 1211 1239 1269 1290 1306 1323 1339 1355 1374 1403 1419 1436 1455 1476 1502 1525 1544 1563 1580 1596 1622 1643 1667 1693 1711 1728 1743 1766 1783 1810 1830 1859 1881 1906 1921 1947 1963 1991 2011 2040 2059 2079 2104 2134 2156 2177 2205 2220 2243 2258 2288 2307 2322 2338 2356 2386 2412 2431 2452 2477 2500 2529 2557 2583 2602 2616 2633 2663 2678 2707 2734 2764 2785 2813 2837 2856 2876 2902 2921 2945 2961 2983 3011 3038 3067 3091 3113 3129 3154 3174 3198 3223 3248 3278 3308 3328 