350 150 6 
15
18
18
19
18
15
6
17
7
18
17
13
8
8
11
15
16
12
20
15
10
13
10
19
11
15
13
14
17
16
8
15
8
9
9
9
16
20
18
7
9
20
18
13
14
8
15
7
11
6
9
20
13
19
17
15
18
14
20
20
17
6
17
17
10
12
17
10
20
17
8
9
7
18
15
6
12
7
14
9
15
19
14
18
17
13
8
10
11
13
7
16
6
12
18
20
14
8
18
14
20
12
9
19
14
17
8
12
16
16
6
10
12
20
11
7
12
8
17
6
6
19
11
13
15
20
19
11
16
7
12
6
18
15
9
18
10
20
7
14
10
9
15
17
11
18
13
18
17
7
17
13
14
19
12
6
19
12
18
16
11
15
17
13
20
8
15
14
10
16
17
18
11
11
11
12
12
17
16
13
6
6
17
8
15
14
13
18
14
10
14
15
18
6
6
6
15
9
12
12
9
20
7
8
9
15
15
14
18
10
15
11
13
15
17
13
14
11
6
7
18
11
10
7
8
7
19
14
16
20
11
14
15
13
9
16
14
16
9
8
20
14
8
20
15
6
8
17
19
16
6
13
20
13
14
20
10
19
15
19
13
13
9
15
14
9
19
15
9
14
9
14
7
14
10
10
9
17
10
18
13
7
16
12
18
19
18
10
9
7
17
14
18
11
7
17
17
17
12
15
20
8
19
11
10
12
11
7
15
12
16
10
7
16
19
9
9
18
15
14
20
17
18
13
14
20
19
9
10
19
13
13
16
12
13
8
18
18
19
20
9
12
20
8
12
13
12
12
12
10

14 27 53 66 81 103 125 144 156 184 204 220 249 261 278 298 313 334 358 376 396 418 435 453 472 502 524 542 564 579 601 631 651 665 689 707 736 758 786 803 824 846 873 887 907 925 955 968 997 1023 1036 1066 1089 1117 1142 1170 1200 1218 1248 1263 1280 1309 1328 1352 1382 1399 1427 1440 1461 1481 1494 1523 1548 1566 1586 1604 1621 1635 1664 1684 1699 1715 1738 1768 1786 1815 1832 1845 1871 1898 1920 1949 1978 2001 2028 2045 2068 2094 2117 2146 2173 2195 2223 2239 2265 2281 2301 2328 2353 2368 2387 2407 2419 2445 2465 2495 2517 2536 2550 2562 2577 2589 2616 2633 2651 2670 2693 2721 2733 2756 2784 2811 2825 2847 2865 2883 2895 2912 2931 2960 2985 3008 3029 3058 3076 3105 3121 3145 3162 