200 150 5 
20
11
14
14
20
13
5
8
12
19
7
19
19
9
17
14
9
17
15
17
10
20
7
11
5
6
9
12
13
13
5
5
15
19
13
12
5
10
13
20
11
15
8
13
17
18
5
7
16
5
10
13
16
19
7
16
8
20
6
17
8
14
17
20
20
13
5
17
17
6
6
12
6
8
20
7
11
5
12
7
20
16
17
20
20
6
12
5
12
18
18
12
19
12
5
13
10
18
14
5
16
10
9
8
20
6
17
11
9
9
14
20
15
9
12
15
15
5
14
18
7
9
19
19
7
16
8
9
11
9
14
16
10
13
13
16
14
16
9
16
5
6
20
7
7
8
20
20
9
7
6
15
18
16
19
16
12
17
18
14
13
11
15
10
7
8
11
13
12
15
19
14
6
5
5
9
5
7
16
13
10
5
11
5
5
17
10
9
10
8
12
5
9
16
8
11
14
19
9
5

16 33 49 72 90 104 130 148 175 190 214 244 256 280 302 315 342 363 391 412 433 449 474 500 526 544 567 581 600 614 642 660 676 696 707 734 758 776 799 825 851 871 881 903 914 939 959 971 985 1011 1024 1036 1057 1079 1092 1110 1131 1159 1185 1215 1243 1269 1293 1304 1329 1350 1361 1383 1411 1425 1443 1453 1476 1501 1529 1544 1570 1589 1615 1632 1651 1675 1692 1702 1724 1746 1766 1781 1811 1832 1845 1874 1885 1903 1925 1935 1954 1972 1999 2011 2023 2042 2054 2071 2087 2114 2135 2156 2175 2191 2212 2240 2269 2280 2301 2330 2343 2369 2391 2412 2433 2450 2463 2482 2500 2520 2535 2546 2560 2579 2591 2618 2631 2646 2671 2684 2714 2726 2744 2760 2784 2808 2838 2855 2865 2888 2900 2922 2936 