350 10 6 
13
8
15
10
6
9
14
17
14
11
13
10
19
9
10
9
7
7
19
13
7
13
12
20
9
15
6
10
17
13
15
14
11
13
19
13
7
19
10
19
16
19
16
8
13
7
11
18
19
13
18
16
18
18
19
20
10
7
11
18
9
14
10
6
11
14
19
18
12
7
6
12
7
13
6
10
8
17
15
17
18
14
6
12
20
6
10
8
8
17
20
17
9
13
8
16
17
11
16
19
15
20
17
11
12
18
8
16
16
6
14
19
15
11
8
12
13
20
18
8
16
14
6
13
18
17
15
6
15
16
20
14
13
7
9
9
12
13
17
19
20
11
13
9
20
12
14
19
15
12
7
7
8
15
18
6
11
8
12
12
12
8
17
8
8
15
10
11
7
17
10
9
12
17
11
10
7
20
18
10
11
11
12
18
13
14
6
8
7
17
13
9
17
13
7
12
17
8
8
7
8
9
18
18
14
13
12
19
20
18
14
6
10
8
13
10
15
11
16
6
15
19
7
15
10
19
18
12
13
11
13
13
10
17
8
13
14
16
12
19
7
17
10
20
6
15
15
9
7
15
12
9
18
15
11
14
18
8
6
16
14
18
20
18
13
6
20
16
13
16
13
10
20
18
15
8
8
9
9
7
7
8
7
9
19
20
14
9
8
12
20
14
13
10
16
9
12
16
11
10
16
7
11
18
8
17
20
9
14
20
7
8
9
12
18
11
18
10
9
18
16
7
14
10
20
20
9
10
12
10
10
8
11
18
16
18
13
14
18
8
14
8
6
15
17
14
20
12
15
16

23 38 54 80 101 117 139 154 177 