300 100 7 
18
8
18
13
12
17
7
10
14
12
15
14
20
15
7
9
11
8
16
12
19
11
11
17
11
19
9
12
16
15
16
7
11
10
7
8
19
10
18
16
19
9
14
7
13
12
20
8
16
10
9
19
17
12
12
15
20
15
20
13
9
16
10
18
15
16
17
15
14
14
7
9
20
17
10
7
19
17
15
7
10
18
9
13
9
17
13
9
12
13
15
9
18
20
18
18
19
10
7
10
7
10
12
15
13
9
19
16
15
13
12
14
11
17
15
11
18
16
9
13
12
15
11
12
13
16
17
20
20
13
12
12
20
19
10
10
18
14
18
16
10
9
13
15
18
9
15
15
8
7
8
9
17
20
12
18
19
18
7
12
14
14
20
15
18
12
18
14
14
7
10
15
17
20
19
12
16
16
14
14
11
9
11
19
12
20
19
9
12
15
16
15
15
16
8
11
8
18
17
19
12
7
17
16
17
9
14
14
18
13
13
10
12
11
19
12
18
9
7
20
16
17
12
19
10
12
7
10
12
9
11
18
12
9
18
20
17
9
20
7
12
8
11
19
15
14
20
16
11
14
8
11
10
7
18
17
15
17
9
12
12
8
13
7
10
9
14
19
19
16
11
7
16
8
7
9
10
17
19
9
9
20
14
16
20
8
18
19
20
12
7
17
7
20
8
10
11
16
15
20

20 42 69 85 99 114 137 159 187 207 228 244 264 283 301 325 345 368 392 407 434 464 494 519 548 576 590 615 636 665 695 722 738 768 782 798 824 853 873 893 922 937 960 978 999 1017 1038 1054 1079 1099 1129 1146 1176 1193 1216 1245 1260 1283 1308 1331 1356 1378 1402 1430 1457 1471 1497 1523 1553 1575 1593 1612 1638 1667 1694 1717 1744 1764 1791 1814 1834 1852 1881 1906 1926 1948 1977 2001 2029 2057 2079 2097 2112 2137 2157 2182 2198 2223 2240 