300 40 5 
7
10
12
20
16
20
19
8
15
5
7
20
20
12
15
20
8
14
12
8
17
10
12
17
5
18
17
14
12
7
18
7
8
5
17
9
9
15
13
20
12
11
8
17
20
17
11
9
12
16
9
18
12
18
18
10
10
17
9
9
18
10
8
18
9
17
17
10
15
5
8
13
19
5
16
13
11
19
19
12
20
8
7
12
7
8
13
20
13
7
11
6
20
13
12
15
18
6
6
15
9
13
13
10
12
10
6
14
17
9
14
5
7
13
12
13
10
20
5
7
5
13
15
13
7
8
7
7
10
13
7
16
15
15
18
20
14
18
18
12
13
11
20
14
14
7
18
15
14
15
18
10
11
10
12
6
6
19
18
18
9
12
11
20
11
20
17
19
17
5
12
17
7
17
13
13
16
14
16
8
11
15
12
7
6
6
12
8
7
7
19
8
8
14
12
20
19
19
16
15
15
12
12
19
9
20
17
12
6
11
13
17
8
15
11
20
15
9
7
12
18
10
20
17
15
8
17
8
15
20
9
15
13
14
10
12
8
11
8
17
7
6
19
18
13
20
7
10
14
12
19
11
16
7
12
20
5
20
18
8
8
16
18
13
6
20
14
18
15
15
11
20
12
5
9
19
20
8
8
17
10
6
9
10
9
19
18
10
19
9
7
12
5
13
5
15
16
20
16
14

23 41 65 82 95 123 151 168 184 214 242 265 277 296 310 338 357 369 379 403 414 429 443 473 496 519 531 561 576 588 616 626 639 667 684 708 731 750 760 