350 30 6 
8
16
7
13
13
13
8
6
13
20
19
12
18
6
19
19
9
8
16
17
18
14
11
16
14
12
15
14
13
19
14
7
12
10
15
9
13
11
12
9
17
16
18
14
19
18
9
9
8
7
17
7
15
6
20
9
8
9
7
14
18
14
10
16
17
7
9
12
13
18
9
15
18
19
9
10
12
10
13
16
12
11
9
10
16
20
11
7
11
8
6
6
18
10
20
19
10
20
8
9
15
15
10
12
16
11
18
19
12
16
10
9
16
17
6
12
20
20
10
9
9
20
16
17
20
10
16
17
20
8
8
7
20
7
6
8
10
18
13
14
11
18
12
7
20
18
7
19
18
12
10
6
12
15
17
16
16
11
12
20
15
20
18
12
16
18
20
17
16
14
18
15
8
20
17
10
13
7
17
20
7
9
12
13
12
11
18
17
12
9
13
10
11
19
8
18
12
15
10
17
9
16
11
6
10
10
11
12
8
8
15
16
17
19
14
11
13
20
10
10
8
14
14
6
16
10
13
11
12
11
18
13
13
11
20
18
17
13
17
20
18
19
17
6
16
14
11
10
14
15
9
17
12
20
17
15
13
6
8
17
18
11
14
6
20
13
20
14
14
15
11
18
12
11
16
7
19
16
15
14
6
6
8
12
17
14
7
14
20
10
11
15
10
19
6
11
10
10
7
11
9
10
16
7
11
18
18
14
10
19
16
7
12
17
18
15
15
11
14
11
14
19
13
7
14
14
14
17
18
7
19
6
11
13
8
9
14
16
17
9
19
12
17
16
20
6
9
18
8
19

27 42 58 84 104 125 152 173 185 214 228 245 260 281 309 322 347 369 393 420 447 468 485 500 513 530 543 567 582 