20 100 6 
14
9
10
17
19
20
10
16
9
12
11
12
8
20
19
11
6
20
18
10

18 40 59 86 98 119 146 176 188 217 229 247 262 275 287 301 328 353 383 395 417 435 459 473 492 508 528 555 584 596 614 637 654 675 703 726 752 778 796 820 843 868 888 910 925 948 975 992 1007 1028 1045 1058 1079 1097 1125 1148 1176 1194 1214 1233 1247 1272 1298 1311 1333 1353 1374 1398 1421 1435 1451 1475 1498 1521 1537 1553 1566 1579 1595 1607 1633 1663 1676 1703 1724 1736 1760 1781 1793 1814 1837 1849 1868 1894 1910 1940 1960 1985 1998 