100 100 7 
10
11
9
17
14
20
14
14
17
10
13
19
12
14
12
9
15
12
18
20
9
19
12
20
18
14
15
8
13
14
9
8
20
7
17
10
14
9
18
11
18
10
17
11
7
14
16
12
14
10
17
17
9
18
15
16
14
10
11
10
13
13
17
17
19
10
14
9
10
12
8
13
11
14
11
16
19
14
11
15
7
10
13
17
9
12
8
12
19
12
16
10
10
7
18
13
16
13
20
13

16 31 50 72 90 115 131 153 182 204 227 251 277 298 316 339 360 388 416 439 462 477 493 508 526 555 573 593 617 644 658 673 690 704 722 747 761 787 805 831 855 876 898 913 935 958 988 1009 1030 1059 1083 1098 1128 1152 1170 1197 1220 1241 1261 1286 1316 1343 1364 1381 1396 1421 1448 1471 1500 1517 1540 1566 1580 1598 1617 1637 1659 1684 1700 1717 1744 1765 1789 1803 1823 1846 1866 1893 1920 1938 1954 1983 2002 2018 2047 2068 2082 2107 2121 