350 150 7 
16
8
12
15
17
20
8
13
17
9
7
16
11
15
17
11
14
8
10
12
7
13
9
19
16
19
12
9
17
18
13
15
11
11
14
15
15
9
8
15
9
10
20
14
13
14
18
20
20
14
18
11
12
15
7
10
13
17
8
12
9
14
9
18
20
7
13
13
7
18
19
11
12
15
7
18
12
17
8
7
20
7
8
18
9
18
19
11
16
13
10
12
16
11
9
17
15
12
20
16
13
14
9
18
14
17
14
20
14
20
10
15
17
17
16
7
18
10
7
17
16
10
15
8
10
12
15
15
8
14
10
15
14
20
15
19
16
20
14
16
17
18
16
12
15
16
8
7
18
7
20
15
11
12
9
18
15
17
17
7
9
15
14
7
13
10
13
10
15
15
10
19
16
12
18
17
7
18
17
17
10
9
19
18
8
15
20
7
13
9
17
15
14
17
17
17
10
7
15
8
19
11
18
16
12
12
7
12
19
10
18
15
15
11
12
15
8
11
11
11
13
16
18
8
11
11
16
16
12
17
10
15
15
18
18
19
16
13
11
11
12
7
14
19
17
7
13
17
13
10
10
15
7
17
11
20
14
17
15
20
7
18
10
19
14
10
8
8
14
11
10
19
13
11
18
16
12
7
13
11
20
18
12
19
15
10
13
18
14
13
16
10
14
13
16
15
10
20
9
10
8
16
17
19
14
15
13
9
14
19
8
13
10
19
13
9
10
15
8
18
18
15
17
18
20
11
11
12
18
13
15
15
15
10
12
13
18
15
12
8
11
19
20
10
17
10
11
13
13
12

19 42 62 89 116 141 164 183 198 223 248 266 296 319 346 373 401 426 455 472 499 525 548 569 583 603 629 658 673 691 713 730 752 780 798 821 848 874 889 912 933 957 980 996 1017 1046 1064 1079 1107 1134 1149 1166 1184 1209 1231 1245 1268 1289 1317 1341 1370 1387 1403 1420 1437 1459 1485 1508 1523 1552 1570 1586 1602 1631 1661 1690 1710 1736 1751 1775 1793 1821 1842 1856 1872 1887 1901 1931 1955 1980 2008 2033 2057 2079 2093 2112 2126 2141 2171 2197 2221 2241 2267 2292 2309 2327 2353 2377 2406 2424 2445 2463 2480 2495 2518 2541 2557 2578 2606 2625 2646 2674 2702 2730 2746 2772 2787 2813 2839 2860 2879 2896 2918 2935 2950 2967 2984 2998 3017 3038 3067 3090 3112 3137 3167 3186 3202 3225 3250 