200 100 5 
15
11
15
12
14
11
8
16
14
5
14
6
10
7
20
13
19
16
17
8
19
17
11
14
16
6
18
19
19
7
16
7
10
10
15
14
11
12
13
15
10
16
12
16
13
7
12
19
13
17
12
10
16
18
14
16
5
8
12
11
15
12
8
12
6
7
8
9
10
7
17
14
9
19
19
15
19
11
6
17
13
19
19
10
19
17
6
5
17
5
18
10
19
9
6
14
11
9
15
7
19
5
14
19
20
5
11
10
6
12
10
16
9
15
13
15
20
8
10
5
11
6
15
10
6
7
19
5
16
9
14
15
14
14
12
8
17
14
13
8
12
17
17
9
10
13
19
19
10
12
19
8
13
18
8
18
18
14
6
9
15
15
12
9
18
9
17
19
8
7
17
19
15
19
18
18
7
20
12
13
15
7
8
6
13
18
7
10
13
5
7
18
14
18
18
13
8
14
7
14

29 47 77 87 116 145 163 191 201 226 256 286 313 337 352 379 398 422 449 472 491 503 528 545 565 582 607 632 651 670 699 711 729 751 761 784 807 819 836 848 860 886 905 930 956 979 989 1002 1016 1034 1061 1071 1088 1108 1123 1148 1159 1182 1205 1215 1239 1268 1295 1317 1333 1348 1358 1376 1388 1399 1428 1449 1465 1480 1509 1523 1543 1558 1574 1590 1619 1648 1671 1689 1715 1728 1749 1766 1787 1817 1837 1851 1873 1888 1906 1918 1937 1951 1977 