20 100 6 
15
17
12
13
17
12
18
7
19
8
14
14
6
10
18
8
20
13
11
9

29 59 83 102 121 133 146 173 200 212 226 238 253 279 305 325 349 374 397 427 446 472 502 516 532 548 567 590 613 639 668 692 719 740 756 775 804 817 846 861 878 895 909 924 938 959 973 991 1007 1037 1062 1090 1117 1131 1152 1164 1184 1199 1227 1246 1268 1292 1321 1335 1362 1391 1418 1442 1467 1490 1519 1536 1562 1586 1604 1617 1632 1645 1669 1697 1725 1746 1766 1785 1802 1820 1846 1870 1890 1910 1937 1955 1974 1991 2018 2035 2051 2079 2108 