20 150 7 
13
11
13
9
11
14
18
17
15
9
8
11
12
20
8
9
13
9
7
17

17 37 66 96 117 134 157 173 190 216 242 259 283 309 329 350 372 394 422 448 477 506 530 556 580 603 626 656 673 693 714 728 744 768 792 819 845 866 893 909 928 945 969 993 1020 1050 1079 1094 1120 1136 1152 1177 1198 1223 1250 1270 1285 1300 1324 1343 1370 1384 1398 1423 1438 1461 1479 1493 1507 1523 1542 1563 1592 1607 1622 1644 1667 1697 1712 1739 1761 1778 1792 1817 1835 1860 1885 1913 1927 1949 1970 1994 2023 2049 2073 2102 2124 2146 2163 2187 2202 2223 2248 2277 2304 2334 2352 2376 2397 2420 2445 2462 2478 2499 2524 2553 2578 2603 2623 2645 2663 2686 2700 2729 2745 2773 2803 2817 2835 2850 2877 2900 2928 2943 2967 2987 3009 3037 3062 3083 3097 3119 3133 3155 3173 3201 3218 3248 3269 