350 30 6 
13
17
7
19
6
6
6
13
15
16
16
8
19
13
13
13
6
9
7
14
17
13
11
11
11
9
7
18
10
6
10
13
10
19
18
19
12
16
8
15
6
10
18
7
10
11
9
8
15
20
19
7
20
11
16
15
7
7
17
13
18
15
20
6
12
9
10
17
10
10
11
14
17
6
16
13
8
17
7
20
9
19
11
15
10
8
7
13
16
19
7
8
19
8
18
12
15
12
14
20
8
8
15
8
16
12
6
9
19
20
9
8
13
12
11
8
18
9
6
16
19
11
17
15
16
20
11
9
7
11
19
11
19
11
6
11
7
9
13
14
10
11
12
9
11
17
19
14
10
10
11
14
8
20
15
11
6
7
10
13
9
10
7
6
7
9
17
7
12
20
8
7
17
14
11
7
18
11
17
19
7
7
20
11
17
18
11
19
6
16
20
12
11
11
9
20
16
8
8
11
14
14
8
9
9
19
10
11
14
13
9
17
15
19
11
16
15
19
14
10
15
17
17
8
16
18
13
18
10
10
17
10
10
6
17
9
15
12
9
15
15
16
17
12
10
9
18
13
15
6
7
16
12
11
12
7
8
16
14
11
11
7
9
8
7
16
17
7
9
11
14
7
14
9
6
7
20
10
15
12
17
17
11
18
20
20
20
6
15
14
6
12
7
14
18
16
18
14
18
11
7
8
8
8
13
13
9
15
10
7
10
8
19
9
6
12
10
20
6
20
19
6
18
19
19
20
19
17
13
11
13
7
8
20
16
16
15
6
10
12
13
14
13
20
12
12
10
13
13
16

29 54 72 87 99 113 143 172 189 212 237 262 291 304 324 344 356 378 405 419 443 460 478 500 528 558 580 596 618 