200 20 7 
8
16
9
11
16
14
20
10
14
14
19
20
16
14
7
12
10
11
11
14
8
8
18
9
18
19
14
18
10
14
15
13
19
13
11
7
8
16
13
7
12
15
9
9
18
10
13
14
13
15
12
18
13
12
14
14
11
15
19
11
11
12
17
10
14
7
13
14
11
12
9
10
10
8
18
7
20
19
19
7
13
10
19
13
10
17
10
9
15
11
16
10
19
17
17
9
17
8
8
11
17
12
19
13
16
12
20
12
11
10
8
15
20
7
7
11
11
20
17
10
20
11
16
14
19
14
15
12
20
14
9
17
17
16
16
14
12
19
10
9
17
13
7
9
10
17
10
13
17
14
8
19
10
13
19
7
18
13
20
9
11
13
20
13
9
18
18
11
18
8
7
13
18
10
17
8
17
8
16
20
18
9
19
7
11
18
7
14
19
18
7
10
10
17
9
13
14
7
12
11

15 42 64 80 94 114 129 154 183 209 229 251 278 293 307 326 348 378 398 