300 10 6 
20
16
20
17
11
18
17
8
6
7
12
12
6
12
14
10
19
9
20
17
10
13
9
20
9
19
20
7
11
17
6
12
16
19
14
20
19
13
20
12
10
18
18
14
15
16
14
6
8
18
8
8
18
13
7
18
18
8
9
7
16
8
14
20
15
18
13
12
18
10
8
14
10
7
19
10
18
9
17
16
19
7
16
17
18
7
6
15
9
6
13
12
17
14
11
19
8
20
17
15
11
16
20
11
18
19
9
6
17
15
20
19
20
8
19
15
17
12
14
8
11
10
16
13
20
20
13
13
12
13
8
18
7
10
8
17
9
16
10
11
16
15
9
9
18
14
6
13
20
8
8
18
8
18
12
9
12
14
12
15
19
13
13
9
18
20
9
19
11
14
7
8
19
6
16
10
8
19
19
10
15
17
19
20
16
10
13
16
7
11
6
19
13
15
20
18
11
18
12
18
8
9
11
18
19
8
10
19
19
20
16
19
16
6
20
13
15
15
20
7
12
10
17
12
18
13
16
8
7
10
12
6
17
14
8
10
6
7
9
9
19
16
7
14
13
7
13
6
8
15
11
17
19
16
13
15
18
10
20
12
20
7
6
20
17
11
9
19
20
20
9
7
17
20
7
13
17
9
13
15
15
17
10
19
8
7
20
13
20
9
8
13
8
15
11
18
18
7
17
10

30 52 69 84 111 129 151 180 197 