200 30 5 
11
19
17
16
8
19
10
12
19
13
20
15
11
14
19
11
16
10
13
14
18
15
12
12
9
6
17
14
7
10
12
11
12
12
9
7
8
5
13
10
6
13
18
18
7
12
15
11
12
16
12
13
8
15
5
7
5
13
12
11
6
15
20
10
13
17
11
17
15
5
7
20
20
13
20
10
19
11
13
9
13
6
10
20
9
16
8
18
16
7
15
17
9
8
16
10
8
10
14
7
19
10
15
18
6
19
18
16
7
17
19
14
12
6
12
10
11
12
15
5
18
11
18
8
9
13
9
5
20
17
10
15
13
14
13
13
18
8
19
10
11
7
9
17
15
6
13
7
7
9
16
9
19
19
12
8
12
6
7
18
9
12
9
19
6
7
11
12
18
20
16
18
7
5
8
10
16
14
19
20
6
16
19
5
11
5
5
10
11
11
18
10
15
5
16
11
20
14
14
7

24 37 58 71 97 110 138 149 179 193 218 237 252 262 274 284 303 329 346 366 376 388 410 427 445 474 494 515 533 