200 50 7 
16
11
20
18
15
18
16
11
10
9
15
7
13
9
14
17
9
18
18
16
17
13
17
9
13
10
16
7
14
17
8
18
17
8
13
10
17
15
14
9
17
20
20
7
9
14
10
20
11
13
16
20
10
16
10
9
11
11
14
14
15
7
13
11
9
18
20
18
8
7
8
18
13
12
16
16
19
8
12
11
20
18
18
19
12
11
10
17
12
14
20
14
17
20
13
20
16
17
8
14
17
13
17
17
9
12
13
10
8
8
9
7
17
10
11
11
15
15
7
14
11
7
14
10
13
8
7
11
8
17
8
19
12
18
14
16
12
12
19
13
16
7
16
11
12
12
12
15
19
14
13
13
9
7
13
9
10
20
14
7
13
9
15
14
20
16
19
18
14
15
10
8
10
17
8
10
10
12
13
9
13
14
11
14
17
16
11
12
14
8
13
9
20
19
18
19
15
7
18
8

19 47 74 103 130 146 167 193 207 235 258 280 300 318 337 361 375 404 427 456 484 498 528 556 582 605 631 648 665 687 701 718 748 771 786 808 835 862 892 914 940 958 986 1001 1022 1036 1052 1080 1099 