200 150 7 
18
20
7
18
19
15
14
19
20
15
14
20
19
20
9
7
14
10
7
15
7
9
11
14
16
7
20
14
14
16
20
7
7
9
8
19
17
10
11
15
15
10
17
8
20
10
10
15
8
8
8
14
7
19
14
16
16
10
15
18
14
9
16
18
16
8
12
11
17
12
19
17
10
11
14
12
15
16
11
7
20
10
17
9
9
9
19
12
9
17
18
13
10
15
16
8
16
7
14
18
18
7
10
15
8
12
14
17
14
17
18
20
9
18
16
19
10
19
8
11
18
8
15
8
10
18
7
8
8
10
14
15
17
20
20
8
19
12
18
15
19
18
11
13
17
20
13
18
13
17
7
10
7
19
20
18
7
12
8
20
8
15
17
11
20
11
7
18
13
9
13
15
15
13
15
7
14
20
17
19
12
16
17
8
9
11
13
9
20
10
13
15
7
12
19
12
17
19
18
7

25 40 57 81 111 134 157 184 199 221 246 271 289 318 343 358 381 408 433 450 478 506 522 548 570 597 619 634 648 662 687 701 721 750 769 785 800 818 836 858 875 904 928 951 973 994 1018 1045 1072 1088 1107 1124 1144 1163 1180 1210 1230 1252 1273 1287 1302 1331 1355 1372 1400 1429 1447 1465 1495 1522 1538 1566 1595 1625 1644 1671 1689 1709 1733 1747 1776 1801 1820 1843 1867 1884 1907 1928 1947 1962 1976 1992 2012 2030 2055 2077 2097 2122 2148 2166 2180 2207 2228 2244 2263 2289 2319 2339 2358 2388 2413 2432 2450 2465 2483 2511 2536 2563 2587 2607 2624 2646 2668 2692 2716 2736 2766 2787 2807 2832 2856 2884 2904 2933 2960 2989 3016 3046 3076 3098 3123 3142 3171 3199 3215 3235 3262 3285 3302 