350 10 5 
9
13
7
10
15
18
19
6
6
15
10
5
15
11
9
11
20
15
7
6
20
10
19
8
12
9
11
8
7
5
14
6
6
13
19
14
19
6
12
15
18
15
6
13
10
10
18
19
19
8
8
12
17
20
10
20
16
19
8
11
15
10
19
10
17
17
19
9
18
7
12
16
8
6
14
13
10
8
13
5
5
9
17
14
12
15
14
12
16
8
6
11
17
19
13
13
19
18
14
19
5
14
13
17
14
11
12
14
8
13
18
9
17
11
8
18
16
19
6
8
5
15
14
15
20
7
6
5
20
7
12
20
19
17
5
10
12
6
7
7
11
18
8
7
16
5
7
18
19
9
9
16
7
16
6
16
18
14
5
10
11
8
5
20
5
11
14
18
11
15
7
18
12
13
9
7
10
15
20
20
13
8
17
11
13
20
7
6
16
17
18
6
17
13
17
10
18
17
15
19
19
15
20
5
19
9
12
16
6
18
9
16
7
8
5
18
16
18
10
9
8
6
5
15
13
15
8
15
19
13
16
19
11
13
6
9
7
11
9
12
12
5
12
16
9
18
12
13
8
18
6
16
18
7
6
15
8
5
18
11
15
6
8
11
11
18
5
6
16
13
9
17
5
16
7
10
10
13
16
20
11
13
18
5
6
12
13
12
9
8
7
6
15
5
17
19
13
5
10
20
7
6
18
8
9
12
17
8
19
17
8
15
20
10
8
14
10
12
19
15
9
14
16
8
11
17
18
18
7
14
11
11
20
14
13
9
15
16
18
16
11
6
12
5
9
17
15
20
9
15

19 32 42 59 79 95 106 129 156 