350 30 5 
18
9
15
10
7
19
6
18
16
17
16
12
9
18
14
20
14
14
6
8
19
12
5
15
5
19
5
9
16
16
18
9
19
9
9
16
17
15
19
12
9
9
17
17
8
14
8
6
13
19
15
19
14
7
6
10
9
10
9
20
13
5
5
13
10
6
11
19
6
10
19
10
18
17
18
20
12
12
15
15
6
10
18
15
7
20
15
14
17
5
18
17
19
14
10
13
15
9
11
9
14
12
14
6
19
16
12
13
14
19
12
7
18
11
9
19
8
12
7
19
5
11
7
8
10
20
9
16
10
9
17
13
18
12
13
7
20
16
6
20
20
10
6
7
7
13
9
7
8
7
7
18
13
6
16
18
10
15
9
14
20
16
6
20
8
20
8
6
13
7
9
18
7
11
6
6
14
10
13
20
15
12
6
18
17
12
7
6
10
6
18
16
19
20
18
8
10
10
6
9
6
14
13
14
16
12
19
13
16
8
11
17
5
5
13
12
9
6
17
12
5
19
13
13
17
14
12
16
14
7
16
10
7
13
9
16
5
5
6
18
19
16
11
6
18
8
20
6
14
11
9
12
16
12
18
13
20
6
13
20
14
18
13
17
9
11
6
17
16
16
7
15
17
10
6
11
14
14
18
11
6
5
5
15
20
10
8
9
6
20
12
12
16
5
6
5
18
18
11
8
8
20
13
12
16
13
20
9
17
15
16
16
10
10
13
12
9
5
8
8
13
15
18
17
14
6
19
14
11
8
17
13
20
8
16
15
10
19
12
7
20
19
5
15
19
19
10
11
7
5

16 32 56 85 103 121 134 154 184 195 225 244 259 285 299 313 324 337 347 359 380 396 426 442 464 483 496 525 551 