100 150 7 
12
12
7
18
15
9
10
13
7
20
19
14
12
19
11
17
14
10
11
10
11
10
12
8
9
11
20
19
12
19
11
19
16
15
7
14
13
15
13
19
10
16
14
12
9
12
18
12
14
17
12
11
15
19
20
7
9
20
20
10
16
10
11
7
9
16
16
19
16
16
16
19
14
16
9
18
13
9
10
11
13
11
18
18
12
20
19
13
10
16
12
20
12
17
13
19
9
7
9
15

19 37 58 75 97 111 129 154 177 193 217 238 258 285 309 333 357 376 393 412 433 463 486 511 527 546 573 591 617 641 666 695 716 739 754 779 796 816 833 859 878 902 926 945 961 975 996 1021 1040 1060 1085 1110 1132 1149 1170 1195 1211 1234 1250 1277 1307 1336 1364 1382 1411 1433 1461 1482 1497 1518 1545 1573 1588 1618 1640 1661 1685 1701 1726 1740 1770 1795 1817 1837 1851 1878 1901 1928 1953 1978 2008 2029 2058 2084 2110 2136 2152 2172 2198 2213 2232 2256 2282 2300 2324 2341 2363 2392 2415 2437 2457 2482 2499 2514 2543 2560 2582 2604 2629 2651 2667 2697 2720 2747 2772 2790 2807 2826 2840 2857 2881 2907 2937 2962 2986 3006 3036 3065 3090 3108 3123 3137 3167 3197 3215 3240 3263 3288 3302 