20 150 5 
19
18
15
10
19
12
17
6
11
18
11
19
20
19
18
15
5
13
10
20

24 53 72 101 115 138 159 189 203 218 232 246 273 283 295 307 333 347 359 381 392 420 441 471 501 524 539 550 568 595 613 629 644 655 669 683 709 738 761 782 795 818 833 858 871 899 919 946 956 966 996 1024 1051 1069 1082 1104 1115 1131 1161 1181 1201 1217 1231 1252 1264 1286 1304 1326 1343 1361 1380 1405 1428 1453 1480 1509 1523 1550 1560 1573 1584 1613 1637 1657 1674 1696 1707 1724 1736 1751 1763 1786 1804 1828 1850 1875 1885 1895 1913 1930 1941 1955 1977 2000 2021 2045 2071 2094 2120 2133 2149 2166 2179 2196 2214 2243 2267 2291 2317 2330 2352 2371 2386 2408 2437 2462 2474 2502 2512 2539 2566 2587 2616 2643 2660 2675 2693 2720 2734 2754 2767 2780 2793 2810 2823 2834 2859 2882 2901 