300 10 7 
8
18
9
19
16
14
10
19
12
19
7
13
14
8
17
12
19
16
7
7
16
14
16
7
9
10
12
14
19
18
13
14
12
7
10
7
20
14
14
7
12
8
18
20
9
13
20
9
7
19
8
18
17
20
15
8
20
13
19
14
19
12
16
11
8
15
18
8
17
19
11
7
9
19
12
10
16
20
14
7
10
12
10
12
13
19
20
17
11
7
8
12
14
14
11
20
7
10
10
7
11
16
9
11
19
8
9
8
7
16
18
12
12
18
13
8
12
14
16
16
14
13
15
10
16
18
11
12
14
18
9
17
20
7
13
9
12
19
9
11
11
11
15
10
9
17
13
8
16
14
10
10
8
17
8
7
16
15
17
14
15
18
16
18
12
14
7
16
14
13
19
17
20
11
13
12
16
7
12
18
7
17
11
20
14
9
18
13
15
18
9
12
15
12
9
7
13
8
10
17
9
11
20
7
13
17
19
18
9
16
8
17
10
15
16
14
14
8
17
12
9
11
17
17
11
16
15
7
20
16
8
16
16
9
19
14
15
7
19
15
15
20
18
12
16
16
18
17
9
12
16
15
14
20
15
14
11
7
7
16
15
18
8
8
11
19
9
14
17
7
16
10
7
16
13
18
11
8
19
14
7
17
20
14
12
19
7
9
20
12
10
17
19
18
17
18
14
9
10
16

25 49 71 87 115 129 158 173 195 