20 100 5 
5
6
20
8
20
18
18
5
6
7
20
16
16
5
7
17
14
10
17
7

17 35 61 77 103 113 126 145 156 175 195 208 236 260 281 302 324 351 366 385 410 439 456 472 502 532 550 579 592 618 638 660 673 703 727 740 760 777 792 815 833 860 885 897 918 943 967 997 1022 1040 1068 1092 1115 1135 1162 1176 1195 1211 1225 1250 1265 1286 1312 1335 1363 1373 1397 1408 1434 1455 1477 1506 1516 1539 1567 1577 1593 1616 1628 1658 1681 1692 1718 1735 1747 1763 1776 1806 1833 1848 1871 1885 1908 1927 1953 1970 1989 2018 2041 