20 150 6 
8
6
11
12
13
7
19
17
18
12
17
9
7
17
19
15
17
6
19
14

21 33 61 85 112 137 155 184 198 221 242 254 267 284 299 324 345 362 387 414 432 460 486 504 526 539 553 575 602 616 635 655 680 708 731 755 779 809 837 866 880 892 920 948 965 986 1001 1024 1049 1077 1097 1117 1136 1149 1167 1189 1211 1237 1265 1280 1296 1312 1330 1343 1356 1370 1390 1403 1423 1443 1472 1489 1517 1533 1560 1583 1608 1631 1646 1671 1695 1714 1729 1743 1764 1793 1822 1836 1851 1879 1901 1915 1945 1966 1990 2015 2038 2053 2082 2097 2119 2134 2163 2187 2203 2227 2249 2268 2281 2298 2326 2352 2373 2388 2401 2420 2442 2470 2494 2520 2539 2566 2594 2606 2635 2648 2665 2681 2696 2710 2736 2759 2777 2791 2804 2828 2857 2887 2917 2943 2972 2990 3017 3045 3059 3087 3111 3123 3140 