300 30 7 
10
9
17
19
8
9
17
14
10
15
12
19
8
10
8
10
17
11
8
13
12
9
17
16
20
15
11
8
12
13
14
20
16
14
14
8
18
9
8
20
18
11
8
15
18
14
16
17
11
13
18
7
8
12
17
10
15
15
16
20
19
18
7
19
10
7
10
7
11
7
11
10
7
16
8
20
7
17
12
12
14
8
18
20
17
12
9
13
15
14
10
13
11
20
15
16
15
20
7
14
11
14
14
20
7
14
17
13
11
20
7
20
20
11
10
14
19
13
9
12
9
15
8
13
12
14
19
12
10
11
16
9
11
20
20
8
19
17
18
9
10
9
17
7
12
12
17
20
11
20
12
20
19
10
16
9
10
14
12
10
7
11
7
13
10
19
13
9
9
20
17
16
12
10
15
18
18
15
11
9
9
9
10
12
20
11
7
18
9
19
9
14
9
19
14
7
20
12
9
10
8
20
11
17
11
13
20
18
15
17
7
13
9
10
14
18
12
14
14
20
17
17
9
14
10
15
11
16
18
8
16
17
11
13
16
9
15
17
17
19
14
16
9
12
20
13
8
14
13
7
8
10
7
12
16
17
14
19
9
8
8
15
19
9
12
7
15
18
20
17
9
12
16
18
20
15
15
11
8
19
17
20
10
11
11
9
17
10
17
16
14
9
18
11
14
7
9
18
14
9

21 45 61 81 105 120 140 154 174 194 222 239 266 291 307 323 342 368 385 409 430 449 477 501 522 537 557 582 602 