350 20 7 
7
13
9
8
14
17
13
12
9
12
19
14
9
11
15
7
15
7
14
16
13
20
20
8
7
9
14
7
13
9
9
16
16
9
19
15
9
11
18
11
13
12
11
16
20
14
16
16
9
20
16
8
17
7
17
11
8
13
18
19
10
10
15
9
7
8
9
9
20
19
10
7
15
12
12
13
9
18
12
13
15
19
8
20
10
14
11
18
13
11
10
12
15
18
13
14
14
16
8
20
13
12
19
14
10
11
19
15
8
10
11
12
11
8
12
13
20
17
11
15
16
12
20
12
8
17
14
8
14
14
18
17
17
11
9
9
12
8
14
16
10
13
7
9
7
16
18
7
9
15
7
13
15
13
12
9
16
10
9
17
14
7
8
7
17
17
16
10
13
14
20
13
7
11
13
11
10
15
8
16
18
15
17
12
15
13
20
8
10
19
9
11
16
20
9
12
7
16
17
18
8
16
14
13
9
7
16
20
10
18
14
18
9
8
8
17
14
9
19
10
7
18
20
17
12
8
7
18
19
17
8
10
18
10
14
8
19
13
17
10
17
14
16
19
14
19
14
14
10
8
8
11
12
17
8
11
10
7
15
20
10
9
17
20
19
13
13
13
7
16
12
9
19
12
14
19
20
14
13
16
12
11
8
12
8
8
11
7
8
9
12
11
12
15
17
14
13
12
16
18
8
8
11
15
19
13
14
10
16
7
17
9
18
17
17
13
16
8
15
15
10
13
14
17
7
20
9
18
18
8
12
19
20
16
15
8
10
10
14
7
7
20
9
7
14
9
19
18
13
16

16 32 49 67 97 115 141 161 185 208 222 238 263 292 310 340 365 392 414 