20 150 6 
7
19
7
13
17
7
17
7
20
19
9
6
11
13
7
14
19
20
9
9

19 32 50 72 86 110 137 164 194 221 237 263 291 320 346 370 390 402 423 446 470 495 510 535 549 570 598 616 630 654 683 709 726 742 763 793 812 842 867 895 908 935 955 979 997 1023 1038 1059 1082 1110 1127 1147 1173 1201 1222 1246 1270 1283 1306 1328 1348 1373 1393 1422 1444 1458 1478 1492 1508 1537 1560 1572 1587 1601 1625 1642 1670 1682 1700 1712 1731 1749 1769 1781 1806 1836 1861 1888 1917 1929 1949 1965 1982 2011 2024 2049 2079 2108 2124 2150 2169 2188 2217 2243 2257 2285 2312 2326 2338 2365 2377 2395 2407 2419 2441 2459 2480 2499 2525 2553 2568 2593 2613 2633 2660 2686 2707 2722 2747 2760 2779 2792 2814 2844 2863 2884 2898 2926 2949 2973 3000 3022 3037 3050 3072 3090 3102 3120 3134 