200 20 7 
8
7
8
18
9
13
9
19
7
14
10
14
19
19
19
7
10
14
12
8
14
8
15
18
20
12
14
7
18
8
7
12
7
13
20
15
19
13
17
15
13
11
18
10
10
17
13
13
16
13
9
20
8
8
20
10
18
15
15
16
9
8
15
15
16
20
8
17
17
14
20
18
16
13
11
19
13
18
8
11
13
16
7
8
14
8
7
18
13
19
15
8
11
19
18
20
14
13
11
7
12
10
17
14
10
8
18
7
9
11
16
19
9
9
13
20
12
18
12
8
15
16
15
19
16
19
19
9
14
7
20
15
12
9
15
14
20
11
16
8
15
15
18
9
12
7
18
12
7
14
20
11
15
20
19
18
8
8
8
8
7
9
20
13
7
16
15
19
8
17
18
14
17
10
13
15
17
14
7
7
16
19
14
10
13
9
10
8
7
11
13
13
9
8
9
20
15
13
7
19

30 48 75 91 108 122 149 176 198 228 252 278 306 332 350 367 397 416 430 