100 150 5 
20
11
14
15
18
8
9
14
20
15
7
5
14
9
19
19
14
8
5
14
5
13
10
20
6
14
17
19
12
6
7
6
17
13
6
17
12
9
9
15
10
5
19
9
16
17
17
10
16
10
13
17
11
11
20
7
6
20
10
18
15
11
13
9
17
17
7
8
7
6
8
6
14
14
19
5
14
5
7
10
10
18
18
14
6
9
17
20
8
19
10
12
18
17
14
7
15
15
9
12

13 29 53 83 107 127 152 165 184 204 223 236 251 279 303 329 346 368 389 403 426 449 461 476 494 519 534 551 575 595 605 625 643 662 686 714 735 758 777 787 813 823 845 872 896 922 937 955 971 993 1023 1052 1081 1106 1129 1140 1166 1194 1217 1240 1254 1282 1303 1332 1344 1359 1375 1385 1408 1435 1455 1480 1500 1515 1544 1554 1566 1581 1610 1634 1664 1682 1693 1715 1736 1750 1769 1784 1796 1807 1821 1837 1863 1879 1897 1915 1939 1966 1991 2013 2026 2045 2064 2084 2105 2122 2136 2148 2164 2186 2215 2235 2254 2276 2297 2325 2339 2352 2366 2389 2405 2428 2451 2461 2489 2508 2538 2565 2595 2624 2650 2663 2682 2698 2708 2725 2742 2755 2778 2796 2820 2834 2850 2873 2897 2909 2934 2949 2967 