350 30 5 
7
8
20
19
13
12
8
9
5
6
19
16
12
19
12
17
20
6
14
11
17
8
12
9
6
15
18
18
12
19
14
15
19
12
14
18
12
16
12
20
6
12
7
15
7
16
20
14
14
16
5
19
7
8
9
7
14
17
5
7
7
17
16
12
13
7
5
11
10
7
20
15
7
19
10
20
20
11
19
6
10
5
13
9
15
17
15
10
10
7
9
5
7
18
14
8
13
16
15
8
14
10
10
19
15
18
19
6
9
11
17
16
16
13
13
6
18
8
6
8
17
9
8
20
20
11
14
10
11
16
6
16
18
17
5
6
8
17
10
12
16
8
7
19
7
15
13
18
7
8
7
10
12
16
10
12
6
7
11
9
14
15
17
10
12
19
13
18
8
10
8
16
15
12
12
9
8
20
5
5
8
6
9
9
19
20
6
6
20
12
10
15
15
20
9
16
5
8
11
13
8
19
20
9
15
12
8
9
11
19
14
8
11
13
20
12
14
12
20
8
8
18
5
19
6
7
5
9
5
9
6
17
15
20
6
15
8
19
19
11
8
5
15
17
10
19
17
10
20
16
12
11
8
18
19
13
11
17
13
13
19
14
6
5
7
6
6
10
17
7
6
7
7
17
16
10
11
16
7
13
15
10
7
8
13
20
13
5
6
10
10
20
9
14
20
16
6
17
13
18
19
16
8
5
16
16
10
9
6
13
14
12
5
16
12
6
14
15
10
19
14
9
18
6
13
18
6
12
5
12
18
15
7
7
18
13
10
10
20
8
5
18
14
14
15
10
19
12
5
12

24 53 68 96 124 138 157 183 203 222 249 265 293 304 334 344 374 389 406 419 442 454 476 489 516 541 555 583 608 