20 100 6 
7
19
20
15
11
13
19
15
7
17
15
6
9
18
8
16
8
8
14
17

13 32 58 75 91 121 146 172 192 220 242 259 281 302 316 335 352 366 382 402 431 460 482 500 514 538 563 585 601 625 655 667 692 710 732 755 777 798 815 834 849 867 881 905 934 955 971 984 1000 1022 1045 1075 1102 1125 1139 1153 1169 1184 1214 1233 1254 1276 1289 1310 1331 1346 1359 1378 1397 1417 1442 1454 1470 1487 1507 1522 1546 1561 1585 1610 1630 1654 1673 1689 1709 1735 1752 1781 1810 1831 1848 1873 1897 1912 1929 1956 1978 1990 2018 