200 40 6 
9
14
7
19
7
12
19
9
9
19
20
14
9
8
8
6
9
15
10
9
9
8
8
9
14
15
16
7
16
6
17
12
9
10
6
19
20
17
11
10
16
11
9
14
10
16
6
19
15
8
13
6
16
19
15
7
20
12
14
14
9
15
12
7
10
6
17
16
7
9
11
17
13
18
11
20
15
17
10
20
18
16
13
14
18
18
9
12
13
9
12
17
11
14
17
7
17
20
7
18
6
18
13
10
19
12
17
10
17
18
8
9
19
9
12
14
18
7
11
9
15
19
19
6
7
6
10
9
19
12
8
20
8
16
20
7
6
18
15
19
14
10
20
15
20
12
18
12
10
14
11
9
7
18
8
11
17
20
12
14
11
19
19
7
8
20
20
7
20
8
17
14
6
20
8
13
19
19
19
15
16
20
17
9
8
16
18
8
15
18
8
17
14
11
11
18
17
13
16
18

20 44 71 98 124 144 165 181 208 224 241 259 285 308 332 347 377 407 434 449 476 489 504 518 531 550 562 587 613 625 642 654 673 702 715 737 754 775 804 