100 100 5 
15
13
7
11
9
18
12
13
11
16
18
7
12
18
13
11
19
20
17
12
7
16
7
16
7
9
16
5
11
7
9
18
10
5
15
16
13
7
5
9
20
16
20
15
8
19
19
16
16
8
7
8
8
17
12
7
15
13
5
5
15
13
16
20
19
6
13
5
20
6
17
13
20
10
6
9
15
15
5
15
14
8
7
7
14
16
8
11
17
16
13
11
20
19
7
19
16
7
9
17

17 30 40 68 85 100 112 129 148 167 185 206 221 251 272 285 311 335 362 374 389 409 421 442 471 499 519 549 566 580 610 634 660 681 711 725 736 758 781 807 831 861 878 901 911 940 957 984 996 1016 1030 1058 1072 1095 1111 1125 1135 1157 1183 1193 1207 1235 1245 1260 1278 1290 1301 1319 1329 1339 1363 1373 1392 1415 1439 1463 1477 1504 1521 1536 1556 1570 1584 1594 1612 1641 1655 1673 1696 1713 1737 1766 1776 1802 1828 1839 1853 1879 1903 