10 150 5 
19
19
12
7
18
14
16
10
11
13

12 30 42 55 76 98 122 135 145 160 179 195 223 241 251 268 280 296 319 349 364 374 386 405 423 440 470 482 507 520 531 546 565 585 600 624 651 663 686 699 727 743 771 801 827 851 876 892 915 944 972 995 1017 1041 1059 1089 1106 1135 1158 1182 1208 1231 1252 1282 1306 1317 1330 1357 1380 1399 1429 1442 1470 1481 1493 1515 1535 1553 1578 1592 1607 1629 1647 1667 1686 1708 1734 1759 1782 1799 1814 1836 1857 1885 1912 1935 1960 1990 2016 2026 2041 2066 2094 2117 2144 2169 2198 2216 2246 2270 2296 2319 2343 2367 2380 2409 2419 2435 2463 2475 2504 2527 2548 2575 2604 2633 2654 2672 2692 2707 2734 2744 2767 2795 2805 2816 2834 2853 2868 2883 2896 2919 2936 2958 2970 2985 2995 3010 3040 