350 40 6 
18
19
6
9
8
20
10
13
20
8
7
19
11
9
8
9
16
9
15
9
19
15
19
12
20
10
13
11
20
13
19
13
17
19
13
9
18
13
11
18
10
15
18
11
14
6
8
7
10
15
18
15
16
19
19
14
8
18
7
15
16
14
11
10
9
17
7
14
16
19
20
8
10
6
19
12
19
11
11
6
19
14
11
14
9
12
13
18
7
17
7
11
11
9
10
19
10
12
12
12
16
6
19
9
18
10
6
16
20
13
20
9
12
14
11
12
17
7
10
13
16
15
13
17
15
11
9
16
10
9
11
20
19
9
15
11
11
19
20
14
19
14
9
10
10
10
16
10
19
20
14
7
15
11
11
17
7
17
9
13
6
8
18
13
16
11
12
7
11
9
14
19
6
19
17
17
8
12
10
10
16
19
19
16
6
19
13
11
16
19
19
7
7
6
17
8
19
9
8
11
13
18
10
19
9
8
11
12
20
15
12
18
10
14
6
17
17
10
13
10
16
7
6
11
18
10
20
13
14
18
10
6
9
16
14
10
10
16
11
15
14
14
7
9
14
10
19
14
19
13
20
10
8
10
18
11
20
13
8
10
13
20
17
18
7
11
8
19
17
10
14
14
13
13
17
16
15
18
8
11
7
14
6
10
13
11
19
13
15
20
15
20
14
8
20
20
15
10
11
9
8
8
15
15
19
8
20
20
6
13
15
7
9
6
15
13
20
17
17
12
7
17
7
7
17
9
15
12
20
7
13
13
17
15
17
19
12
16
7
11
9
7
11
11
20
12
17
13
6
11

25 55 83 113 136 165 185 207 236 254 282 296 311 326 345 375 398 424 452 465 478 492 515 531 543 555 573 587 612 631 643 661 681 697 714 737 764 783 796 