300 50 5 
14
18
14
12
14
8
12
8
13
15
17
5
13
8
15
18
19
16
14
20
15
20
20
11
17
9
6
7
10
10
13
11
17
19
13
16
7
14
18
12
13
12
12
5
20
7
12
17
5
5
15
16
18
15
11
12
12
19
8
15
7
7
17
6
11
15
10
5
13
16
20
11
13
6
16
7
17
19
16
11
18
9
20
16
20
10
19
11
12
14
8
14
14
5
15
18
5
13
16
19
6
6
12
12
6
20
5
5
11
5
19
10
17
20
20
14
15
13
19
16
9
17
13
13
7
13
16
6
5
6
5
19
12
8
15
7
17
15
20
6
12
5
12
5
12
13
8
18
10
15
20
19
11
6
16
19
10
6
11
10
5
18
17
12
6
13
8
5
20
15
5
19
11
10
20
5
10
14
7
18
12
10
14
13
10
19
8
8
15
10
9
7
11
9
13
6
11
14
12
13
9
12
15
19
16
14
18
17
20
13
10
8
15
20
8
5
14
18
14
20
14
15
18
20
17
19
17
9
5
19
6
7
7
13
11
14
19
7
15
17
16
19
8
11
10
6
11
20
15
8
10
16
15
14
13
9
13
7
20
14
11
20
12
12
5
12
16
12
13
14
18
13
7
8
10
20
5
7
14
17
6
16
19
19
10
15
19
14
9
14
15
13
5
9
6
19
13
15
7
6

27 39 53 76 96 125 153 165 179 199 212 225 245 266 282 301 313 329 344 373 401 430 456 470 481 509 524 554 568 588 612 623 637 660 690 705 720 741 760 789 818 840 862 880 907 921 944 963 974 