400 10 7 
19
12
12
10
18
7
13
18
8
14
20
18
7
19
20
19
9
18
15
12
18
8
10
8
10
11
9
19
13
9
8
19
8
12
20
7
11
17
20
13
19
9
11
7
11
14
14
9
14
17
7
14
10
7
9
11
11
8
10
10
19
8
11
18
17
16
12
20
19
16
13
19
10
14
17
10
12
13
8
17
16
13
18
8
17
18
7
8
13
13
13
15
12
12
11
16
8
11
14
18
16
18
19
20
11
20
10
19
8
15
11
17
7
7
14
17
10
16
15
7
18
19
9
14
18
16
15
18
15
10
10
13
18
20
9
8
18
10
14
10
9
12
14
11
19
15
13
17
19
16
19
7
7
17
8
7
7
13
13
16
13
12
9
16
18
7
14
7
16
16
18
11
16
11
13
11
7
18
12
9
12
20
18
15
18
12
12
17
10
18
13
15
14
12
10
15
11
16
7
8
8
15
11
20
19
17
16
17
8
11
9
15
11
16
7
19
7
17
16
20
11
18
16
11
11
20
18
8
9
14
20
19
9
10
20
9
18
11
14
14
20
13
16
19
11
19
14
18
9
16
13
13
18
18
19
15
12
19
17
13
12
20
13
19
16
16
13
18
7
12
11
10
9
15
13
15
17
7
10
14
18
10
13
16
12
17
8
15
19
12
17
16
10
13
9
19
17
20
8
20
19
17
13
19
11
13
15
7
12
19
17
7
9
13
15
20
8
19
20
8
17
12
19
11
17
17
19
9
14
19
13
13
7
7
12
19
13
8
18
11
17
16
16
13
18
20
8
7
16
9
16
7
16
12
18
15
19
19
11
15
19
18
20
13
9
19
11
12
15
8
19
12
9
13
18
12
11
13
8
13
12
10
10
7
14
17
7
14
16
7
20
15
10
7
15
10
11
8
17
12

14 32 61 78 104 129 153 179 200 