300 50 5 
14
15
16
7
17
18
18
12
13
14
9
16
5
14
9
9
5
8
8
14
11
8
10
10
5
12
12
15
13
17
16
14
19
14
11
20
9
15
12
6
5
5
15
16
18
12
16
10
8
13
19
13
13
5
19
5
12
6
10
7
5
12
17
20
5
19
8
14
8
7
8
11
12
11
7
8
8
14
12
16
12
11
19
13
11
17
19
14
6
19
14
10
11
15
9
19
14
20
14
14
6
16
14
19
12
8
10
16
15
13
19
19
12
11
16
7
12
18
17
14
13
10
18
16
6
19
18
19
5
11
20
12
12
20
5
5
12
5
16
15
16
15
14
10
13
19
18
18
8
18
20
12
9
5
12
18
14
14
18
11
19
15
19
15
17
10
6
9
20
8
16
14
18
14
5
13
9
12
16
7
7
8
5
17
16
11
5
8
12
10
18
20
15
8
19
16
13
9
10
9
13
10
19
20
13
16
16
5
7
15
20
14
18
12
12
5
12
20
5
9
7
14
9
6
17
14
12
6
9
11
6
11
14
20
18
10
10
15
7
10
15
18
20
14
17
6
17
15
20
8
19
14
7
17
17
8
18
9
5
10
11
7
5
7
15
12
19
8
16
18
17
19
10
15
9
16
10
14
12
8
17
15
9
14
5
13
16
18
8
17
8
20
14
5
14
6
9
12
14
5

21 40 67 85 115 137 159 184 198 211 230 252 266 290 304 317 338 358 374 384 411 423 438 453 464 476 496 508 525 538 567 591 601 618 637 664 688 699 719 740 759 774 796 822 843 853 864 885 914 