300 20 7 
7
14
9
8
14
12
9
10
7
20
11
18
8
8
20
18
20
14
17
9
10
19
8
15
14
8
16
19
14
8
19
14
9
12
11
16
18
18
14
11
14
9
15
19
15
10
15
9
19
14
16
14
20
11
9
15
19
9
16
13
11
8
9
7
20
10
19
11
9
8
20
16
14
20
17
20
9
18
14
10
19
19
15
20
18
15
16
15
12
12
16
17
18
18
14
11
20
13
9
18
7
11
11
17
10
10
7
13
20
20
11
15
12
14
16
20
20
20
15
13
17
12
8
16
11
13
7
20
11
16
19
15
20
19
12
14
8
14
14
19
20
9
12
12
17
18
13
14
10
19
17
9
20
7
9
10
16
16
16
19
18
20
20
9
14
8
7
7
7
9
7
10
9
14
15
9
18
14
19
9
16
13
15
15
16
8
13
20
12
15
15
18
14
10
17
8
20
20
11
14
15
20
11
11
20
10
19
13
18
19
16
19
15
17
8
17
13
16
8
14
13
13
8
17
19
19
18
17
10
18
17
19
14
13
10
12
20
10
16
16
9
10
10
8
12
16
18
13
17
14
14
13
10
10
19
11
9
15
16
10
16
7
19
18
17
14
18
17
19
13
14
9
11
8
15
20
17
11
13
11
13
19
8
11
9
8
12
14
15
13
20
15
13
16
8
19
20
18
9
18

24 38 57 86 108 129 159 187 204 225 246 267 294 321 343 372 390 413 431 