100 100 5 
14
15
14
14
20
16
18
9
13
5
6
10
6
6
12
8
9
6
15
5
18
19
5
15
16
11
17
11
14
18
12
15
19
17
5
14
7
17
6
10
7
8
9
5
10
19
11
8
20
5
16
8
11
15
7
5
9
17
15
5
18
15
10
17
6
7
17
14
9
18
8
15
17
10
20
9
15
11
10
7
18
12
10
15
9
16
11
20
7
8
8
13
11
11
12
6
17
9
11
6

22 38 52 69 98 115 126 141 156 184 198 214 227 250 268 282 308 320 340 360 372 400 411 421 440 453 480 510 522 533 555 569 595 617 644 655 676 689 700 720 730 757 782 812 826 850 873 899 929 940 962 986 1010 1030 1057 1072 1096 1118 1131 1157 1170 1185 1215 1238 1266 1291 1306 1333 1348 1374 1387 1399 1420 1449 1478 1503 1529 1559 1577 1603 1632 1649 1677 1706 1725 1749 1777 1791 1805 1815 1829 1839 1868 1881 1900 1915 1937 1951 1967 