100 150 6 
9
12
10
16
11
14
13
8
15
7
19
13
8
10
15
15
15
8
10
10
20
11
16
7
12
10
16
16
6
20
7
10
12
13
9
12
9
18
9
7
19
8
7
11
20
13
14
8
20
9
12
8
11
7
12
7
19
15
12
8
18
18
11
7
19
6
14
16
10
11
19
19
15
7
14
10
15
12
12
18
19
10
17
6
17
20
14
13
11
6
14
20
11
14
15
6
14
18
8
20

27 54 69 83 103 127 150 176 200 217 237 257 275 288 302 318 334 350 364 394 407 426 448 475 496 508 534 551 577 592 613 627 655 685 715 735 765 795 811 824 838 862 875 894 917 945 958 986 1013 1030 1051 1068 1082 1094 1114 1128 1154 1177 1197 1222 1243 1270 1290 1302 1327 1354 1369 1389 1411 1435 1452 1467 1492 1518 1542 1562 1579 1599 1627 1641 1671 1692 1705 1734 1751 1768 1796 1820 1834 1861 1891 1908 1927 1953 1983 2002 2023 2051 2065 2092 2106 2126 2156 2175 2204 2217 2235 2265 2286 2314 2338 2367 2389 2417 2437 2454 2473 2494 2515 2537 2560 2581 2596 2618 2643 2668 2693 2715 2735 2759 2787 2814 2834 2857 2869 2895 2916 2933 2950 2972 2995 3012 3032 3044 3062 3089 3105 3125 3154 