350 40 7 
15
7
11
16
19
19
15
18
13
18
10
18
12
10
9
19
8
15
10
7
7
18
19
17
17
18
17
8
13
16
14
13
13
11
14
9
18
17
15
13
8
17
16
9
17
11
8
10
14
7
12
19
20
17
8
11
19
11
15
10
17
9
9
16
17
9
8
8
8
11
12
7
17
18
9
10
19
18
19
10
8
13
8
18
17
12
13
14
17
18
14
18
10
7
17
10
17
8
15
15
10
12
16
16
18
18
13
11
7
7
18
9
16
8
17
11
13
10
11
20
14
20
20
16
8
18
13
15
15
13
19
8
19
9
18
7
12
19
14
13
15
17
11
19
13
20
17
18
20
20
9
14
16
15
7
15
15
12
18
17
20
9
12
12
14
12
11
13
16
17
7
9
9
17
8
15
19
8
9
8
8
13
11
7
17
20
15
9
11
19
8
13
20
17
15
16
12
12
16
10
16
15
13
19
18
8
17
20
14
11
9
9
8
20
19
9
8
9
17
10
14
8
20
17
9
12
7
8
13
7
13
20
8
8
15
14
10
9
19
8
15
20
8
16
20
10
9
12
17
19
19
19
7
20
19
20
14
14
17
19
17
17
12
7
18
10
15
20
13
13
15
16
10
8
13
17
16
18
9
7
19
14
13
10
15
9
15
16
15
20
13
19
15
7
16
13
17
12
13
19
12
9
8
8
13
18
18
8
13
11
19
17
8
11
14
9
14
16
18
20
9
13
8
8
15
14
18
17
13
10
20
19
9
14
8
8
17
15
8
17
7
15
20
16
12
7
15
10
20
7

26 41 63 88 105 130 155 173 193 220 240 268 287 315 334 355 371 386 406 426 444 461 478 508 529 545 562 590 610 635 655 677 702 717 732 746 772 798 817 