100 150 6 
19
20
10
9
18
13
15
7
6
19
7
17
15
19
13
13
11
7
19
13
6
12
17
20
14
6
9
12
9
18
19
19
13
19
6
18
17
13
13
17
7
7
7
9
6
6
14
9
6
17
10
9
6
17
8
17
20
10
9
17
19
10
8
17
9
19
12
17
14
20
17
13
16
20
6
16
12
19
10
15
14
17
15
16
8
17
11
15
14
10
13
11
17
8
10
13
18
11
16
8

23 51 76 100 121 147 159 171 200 219 237 254 281 308 336 356 386 406 436 452 476 503 523 540 570 589 602 615 630 651 671 696 725 737 751 775 793 815 835 859 881 898 917 943 958 984 1006 1022 1046 1058 1084 1096 1114 1126 1142 1171 1186 1202 1221 1251 1279 1306 1325 1340 1361 1388 1404 1434 1458 1482 1510 1526 1539 1554 1572 1601 1628 1658 1688 1714 1728 1750 1779 1807 1831 1859 1873 1887 1903 1922 1941 1964 1993 2017 2044 2058 2085 2113 2143 2155 2173 2190 2202 2222 2249 2268 2291 2308 2333 2345 2360 2385 2407 2426 2455 2469 2486 2505 2528 2548 2578 2601 2620 2644 2671 2692 2707 2724 2740 2769 2781 2805 2819 2849 2871 2891 2909 2936 2953 2974 2987 3006 3024 3050 3066 3088 3111 3133 3145 