350 50 6 
9
13
15
8
16
17
11
15
13
19
8
13
15
6
12
20
14
16
8
11
7
19
16
19
14
9
16
10
14
13
8
19
18
20
7
20
19
11
6
16
20
20
19
8
11
15
6
13
14
19
14
19
19
12
9
15
7
14
19
8
20
16
12
19
7
6
9
7
17
10
13
15
13
11
8
8
12
16
20
12
18
6
15
8
7
20
17
13
18
14
14
14
8
12
18
11
15
6
13
13
19
20
13
17
17
10
11
18
7
15
16
10
12
19
8
9
10
13
6
7
19
9
15
17
20
10
14
14
8
18
11
17
10
9
11
7
15
7
17
6
12
19
18
16
10
14
8
7
17
6
20
6
12
11
6
19
11
16
19
9
14
11
11
13
8
15
13
16
13
9
12
10
7
10
10
6
7
20
12
19
19
10
11
17
10
13
6
7
9
20
16
14
11
19
12
10
11
14
10
15
13
12
13
15
8
14
10
10
17
10
18
18
17
12
16
19
17
16
10
10
14
17
9
18
17
12
16
11
12
10
14
17
19
12
6
18
18
16
11
11
9
16
11
14
14
10
9
17
15
8
16
16
13
18
19
13
20
17
15
11
13
11
10
6
8
10
19
19
12
7
6
6
15
6
18
17
7
14
6
10
11
6
13
13
8
7
20
8
20
9
19
14
11
17
10
11
16
13
15
14
10
11
6
15
9
14
10
9
12
12
12
18
6
9
14
12
15
15
19
12
10
16
12
9
18
7
8
6
18
16
6
14
15
13
18
10
11
10
15
17
8
8
19
15
12
6
9
6
9
9

22 34 52 66 94 112 132 152 174 186 203 220 250 272 291 318 332 348 367 393 410 425 442 454 473 497 522 549 571 583 596 621 643 671 692 712 742 770 792 822 838 867 895 925 948 967 987 1008 1033 