350 10 7 
13
13
13
7
8
17
18
8
9
7
9
20
12
19
7
14
14
20
12
10
9
15
9
10
20
8
15
19
12
7
19
15
10
7
16
20
18
16
11
15
19
13
14
12
20
14
20
13
7
19
8
17
19
15
13
12
14
17
19
20
19
12
13
13
12
8
7
16
10
19
12
8
14
18
7
7
18
15
19
20
11
19
7
19
10
17
11
15
14
10
19
12
9
18
7
11
11
15
7
7
19
20
10
9
14
10
17
18
13
15
16
8
19
20
10
10
9
15
16
19
18
8
14
10
11
18
20
11
12
8
18
13
19
12
12
17
17
12
18
15
9
13
7
17
16
8
18
10
17
14
14
11
11
16
18
14
8
14
20
8
9
15
20
7
19
14
12
16
19
19
9
14
7
11
14
17
19
10
15
16
15
17
13
20
9
20
10
8
9
16
15
7
20
16
7
17
12
18
8
8
18
16
16
7
7
8
17
18
11
19
9
14
8
17
7
17
9
14
12
9
7
7
14
11
14
15
17
9
9
11
13
16
9
19
20
7
16
17
12
15
12
13
14
13
10
18
19
13
17
16
9
11
14
8
17
10
14
10
10
20
17
10
14
15
17
16
7
13
12
12
7
14
15
18
10
13
14
11
13
15
18
18
9
12
11
16
15
11
20
9
10
18
7
9
19
14
11
15
8
17
9
20
13
13
10
13
12
20
11
15
12
20
17
16
14
13
16
17
8
20
9
8
12
9
18
15
19
19
13
20
20
7
17
17
16
9
9
8
12
17
12
14
19
9
18
18
16
20
17
7

20 34 59 73 99 127 151 172 198 