100 150 6 
17
10
18
14
17
6
12
7
12
6
19
6
6
11
10
15
6
13
16
17
7
9
6
7
14
6
14
16
17
19
20
12
20
6
8
20
6
17
14
15
18
13
8
10
19
16
8
17
18
9
8
19
19
20
13
9
20
12
17
11
7
18
18
10
16
20
16
11
10
16
17
14
20
13
8
6
12
13
11
11
18
7
11
17
15
13
17
8
13
18
6
7
15
9
12
19
15
7
8
8

28 52 69 93 110 132 145 166 182 198 228 253 266 292 316 341 370 382 403 419 432 449 476 505 530 557 584 613 626 639 651 670 686 698 721 741 771 783 813 834 862 882 898 921 936 948 963 980 999 1011 1037 1057 1081 1094 1113 1135 1162 1188 1206 1219 1241 1258 1278 1302 1326 1354 1371 1397 1411 1437 1454 1468 1496 1510 1526 1541 1553 1583 1604 1633 1661 1690 1712 1741 1755 1772 1797 1820 1842 1863 1880 1900 1928 1947 1973 2003 2016 2028 2055 2070 2096 2113 2132 2155 2177 2203 2219 2243 2265 2291 2312 2342 2362 2387 2404 2434 2451 2472 2496 2517 2535 2558 2579 2606 2634 2651 2663 2677 2693 2710 2730 2742 2758 2779 2799 2825 2854 2874 2886 2900 2925 2953 2971 2996 3022 3035 3051 3067 3082 