100 150 7 
18
13
9
12
20
16
10
13
18
18
14
11
10
16
20
18
9
17
9
10
10
12
20
8
8
12
7
16
17
8
17
14
7
11
7
18
16
9
11
7
10
14
16
11
19
15
12
10
20
20
9
13
8
7
12
16
19
15
15
11
19
11
20
19
18
13
18
7
12
19
20
19
17
14
12
8
14
20
7
13
11
17
11
19
18
13
15
12
17
11
20
8
19
9
11
17
20
11
16
15

25 49 68 92 112 129 151 180 198 213 239 255 280 302 319 346 369 399 416 441 461 486 507 534 556 586 606 634 661 680 701 726 751 779 807 834 864 878 896 918 936 952 980 999 1020 1050 1066 1090 1111 1126 1153 1178 1205 1235 1257 1285 1304 1322 1347 1371 1388 1411 1440 1461 1487 1509 1530 1557 1579 1601 1622 1651 1679 1706 1723 1737 1766 1792 1821 1848 1863 1888 1917 1934 1951 1968 1989 2016 2032 2059 2075 2095 2119 2146 2176 2201 2219 2249 2272 2296 2326 2356 2378 2402 2429 2443 2461 2487 2509 2533 2554 2573 2590 2614 2634 2649 2675 2689 2703 2719 2738 2766 2789 2819 2846 2860 2884 2910 2936 2965 2979 3007 3031 3055 3078 3102 3132 3157 3179 3204 3230 3254 3280 3308 3327 3354 3376 3401 3426 