350 10 5 
9
15
14
13
11
16
9
18
8
19
13
9
9
16
9
8
10
17
6
14
15
14
17
7
5
11
12
14
10
16
17
18
15
9
9
12
12
15
13
16
5
8
10
18
12
10
10
11
7
6
17
12
20
18
5
18
10
7
18
11
18
13
13
8
5
19
7
19
7
19
20
18
5
5
12
13
11
19
18
13
9
14
20
5
7
15
18
6
6
16
18
13
9
12
18
16
20
19
16
9
19
19
7
17
15
20
11
17
13
18
7
5
7
17
5
18
14
12
14
10
16
14
18
13
7
5
10
18
19
19
11
7
9
7
14
5
11
12
15
7
10
16
19
12
9
7
13
11
20
17
18
7
17
9
11
19
5
16
11
7
10
10
18
20
16
7
17
5
18
20
15
6
10
19
12
9
7
8
20
7
14
6
5
20
15
10
5
6
10
5
14
7
18
16
11
9
16
11
8
9
11
6
20
7
6
20
10
5
10
13
17
14
6
19
17
10
20
7
7
15
15
12
11
9
18
12
15
13
17
11
10
10
14
9
6
18
5
11
7
8
9
12
14
9
19
16
12
16
8
9
11
5
10
14
9
6
18
8
6
9
12
15
17
16
19
5
13
14
15
17
10
9
12
14
17
16
14
5
16
15
17
9
7
17
5
17
18
5
10
11
8
20
8
15
19
18
19
18
17
19
13
12
10
16
12
12
19
10
13
10
19
14
9
13
20
10
8
14
12
15
19
13
12
7
14
19
9
9
5
8
9
10
6
5
16
6
16
12
12
16
11
7
13
6
8
15
10
9
9
14

11 39 49 79 94 117 128 154 182 