350 100 5 
10
9
9
15
8
13
16
14
18
11
5
8
12
6
9
8
6
12
7
17
20
6
18
7
12
13
14
16
15
15
18
5
12
18
12
13
18
9
5
12
20
5
6
7
18
13
12
12
5
16
9
16
10
10
11
8
20
6
16
12
11
20
10
9
9
11
15
7
7
16
20
10
19
8
12
12
5
10
11
11
19
8
16
14
17
15
18
14
12
13
10
19
9
19
18
13
9
12
12
20
17
13
6
18
7
12
12
15
15
6
15
13
7
11
5
5
15
13
16
17
14
10
19
12
16
5
19
7
20
12
10
14
6
5
18
10
8
11
16
8
6
8
14
10
10
18
14
12
13
11
12
9
16
20
20
15
10
18
19
17
18
20
18
12
15
19
16
12
14
10
15
15
20
9
19
10
20
5
6
11
19
18
15
15
11
19
19
5
13
17
13
18
10
11
11
6
20
13
9
15
16
20
18
12
15
16
19
5
13
11
18
10
9
9
15
9
6
16
11
20
18
11
6
17
5
10
13
20
12
11
20
10
7
15
15
8
16
6
8
19
13
12
12
17
7
9
7
16
11
19
17
5
17
7
8
8
12
8
16
14
17
6
9
7
11
19
16
9
14
18
9
13
11
17
11
8
20
9
12
13
16
19
15
16
17
14
10
14
20
14
13
12
9
6
16
13
20
9
13
8
19
13
14
9
16
18
8
7
9
18
8
6
15
9
12
14
12
7
5
11
8
19
11
6
13
18
18
20
10
9
13
14
5
15
16
17
20
6
9
6
14
12
18
20
14
13
16
5
8
11

19 45 74 104 117 145 159 186 210 233 244 259 279 303 325 346 359 379 405 424 453 464 491 517 544 554 578 606 618 636 657 668 684 702 719 749 770 791 816 833 850 867 892 918 930 954 979 995 1021 1036 1058 1074 1091 1109 1138 1156 1176 1193 1206 1234 1256 1267 1291 1311 1331 1358 1375 1403 1423 1440 1462 1489 1501 1513 1529 1542 1567 1579 1595 1622 1633 1658 1683 1706 1735 1747 1772 1801 1819 1846 1867 1897 1913 1940 1965 1981 1999 2010 2038 