300 100 6 
12
15
9
12
20
8
16
14
20
15
15
6
10
7
13
19
9
8
15
12
6
20
17
12
15
10
20
6
20
17
20
15
16
9
6
13
20
17
10
8
16
15
7
8
12
15
8
10
15
10
10
7
7
8
18
11
8
7
14
12
16
7
16
7
12
17
14
18
20
14
11
16
12
9
20
14
8
13
18
13
13
8
19
12
13
11
8
19
9
19
9
10
9
18
6
18
18
9
11
19
13
11
6
20
11
6
20
19
19
8
13
17
11
10
19
18
8
6
8
17
18
11
11
9
11
15
10
20
16
13
15
10
10
8
20
20
8
14
9
9
12
11
17
14
16
18
10
16
16
6
6
15
13
16
17
20
17
7
10
17
10
14
10
10
10
11
15
17
15
20
6
15
9
6
9
19
18
8
11
19
16
18
17
6
17
15
8
16
11
10
18
7
15
18
13
14
13
18
10
8
16
16
12
20
11
7
17
7
16
7
15
7
9
18
14
20
18
10
18
14
14
20
14
6
16
18
6
11
14
15
17
20
18
20
13
14
20
11
10
19
20
13
15
11
9
14
7
9
6
6
19
7
6
8
15
9
14
20
12
16
15
8
14
10
7
10
10
7
15
18
16
12
7
17
13
16
19
6
8
20
14
6
20
6
17
8
7
7
20
19
13
12
12
20
6
10
13
13
8
16

25 54 72 93 109 135 154 172 192 213 242 255 267 290 313 343 369 392 417 446 471 484 512 531 549 572 601 622 641 653 666 689 707 735 747 761 788 809 823 848 864 876 888 910 935 962 979 998 1027 1048 1075 1098 1122 1152 1171 1197 1211 1239 1258 1276 1302 1325 1347 1368 1388 1410 1439 1452 1464 1494 1521 1547 1573 1597 1621 1646 1660 1676 1691 1714 1734 1747 1772 1793 1818 1843 1861 1879 1895 1916 1944 1965 1988 2018 2031 2056 2068 2087 2116 