400 100 7 
15
11
8
12
11
9
17
12
13
20
9
11
14
19
13
8
11
17
15
9
19
7
7
9
10
12
20
16
17
15
7
7
12
19
18
16
20
16
14
13
13
14
9
7
19
19
14
16
19
13
17
8
12
10
13
19
9
16
20
12
14
17
15
10
11
16
11
8
12
9
19
17
20
16
11
18
8
12
7
10
19
18
11
13
11
7
20
10
16
12
8
7
8
7
9
9
10
18
16
8
16
12
16
13
13
11
13
10
10
13
18
9
19
20
20
12
19
18
10
16
19
12
18
17
16
19
15
18
14
10
13
8
11
16
8
7
9
14
11
16
10
15
12
9
18
11
16
19
13
12
9
11
19
18
8
9
18
16
8
9
14
10
20
20
17
10
12
9
11
17
17
18
11
19
17
19
8
16
16
14
12
18
8
20
9
18
16
12
15
20
18
16
19
16
17
13
17
12
14
16
10
17
8
20
10
11
12
9
12
10
18
20
19
8
15
13
20
13
17
14
19
18
20
16
16
8
8
19
19
18
9
10
9
14
14
7
15
19
9
13
8
18
19
12
15
7
16
18
9
7
7
19
14
19
12
20
7
9
9
14
19
13
9
13
8
9
14
18
17
18
17
12
19
17
17
12
8
16
7
10
11
12
9
15
20
13
19
14
7
19
18
7
14
14
12
20
14
11
19
11
16
7
9
14
14
13
9
12
9
19
16
11
13
7
8
14
14
11
17
14
8
19
10
13
19
8
16
10
10
16
15
14
16
20
20
19
8
14
9
8
14
15
17
7
9
11
18
18
14
18
17
7
11
14
15
20
14
16
19
13
7
7
12
11
10
17
15
16
14
15
8
9
8
9
12
19
20
18
19
15
10
14
15
19
12
15
16
16
15
12
14
19
14
9
11
18
7
13
18
7

21 45 69 85 112 138 160 188 205 228 249 266 284 303 322 339 363 389 416 443 463 492 522 546 575 597 619 649 670 692 709 739 769 784 805 819 841 870 900 919 935 961 981 1006 1036 1058 1079 1100 1115 1140 1164 1179 1206 1233 1256 1275 1291 1310 1338 1366 1396 1422 1445 1472 1501 1517 1546 1576 1591 1618 1647 1664 1681 1711 1735 1756 1782 1812 1842 1865 1880 1903 1925 1944 1973 2003 2031 2045 2064 2090 2113 2131 2148 2163 2187 2216 2243 2273 2297 