20 150 5 
17
18
9
19
19
8
13
12
7
14
8
16
6
8
20
10
7
16
7
14

29 41 68 86 97 127 146 165 191 209 225 246 272 299 326 347 366 377 403 424 447 461 484 511 525 539 557 582 604 615 641 652 676 703 718 744 754 774 785 809 834 846 864 889 909 929 944 957 984 996 1022 1032 1056 1083 1093 1107 1126 1149 1164 1187 1204 1218 1239 1257 1283 1298 1325 1350 1379 1409 1429 1449 1479 1489 1503 1522 1533 1545 1569 1582 1610 1640 1658 1684 1711 1740 1757 1785 1808 1836 1846 1863 1874 1900 1930 1948 1967 1980 1993 2022 2032 2059 2088 2100 2114 2129 2158 2172 2182 2204 2218 2230 2251 2279 2299 2309 2330 2340 2355 2380 2406 2430 2448 2477 2489 2510 2523 2543 2568 2583 2594 2610 2626 2642 2669 2693 2703 2725 2755 2785 2803 2832 2847 2864 2879 2891 2916 2938 2968 