10 150 7 
9
16
16
8
9
15
8
15
8
9

26 42 66 88 115 136 151 173 196 217 237 257 273 289 303 324 353 375 405 422 443 469 487 506 521 542 572 596 610 637 660 687 711 727 741 756 774 795 824 844 874 894 921 941 964 994 1020 1044 1062 1077 1091 1107 1129 1152 1180 1203 1230 1260 1286 1314 1331 1347 1361 1377 1399 1417 1434 1461 1476 1501 1519 1534 1556 1580 1598 1622 1641 1658 1685 1702 1725 1740 1759 1781 1810 1831 1859 1874 1904 1930 1955 1978 2006 2031 2050 2069 2098 2113 2136 2160 2188 2205 2228 2252 2279 2298 2328 2355 2385 2402 2422 2451 2479 2497 2525 2545 2567 2585 2599 2616 2644 2669 2691 2705 2733 2751 2771 2785 2811 2836 2859 2875 2890 2920 2937 2951 2966 2990 3007 3025 3044 3068 3091 3121 3145 3168 3183 3198 3212 