350 150 7 
7
20
12
18
16
12
10
19
10
18
17
20
15
7
7
8
13
18
16
14
11
19
7
19
7
19
8
20
16
13
13
8
13
9
17
8
16
19
19
18
9
15
9
12
12
17
9
11
14
13
19
20
7
20
16
9
20
13
16
14
10
11
13
13
18
14
15
17
7
8
19
20
14
17
7
7
11
17
14
18
13
15
12
18
10
12
11
16
7
8
11
9
11
7
12
10
12
7
14
16
16
11
17
15
7
13
16
20
19
7
16
8
16
16
17
11
18
18
8
16
18
8
7
11
12
13
18
10
8
15
7
18
14
19
7
14
19
9
11
16
7
7
8
8
9
9
18
18
13
14
15
18
8
18
14
11
12
15
18
7
11
7
15
14
11
18
18
17
7
14
11
8
19
13
12
9
9
14
11
19
18
10
15
9
12
10
8
7
8
11
10
14
8
9
16
13
17
15
10
15
17
18
14
15
13
18
12
12
9
10
7
7
8
14
10
12
16
13
18
18
14
16
17
16
19
16
10
16
7
14
11
10
7
12
20
16
17
16
15
14
7
20
11
7
8
12
18
8
11
16
15
19
14
12
16
10
7
10
7
16
20
18
14
15
14
8
19
15
16
14
16
19
14
12
20
18
9
20
14
11
18
9
19
19
20
16
18
13
8
17
19
10
9
15
11
17
11
11
18
15
20
17
15
12
9
18
12
7
11
12
12
12
7
20
18
19
8
19
15
19
15
13
7
18
18
16
20
7
15
11
19
17
11
15
20
18
18
16
9
17
14
11
13
16
19
17
20
11
8
15

28 58 79 97 124 141 160 179 208 222 238 268 287 306 332 362 382 400 423 452 479 495 519 548 573 592 616 646 676 701 723 752 769 789 813 828 856 872 890 906 935 962 989 1017 1037 1065 1083 1102 1126 1154 1173 1202 1227 1247 1264 1279 1308 1329 1354 1377 1405 1429 1459 1486 1504 1532 1562 1578 1599 1617 1634 1659 1687 1715 1740 1767 1796 1820 1838 1859 1877 1899 1918 1945 1966 1985 2002 2032 2050 2074 2092 2111 2141 2157 2177 2203 2218 2238 2252 2278 2294 2317 2335 2353 2382 2408 2432 2450 2471 2498 2518 2546 2574 2600 2624 2639 2659 2684 2699 2713 2733 2755 2776 2804 2824 2848 2864 2890 2912 2940 2959 2976 3001 3026 3053 3069 3097 3111 3132 3156 3185 3204 3222 3237 3251 3265 3282 3310 3336 