10 150 7 
15
12
15
13
8
7
20
7
14
8

21 40 56 72 101 115 140 163 179 197 213 241 257 285 312 327 357 374 403 419 439 466 480 498 524 550 564 580 605 622 647 674 689 714 729 756 776 795 812 840 870 900 919 949 975 1003 1022 1037 1062 1087 1108 1122 1146 1173 1193 1214 1231 1257 1278 1299 1317 1341 1368 1391 1413 1428 1456 1481 1495 1513 1527 1546 1573 1590 1616 1645 1669 1687 1709 1729 1757 1776 1801 1816 1839 1864 1882 1908 1927 1942 1969 1995 2019 2040 2058 2081 2097 2120 2143 2167 2195 2217 2243 2261 2282 2309 2324 2342 2360 2375 2403 2425 2444 2465 2493 2511 2527 2556 2578 2606 2627 2653 2681 2710 2734 2757 2773 2787 2806 2824 2844 2869 2889 2917 2938 2964 2991 3018 3046 3075 3092 3110 3137 3167 3185 3210 3231 3245 3259 