300 40 7 
7
7
17
20
12
7
10
9
15
19
18
18
7
14
15
20
15
9
11
7
15
17
11
18
15
9
20
17
13
19
15
8
18
11
19
9
16
16
11
20
20
18
20
11
20
13
13
18
11
10
14
12
19
10
14
10
11
10
14
10
19
9
17
10
9
17
18
10
20
17
7
10
13
16
16
15
9
13
12
13
7
18
17
10
18
18
20
13
14
13
10
7
19
18
8
15
10
10
9
19
16
16
10
8
12
19
15
17
15
12
10
8
11
12
17
13
14
19
18
15
11
19
13
16
17
15
11
19
8
9
16
9
13
19
7
13
20
7
10
20
18
15
7
16
14
8
13
9
12
13
16
9
19
16
19
10
11
7
7
9
11
20
9
19
20
10
17
13
17
14
14
19
18
18
16
20
10
10
14
13
10
15
7
12
8
18
15
12
9
10
7
16
12
17
17
9
15
13
18
17
9
18
10
12
7
13
19
8
18
18
13
16
16
12
16
10
18
18
8
10
11
13
18
17
9
14
14
8
10
14
8
14
20
13
9
19
9
13
19
14
12
8
13
12
8
20
18
10
7
9
11
19
13
14
19
8
17
8
19
7
12
8
14
16
10
17
11
11
10
18
20
16
13
11
17
15
11
15
8
15
7
17
15
12
13
19
8
11
16
20
9
20
14
10
16
8
14
12
9
17

16 43 57 74 98 127 155 183 199 215 245 262 286 314 335 355 376 393 421 438 465 492 508 531 551 565 591 613 632 649 671 700 719 748 769 799 815 845 869 