10 150 5 
17
14
7
10
11
14
17
7
19
15

16 31 52 79 93 116 136 155 165 178 190 209 232 250 276 298 322 333 355 365 388 401 418 435 447 467 488 504 532 553 565 585 600 616 641 654 677 687 706 731 758 776 793 812 828 840 861 876 894 911 930 946 967 989 999 1013 1040 1062 1076 1092 1107 1121 1150 1178 1206 1233 1244 1265 1283 1308 1333 1350 1363 1386 1412 1431 1445 1456 1471 1489 1507 1521 1537 1548 1567 1577 1587 1610 1627 1638 1661 1678 1697 1719 1732 1752 1777 1788 1812 1837 1850 1880 1906 1916 1937 1962 1979 1990 2020 2049 2073 2095 2119 2134 2148 2169 2184 2200 2215 2241 2254 2270 2290 2313 2342 2364 2391 2406 2429 2448 2464 2485 2505 2523 2548 2569 2596 2609 2623 2636 2665 2678 2695 2713 2735 2757 2774 2797 2827 