350 100 5 
19
20
6
13
6
15
16
11
19
18
18
13
10
20
15
19
9
18
10
11
10
9
20
14
11
19
19
14
14
6
19
15
18
9
17
18
18
9
5
10
12
11
16
9
20
18
7
10
10
19
15
5
9
7
9
14
18
18
15
14
9
18
16
7
13
9
8
18
14
14
20
12
10
17
5
16
9
14
19
6
10
20
19
13
13
7
12
20
18
18
6
16
18
17
20
9
13
13
20
5
19
9
5
9
7
13
8
13
17
17
10
15
18
13
17
11
14
15
20
10
5
12
16
9
18
10
8
12
8
13
13
18
9
17
15
9
10
8
18
5
19
19
20
14
11
6
14
8
20
8
10
8
18
8
20
19
17
6
20
8
8
17
10
17
9
13
10
5
11
8
11
18
9
12
11
10
12
7
5
11
6
9
5
20
17
14
11
5
8
14
15
6
19
17
20
10
9
6
15
5
17
5
10
11
10
20
20
11
12
7
12
13
14
12
14
8
10
6
12
7
13
8
17
12
19
20
18
6
19
20
6
15
6
9
8
9
14
18
10
10
5
16
11
5
19
7
12
11
5
7
16
18
10
12
19
5
15
19
13
12
13
15
6
13
17
10
12
19
13
15
18
14
14
8
12
11
14
19
8
6
10
11
15
13
6
20
13
6
15
6
12
20
17
14
8
6
11
18
15
17
16
19
7
15
15
8
20
7
5
8
10
15
17
8
16
16
8
6
6
9
11
5
8
6
6
11
19
19
10
7
8
11
13
6
15
6
16
8
14
18
17
14
9
16
18
7
12
19
10
12

19 40 60 77 104 119 140 157 183 209 235 246 271 288 302 313 342 372 382 410 425 440 470 483 505 529 549 578 608 626 654 671 686 696 707 727 749 759 788 809 838 855 882 898 922 936 956 975 1002 1031 1051 1076 1105 1126 1136 1158 1170 1187 1216 1236 1255 1281 1293 1314 1337 1351 1364 1388 1405 1416 1443 1473 1492 1502 1529 1551 1565 1594 1622 1641 1659 1673 1694 1714 1726 1741 1761 1779 1792 1822 1838 1860 1876 1886 1897 1907 1919 1934 1964 