350 40 5 
13
6
12
20
18
5
17
17
6
6
9
11
7
15
18
6
19
18
5
7
15
18
12
20
8
20
17
8
11
10
9
12
19
12
17
18
18
8
7
20
18
12
12
13
11
17
9
5
8
11
16
19
5
14
20
14
12
19
12
5
16
11
20
16
9
19
20
6
18
8
20
16
15
13
16
14
19
11
9
8
17
9
13
8
17
12
8
6
5
16
11
20
12
8
12
12
7
18
13
6
11
14
17
14
6
17
12
6
5
5
11
8
5
19
5
14
9
20
16
5
12
20
6
15
7
8
9
8
5
18
5
12
20
18
5
7
15
15
9
13
10
6
6
11
14
18
14
13
6
13
18
18
8
6
6
13
8
20
20
13
10
10
19
15
7
11
8
18
17
15
14
11
10
7
19
10
18
14
19
13
16
16
8
20
19
15
18
5
9
20
20
17
15
19
15
6
10
18
19
6
6
11
19
8
13
15
8
14
10
14
9
7
14
5
10
5
19
7
18
17
16
15
17
14
12
20
18
11
6
14
13
13
20
8
16
13
10
7
15
13
14
10
10
17
10
19
14
12
18
5
14
8
6
13
20
10
9
6
18
5
19
8
14
14
20
16
14
16
11
6
16
17
6
11
13
20
10
18
14
17
6
17
15
18
19
7
20
15
14
16
10
12
9
7
15
17
14
11
20
10
6
5
17
16
10
9
10
9
7
11
17
11
7
20
12
7
14
5
9
19
18
11
15
8
15
20
7
14
10
17
10
20
20
12
12
20
17
11
10
6
9
6
16
20
15
6
14
15
17
14

14 29 56 83 110 121 148 168 184 196 224 238 258 287 314 341 357 368 390 408 418 432 443 464 489 499 522 541 554 578 606 634 649 668 689 705 723 747 777 