400 10 6 
14
7
20
12
7
19
18
11
20
19
11
7
7
11
20
16
15
17
6
6
8
20
10
20
17
15
19
17
12
6
9
19
20
18
20
20
11
12
18
15
7
12
11
11
8
7
20
11
18
9
6
11
17
20
12
17
20
10
9
7
7
17
7
16
10
18
15
18
19
9
20
17
7
19
6
20
12
6
14
8
19
14
15
19
15
13
6
8
8
18
12
7
19
15
14
7
7
11
16
7
14
12
17
10
12
15
13
13
11
10
18
15
19
16
17
10
7
12
14
6
18
17
7
13
9
20
7
14
8
11
20
15
13
8
16
8
15
16
10
20
10
9
19
8
8
11
14
17
14
12
6
18
14
18
19
9
6
15
12
20
8
15
20
20
7
11
13
13
15
16
17
16
16
19
17
20
16
6
10
14
12
15
6
11
11
6
11
11
6
11
10
10
9
19
15
7
14
9
12
19
6
17
12
19
11
14
10
8
12
9
11
15
9
8
9
19
16
20
12
10
15
19
15
9
14
18
12
17
17
7
6
16
18
18
10
12
11
15
8
6
11
17
19
17
8
17
16
20
8
15
17
19
20
19
20
19
14
9
13
6
12
6
11
14
14
19
8
17
13
18
15
11
20
9
8
8
18
16
18
12
17
20
8
16
14
15
14
13
17
13
7
19
20
16
8
7
11
19
10
18
12
13
6
8
10
17
10
9
8
15
20
11
8
10
7
14
14
20
9
19
8
12
8
7
8
16
17
13
16
15
18
11
19
16
13
17
11
10
12
17
16
11
18
11
12
6
8
12
6
8
20
6
19
11
16
9
6
14
11
7
9
13
19
11
14
9
8
13
8
13
15
13
18
20
12
11
7
19
20
9
15
15
19
11
17
14
14
8
9
17
11
10
8
17
15
16
19
6
11
16

14 35 61 83 98 125 139 162 187 