350 20 7 
18
8
19
10
11
20
16
13
14
11
8
10
17
13
19
18
17
16
9
8
19
19
12
13
20
19
12
15
15
13
18
11
17
20
16
7
16
9
8
8
15
17
16
15
10
9
9
8
7
9
9
9
8
11
19
13
20
7
19
13
19
9
20
9
15
11
8
10
20
18
10
18
11
16
19
14
8
16
12
8
18
10
16
13
13
17
18
9
15
18
16
20
18
12
8
11
14
19
18
9
11
11
20
13
15
13
19
17
17
13
8
10
8
20
15
12
18
12
20
17
10
18
10
14
10
10
12
16
16
19
10
12
10
9
18
14
13
12
18
7
12
9
9
8
20
16
13
18
17
7
8
15
9
18
11
11
13
20
17
8
10
13
10
9
16
7
13
17
16
11
16
9
12
9
20
18
12
9
10
12
16
18
17
19
7
11
9
10
17
20
12
14
11
8
13
11
9
16
16
18
10
9
8
13
13
17
18
10
10
11
10
20
10
16
15
7
8
7
8
7
9
7
11
20
19
10
19
20
15
9
13
19
9
8
13
10
19
12
15
17
13
13
11
7
12
20
14
11
12
13
12
19
14
20
15
11
14
15
16
12
10
13
19
10
12
15
12
18
10
12
14
9
12
9
7
10
19
15
13
9
8
15
9
19
14
13
8
7
8
17
8
19
19
14
17
7
7
9
11
13
7
8
8
18
19
18
14
7
9
10
11
19
8
20
13
9
15
19
11
16
15
13
20
11
12
19
9
15
10
9
18
15
19
20
15
14
8
10
8
20
9
12
9
11
7
12
10
11
19
10

28 46 60 75 91 106 134 163 178 203 230 244 265 287 313 341 358 383 409 