10 150 6 
8
6
19
18
13
10
19
20
17
7

22 40 56 86 108 124 147 165 186 213 231 253 280 302 329 350 365 392 406 421 436 460 478 498 522 541 560 579 605 624 642 672 696 725 747 777 794 824 845 866 892 907 936 966 985 1001 1017 1042 1071 1094 1108 1130 1151 1177 1193 1219 1242 1260 1280 1296 1326 1352 1364 1377 1396 1409 1436 1461 1483 1507 1520 1537 1552 1570 1594 1606 1628 1657 1673 1689 1716 1741 1758 1786 1814 1837 1850 1871 1889 1914 1933 1957 1979 1994 2015 2027 2052 2066 2087 2104 2126 2152 2172 2187 2208 2229 2251 2279 2296 2313 2336 2363 2393 2418 2445 2464 2480 2508 2533 2559 2581 2596 2619 2637 2667 2690 2713 2734 2753 2770 2799 2824 2850 2879 2904 2920 2947 2959 2973 2987 3011 3030 3052 3080 3102 3129 3148 3161 3174 