30 150 7 
14
20
8
14
10
15
19
15
7
15
17
10
19
15
14
14
14
7
18
20
10
17
20
18
12
10
16
20
19
13

19 49 67 89 113 139 162 176 202 219 237 257 274 292 311 329 352 377 393 415 445 464 485 514 531 560 585 603 633 657 685 704 720 744 765 785 810 834 850 872 888 909 937 955 971 998 1014 1033 1055 1074 1098 1122 1150 1174 1190 1208 1227 1249 1271 1295 1319 1333 1358 1382 1412 1429 1457 1480 1500 1519 1538 1564 1581 1611 1635 1650 1673 1698 1714 1731 1746 1765 1788 1804 1820 1846 1875 1895 1923 1946 1969 1990 2011 2041 2065 2081 2111 2133 2158 2174 2193 2210 2235 2255 2279 2298 2316 2344 2371 2401 2422 2443 2462 2492 2514 2541 2569 2597 2622 2636 2660 2687 2713 2731 2749 2772 2792 2816 2831 2847 2862 2877 2895 2921 2950 2964 2978 2993 3016 3038 3056 3077 3101 3124 3144 3174 3198 3226 3248 