400 150 6 
20
17
9
10
20
20
8
11
11
6
20
11
13
14
15
12
18
12
11
8
16
20
15
17
10
8
19
19
13
12
19
12
11
6
10
19
11
14
17
8
14
7
11
19
8
14
6
7
14
13
17
9
16
14
9
19
6
14
9
19
10
18
6
16
20
6
15
10
15
20
10
7
8
17
14
13
17
8
9
19
11
13
20
16
18
16
20
8
11
6
9
12
8
6
16
17
18
15
13
15
9
12
17
8
18
10
8
13
8
6
11
15
7
18
19
14
18
12
11
16
12
16
16
16
14
9
7
7
6
16
8
14
11
12
19
20
10
16
9
9
6
15
10
8
15
6
10
7
18
17
7
16
12
6
16
16
8
20
12
17
9
10
16
17
14
18
14
16
17
12
17
15
14
13
20
13
12
14
11
20
15
9
20
8
14
14
10
17
12
19
16
18
7
8
7
7
12
19
6
13
11
14
6
7
6
20
14
14
17
17
7
20
12
8
9
11
6
8
18
6
15
12
11
14
18
20
15
11
14
20
7
12
11
20
18
18
16
20
9
7
16
7
14
16
14
20
14
19
8
11
17
14
11
15
18
15
6
9
17
14
8
8
18
17
6
20
8
20
8
16
13
7
15
17
20
6
8
11
6
18
7
20
13
16
17
11
8
6
20
20
20
9
10
16
9
6
16
20
14
9
20
15
18
15
13
7
7
6
8
9
14
18
8
17
18
6
12
15
6
13
10
16
12
20
10
16
16
17
6
10
13
20
9
18
12
16
16
16
14
18
16
9
6
14
8
13
15
7
9
14
6
16
10
11
20
19
15
8
6
16
19
7
9
13
18
15
14
20
18
11
11
17
9
7
15
20
19
19
10
15
15
8
11
7
8
11
13
19
15
17
20
13
6
8
12
18
14
6
16
18

18 35 54 68 85 100 129 143 155 183 202 217 241 265 283 300 317 330 344 356 386 414 441 464 483 502 514 538 558 588 609 623 638 654 666 679 695 725 754 776 789 818 846 869 886 913 930 955 984 1008 1037 1063 1080 1094 1120 1133 1148 1167 1190 1208 1229 1254 1272 1289 1303 1323 1339 1361 1379 1393 1415 1435 1448 1470 1492 1509 1523 1550 1577 1600 1619 1632 1653 1682 1706 1732 1745 1759 1776 1800 1817 1834 1858 1874 1894 1912 1941 1968 1983 2001 2024 2052 2069 2081 2104 2127 2157 2174 2202 2214 2244 2273 2289 2314 2326 2353 2366 2390 2409 2429 2448 2475 2501 2524 2539 2565 2594 2611 2631 2651 2669 2685 2701 2724 2752 2779 2804 2823 2839 2868 2895 2908 2933 2945 2965 2993 3006 3027 3039 