200 50 7 
12
11
15
13
18
12
16
13
8
14
15
11
17
16
11
8
19
7
13
17
16
12
7
14
14
7
20
18
10
10
9
18
20
19
11
16
15
10
14
13
19
13
7
16
13
16
16
19
13
14
8
9
17
10
18
14
14
19
17
12
8
17
17
17
13
13
19
8
14
8
13
16
15
8
17
7
19
18
20
10
8
16
15
14
17
19
8
16
18
15
18
14
12
17
14
8
13
11
15
20
16
10
15
17
14
9
11
15
15
11
8
8
12
9
13
19
13
9
17
15
15
18
17
9
12
13
16
16
12
14
11
12
20
14
8
7
7
13
9
17
15
19
7
16
11
11
13
18
18
14
18
20
16
20
12
7
11
12
17
19
12
11
18
17
17
18
14
18
8
13
15
20
15
16
10
17
11
12
7
14
9
19
19
16
11
11
17
8
15
8
16
14
13
12
14
10
19
13
11
15

28 45 67 87 107 134 149 172 201 218 240 258 282 298 323 339 359 387 404 424 446 473 499 522 547 574 602 625 653 670 697 711 725 753 776 791 817 838 852 874 889 918 944 974 1001 1020 1043 1057 1076 