350 40 5 
15
9
9
15
8
13
13
20
16
6
15
20
9
12
8
10
5
13
14
17
6
14
14
20
5
5
11
8
7
7
5
13
12
13
14
16
10
12
9
5
10
5
20
19
17
10
8
16
17
18
14
14
17
15
20
6
11
14
17
5
5
15
5
20
18
6
20
13
9
16
20
10
6
10
5
15
16
15
17
11
11
16
20
12
14
9
14
17
8
18
6
19
15
19
17
6
9
11
19
12
14
19
6
12
13
14
9
17
15
20
10
5
9
15
7
16
6
6
18
12
20
8
19
11
13
11
18
10
9
6
5
7
18
11
6
18
8
9
9
16
6
17
12
6
5
7
16
20
15
12
8
15
7
10
16
19
7
15
15
9
10
13
15
6
11
17
13
20
14
19
12
5
13
13
15
20
5
16
7
15
19
19
9
18
9
14
20
5
5
6
17
10
20
9
12
15
19
13
18
11
6
19
11
6
13
18
10
9
19
17
19
9
8
5
13
14
18
13
7
9
16
9
16
5
15
18
17
12
17
6
14
13
10
19
14
13
12
6
6
13
6
20
13
10
8
9
11
10
10
14
19
5
14
17
19
18
20
16
9
20
12
5
8
5
17
9
12
18
20
18
10
6
6
15
12
11
10
6
11
14
10
11
14
19
9
20
18
10
9
10
10
16
14
19
9
8
19
14
13
11
11
14
15
14
10
11
8
20
6
5
7
19
8
10
16
11
7
10
6
20
7
10
12
7
14
6
9
16
7
10
10
18
11
18
13
12
12
16
11
11
20
14
5
16
14
20
18
19
18
13

19 32 47 63 76 95 108 124 153 178 189 201 222 232 252 266 283 309 336 352 378 404 422 433 448 474 485 512 536 559 584 604 627 640 656 666 688 718 744 