300 10 6 
17
18
14
19
13
12
16
16
11
18
9
15
9
18
20
19
10
13
6
20
14
8
19
16
19
7
14
18
18
14
10
15
14
13
19
16
20
10
11
17
14
7
17
9
16
20
20
18
16
17
6
12
14
19
10
20
9
9
6
10
19
9
11
7
13
12
13
15
15
20
12
17
19
18
11
16
16
15
6
12
9
10
16
11
14
11
15
19
12
20
16
18
7
17
20
6
11
15
9
9
11
16
16
16
17
10
20
8
8
7
9
10
14
8
9
11
20
6
15
18
14
12
18
18
12
13
20
15
18
8
8
10
12
11
16
8
20
8
12
9
11
11
9
10
11
13
18
16
17
7
12
7
8
9
15
6
16
14
7
12
12
19
16
9
13
18
7
19
18
11
19
18
18
13
8
13
7
6
18
10
6
18
14
15
8
18
11
9
8
11
17
12
15
16
6
11
17
17
6
19
18
18
7
6
10
14
9
7
16
9
19
19
6
12
15
11
19
18
14
6
18
8
6
15
17
8
12
12
20
16
18
11
13
6
17
17
13
9
14
15
19
18
20
16
9
20
6
10
13
18
16
9
12
8
20
19
7
17
9
7
9
11
20
18
18
13
8
12
12
11
13
7
12
20
16
19
15
10
14
19
15
16
17
20
15
8
17
9
8
17
10
8
14
13
17
10
12
14
20
19

19 38 55 85 113 126 151 164 181 