300 50 5 
20
11
14
12
13
12
15
6
17
15
9
15
14
11
7
8
5
14
18
9
15
16
19
5
14
6
8
18
5
8
9
8
10
5
11
7
11
5
20
14
15
16
16
9
15
13
20
11
5
13
17
12
19
9
11
5
6
9
11
10
12
6
17
6
5
18
14
13
7
7
17
14
20
14
17
8
15
17
10
16
12
18
11
15
8
14
16
16
9
12
11
11
7
10
8
11
12
10
16
7
7
9
15
15
7
17
18
5
6
15
19
15
20
7
8
10
6
6
8
17
15
9
15
14
13
12
20
15
7
6
9
13
6
19
20
9
17
17
12
8
13
15
5
17
20
19
15
20
6
11
11
14
14
6
17
10
7
5
14
10
14
12
17
6
9
13
8
19
8
6
7
8
11
9
9
14
5
14
9
6
15
20
19
15
16
13
7
8
12
11
14
19
10
5
16
10
10
15
5
6
6
9
10
14
9
6
7
13
14
15
14
7
10
9
7
13
12
5
10
15
20
7
12
18
18
9
13
18
16
17
17
10
19
16
15
17
14
12
6
7
7
16
6
16
14
18
14
16
11
6
18
8
7
17
15
16
14
17
18
6
20
11
5
6
6
20
12
10
18
20
16
19
9
8
9
9
19
7
17
15
20
8
6
11
14
18
16
5
7
19
5
13
12
5
9
18
7
14
10
16

10 32 60 84 111 138 164 193 205 235 254 265 293 308 321 341 371 381 405 427 444 466 491 517 546 563 573 602 632 655 682 692 707 717 729 747 776 786 803 826 847 871 882 892 917 927 939 953 978 