350 50 5 
8
18
18
12
13
15
8
16
15
14
13
7
6
6
14
12
15
16
13
8
16
14
6
6
9
11
5
5
12
20
6
14
14
8
13
6
14
12
7
6
5
18
16
9
15
10
6
6
9
9
14
15
11
10
6
9
9
19
11
13
20
9
12
14
6
6
14
12
14
9
18
8
8
15
20
9
17
18
5
14
9
15
10
5
10
11
6
12
9
8
6
6
10
5
12
16
9
20
15
20
6
17
17
14
16
15
16
13
5
20
17
12
8
8
10
18
5
10
14
6
18
20
15
7
6
16
15
12
14
11
7
7
13
9
12
15
20
9
14
14
18
10
19
8
14
14
20
13
19
14
6
17
11
15
12
10
15
19
11
9
14
19
14
13
12
11
11
20
12
6
5
20
17
12
19
9
18
9
18
15
13
16
6
19
13
15
7
5
14
5
9
17
16
18
12
14
10
14
6
5
18
13
13
6
10
16
10
9
13
15
10
17
10
7
6
5
15
14
6
17
10
15
18
10
13
18
9
17
16
10
5
10
11
6
14
14
20
16
14
14
6
10
6
8
19
11
15
15
10
20
19
6
12
7
12
13
12
10
13
15
6
8
16
11
18
9
16
18
8
20
9
17
5
18
12
15
15
20
7
8
6
7
20
12
12
7
17
18
6
18
16
17
19
15
16
16
13
15
11
11
13
18
17
9
20
13
6
13
7
11
7
10
10
17
19
10
17
7
7
16
19
19
10
13
16
8
11
16
20
15
8
17
12
20
16
16
9
5
10
9
18
7
8
11
15
10
7
9
20
13

28 48 64 81 97 114 143 161 179 191 211 235 259 278 300 318 328 346 369 393 410 432 444 471 481 504 514 526 554 584 609 632 649 663 681 693 723 737 757 779 803 823 842 867 889 915 927 947 970 