20 100 7 
8
19
16
8
13
11
17
17
10
7
15
16
18
7
19
20
9
13
19
20

26 56 82 108 137 160 184 204 226 247 276 303 327 352 372 402 416 438 467 486 504 524 540 569 592 622 648 664 686 715 730 759 775 797 823 838 863 885 910 936 952 979 994 1012 1036 1063 1085 1107 1133 1162 1181 1197 1218 1234 1252 1280 1299 1317 1347 1375 1391 1420 1449 1477 1491 1511 1535 1563 1585 1606 1625 1643 1666 1681 1697 1714 1743 1762 1790 1818 1842 1872 1889 1909 1929 1943 1973 1992 2009 2024 2054 2077 2092 2116 2136 2162 2178 2193 2221 