200 20 6 
7
20
11
16
14
14
19
15
14
8
15
13
15
18
17
7
6
9
20
9
13
16
12
14
15
13
11
20
16
19
16
16
16
11
13
16
9
7
6
19
11
6
8
18
20
10
7
13
18
9
12
18
7
6
13
9
12
8
14
8
19
11
18
13
14
12
19
17
6
16
19
12
11
20
11
19
10
20
20
14
19
7
9
17
9
11
10
9
18
13
9
7
17
19
19
18
15
19
18
20
16
16
10
11
17
7
8
8
7
8
19
19
14
19
7
12
18
18
9
6
16
15
10
8
14
15
17
10
13
18
18
12
19
15
10
14
19
7
16
8
20
7
9
16
15
17
11
16
17
19
18
17
18
10
7
17
14
9
13
17
6
17
19
11
10
9
6
9
11
13
13
9
16
11
20
19
12
20
14
14
14
6
18
16
14
18
6
19
19
8
7
9
14
14
14
12
14
10
14
20

26 44 68 88 117 135 162 179 193 218 244 256 284 306 326 338 367 392 411 