100 100 5 
17
13
13
17
10
5
16
6
15
5
5
10
11
13
11
16
17
17
20
18
20
15
9
5
20
16
15
12
10
14
8
12
7
5
13
16
8
12
10
14
12
6
10
9
8
20
5
8
11
13
7
7
14
17
19
13
15
10
8
14
14
20
18
18
6
15
20
6
16
19
5
17
5
19
9
9
19
20
18
7
18
16
5
8
7
6
18
5
9
5
15
6
18
9
20
19
7
20
12
11

21 33 57 72 100 121 148 174 190 218 231 250 280 308 320 331 348 368 388 410 425 441 467 478 501 517 546 564 575 601 612 629 639 669 684 696 724 752 778 805 817 842 864 880 907 919 949 976 994 1005 1022 1034 1053 1073 1100 1119 1146 1160 1170 1191 1221 1234 1264 1279 1303 1314 1325 1344 1363 1380 1404 1414 1429 1452 1472 1490 1509 1534 1553 1565 1589 1617 1636 1662 1686 1706 1730 1757 1769 1792 1822 1836 1846 1860 1880 1902 1923 1953 1982 