300 100 6 
9
18
16
8
20
6
13
14
13
17
7
20
11
17
14
9
10
9
20
19
20
17
6
16
18
6
16
6
8
6
8
16
18
12
7
9
8
15
12
12
17
16
13
14
8
12
7
10
19
19
10
13
12
14
16
6
8
8
11
19
14
13
18
17
10
13
16
19
12
11
8
16
16
6
17
6
12
20
15
6
11
13
7
20
12
12
7
19
13
6
16
13
18
19
13
13
16
7
19
15
12
18
14
14
11
8
8
12
20
10
20
11
9
8
11
17
19
11
19
6
14
10
18
11
8
8
10
16
20
14
11
19
20
18
19
17
19
9
20
7
19
6
12
15
9
11
8
11
14
10
9
9
18
14
16
8
19
12
12
13
12
14
7
6
18
8
14
8
9
15
11
9
18
9
11
17
16
7
8
7
14
10
12
6
17
8
17
11
13
19
15
16
9
7
16
12
17
8
11
14
17
7
16
9
13
16
16
12
11
11
12
10
20
8
16
18
15
9
17
6
15
17
16
11
6
13
18
18
19
18
16
17
16
12
17
18
20
15
9
13
7
17
6
17
7
13
10
20
7
19
6
15
14
19
10
15
9
20
7
14
15
9
13
11
18
18
18
7
17
20
20
12
13
15
8
8
11
16
20
8
19
12
18
6
8
15
10
20
10
20
7
10
6
18
14
8
20
9
9
9

23 43 63 78 92 110 135 154 173 191 213 236 263 275 304 318 348 373 392 407 422 448 460 473 488 501 521 549 562 578 599 617 643 660 681 706 734 755 770 787 810 829 854 871 891 904 926 945 968 996 1017 1046 1068 1094 1122 1138 1152 1182 1198 1218 1243 1266 1286 1302 1317 1343 1356 1368 1397 1417 1438 1455 1467 1479 1496 1522 1544 1569 1581 1594 1619 1634 1657 1685 1701 1724 1743 1766 1784 1811 1833 1856 1885 1914 1930 1946 1964 1980 2003 