30 100 5 
10
6
20
6
13
17
9
7
9
14
16
8
9
13
12
14
9
8
12
14
10
10
12
16
8
5
15
17
11
15

15 37 49 68 94 116 145 163 177 188 216 231 245 258 282 293 307 323 346 372 388 405 435 456 482 502 523 545 555 571 581 592 610 636 660 677 699 713 723 733 762 779 798 816 836 849 870 889 918 936 951 962 973 991 1002 1013 1024 1037 1055 1083 1103 1113 1135 1162 1184 1209 1239 1252 1282 1305 1323 1341 1370 1398 1411 1432 1454 1466 1481 1505 1527 1547 1557 1569 1587 1616 1643 1666 1687 1711 1726 1744 1758 1777 1804 1831 1846 1856 1882 