300 50 6 
16
11
15
9
11
20
8
7
17
18
13
8
10
19
7
12
20
20
15
16
15
9
19
13
17
18
8
19
17
20
8
7
7
14
11
16
17
20
18
11
7
15
15
12
9
20
10
9
14
14
8
11
13
19
7
17
7
9
15
16
19
12
6
19
9
18
8
17
14
11
16
6
7
14
20
19
7
7
13
7
14
18
20
20
16
13
10
14
9
10
7
8
19
18
11
14
7
14
8
8
15
10
19
20
6
7
14
13
14
12
18
16
14
10
9
11
13
10
9
9
19
15
14
7
19
17
17
13
20
18
18
17
17
18
16
9
13
15
17
20
12
12
7
11
6
7
8
16
13
12
19
18
14
20
11
12
16
15
9
11
12
16
8
16
6
15
15
7
8
17
8
20
12
11
18
8
9
7
14
12
20
9
10
12
6
8
19
10
16
11
9
9
19
18
19
7
13
7
12
18
12
12
16
13
19
13
14
9
8
15
19
17
18
9
10
19
11
20
19
12
17
12
18
7
9
14
15
11
15
14
6
20
10
9
6
14
20
18
12
10
11
14
18
10
19
10
12
9
13
15
15
8
10
19
8
16
19
10
18
11
11
20
20
8
14
8
6
10
6
16
12
10
14
9
10
20
9
16
19
17
17
13
17
6
7
9
10
12
11
13
15
17
11
7
8
6
12
18
17
16

21 47 70 84 100 118 132 152 170 188 209 231 246 270 285 314 330 358 379 392 416 432 462 479 499 518 535 558 587 599 622 652 682 706 728 752 781 811 833 855 875 894 919 935 965 977 994 1011 1027 