300 10 7 
9
7
13
7
17
17
18
16
11
19
12
10
10
14
7
17
9
12
18
13
17
13
14
17
17
18
16
9
16
8
14
11
7
8
14
20
16
9
9
14
17
14
13
19
10
19
18
18
9
12
18
20
11
10
19
17
8
8
15
17
13
11
8
14
19
17
12
19
13
11
17
14
7
18
12
11
19
11
10
15
19
15
13
17
12
17
12
20
18
11
15
7
19
17
16
8
11
19
17
20
9
20
12
19
14
9
10
16
17
14
9
8
12
18
7
14
11
11
12
9
10
18
11
18
9
11
13
12
20
14
19
15
14
9
12
19
15
11
19
14
9
15
13
18
13
20
8
12
13
19
14
19
13
16
14
9
12
13
18
20
8
12
16
13
11
12
7
20
11
15
12
10
13
11
7
8
7
13
13
15
13
17
20
13
20
16
18
11
19
14
17
8
19
18
11
11
15
11
12
17
11
16
14
12
10
10
11
12
7
18
15
13
13
15
17
9
15
14
13
7
9
12
9
9
10
14
15
12
13
9
7
18
14
14
15
18
15
7
16
12
11
8
12
17
9
8
13
15
17
12
7
16
20
16
20
13
14
18
8
17
10
17
14
15
17
16
19
20
18
10
9
13
14
7
7
11
19
19
12
9
19
9
12
7
11
19
16
9
7
10
19
19
17
19
9
13
18
7
13
13

18 37 63 87 111 134 162 180 208 