300 150 7 
18
11
10
14
7
11
18
20
12
16
9
10
18
16
14
18
11
17
8
7
10
11
13
10
11
10
17
8
9
16
16
7
18
8
19
9
8
20
16
19
15
17
19
14
9
7
14
13
11
19
9
17
18
10
9
14
11
16
20
16
16
12
15
11
13
15
9
13
15
19
18
13
11
17
9
17
8
15
9
13
11
14
10
8
7
17
10
12
12
12
15
10
7
15
10
16
9
12
12
14
9
10
11
11
12
12
10
8
8
8
9
15
9
16
8
14
19
20
8
12
19
12
7
14
18
7
17
8
20
11
7
13
18
13
11
20
11
12
14
8
13
11
13
18
15
19
19
19
11
13
9
15
20
7
13
17
7
19
18
16
14
14
12
19
14
8
18
13
7
19
9
20
13
12
8
17
10
9
7
17
18
8
18
19
17
18
17
18
11
17
7
8
9
20
17
8
12
15
16
11
16
17
15
12
15
11
16
7
19
7
16
13
7
12
19
11
9
11
13
12
19
11
13
19
20
17
11
18
7
11
7
8
19
15
15
15
18
18
13
15
16
7
9
13
8
9
15
10
11
13
18
8
14
17
16
15
18
19
12
12
16
14
10
7
18
9
17
18
9
17
13
12
16
10
7
7
18
12
18
7
12
16
11
18
18
11
14
11
10
20
19
10
7
13
14
18
8
11
9
8

25 39 53 81 104 134 155 169 198 226 243 261 277 305 331 352 375 405 421 443 471 494 518 533 554 569 583 598 616 643 664 689 710 729 756 774 800 828 852 873 888 916 935 962 980 1009 1027 1048 1077 1102 1125 1141 1165 1191 1218 1240 1255 1278 1293 1315 1331 1346 1372 1402 1428 1453 1467 1490 1519 1541 1561 1581 1607 1623 1648 1668 1692 1711 1726 1751 1768 1792 1806 1833 1863 1881 1899 1925 1953 1979 1999 2013 2038 2068 2083 2097 2118 2147 2169 2189 2206 2222 2239 2265 2281 2295 2321 2349 2377 2399 2417 2443 2467 2484 2506 2524 2543 2559 2581 2601 2619 2641 2667 2686 2708 2729 2746 2775 2791 2817 2847 2865 2885 2906 2922 2937 2967 2984 3003 3024 3049 3068 3094 3120 3137 3156 3182 3208 3234 