30 100 6 
17
7
7
16
14
6
15
20
15
14
12
10
20
12
18
16
9
16
10
17
12
20
17
15
8
6
13
9
14
10

14 44 65 94 124 136 160 177 202 227 241 262 274 301 328 341 361 375 395 412 431 459 479 493 522 546 570 582 597 624 641 657 676 697 709 721 749 778 803 832 856 873 893 907 926 944 965 988 1009 1023 1052 1068 1082 1110 1138 1156 1178 1208 1229 1255 1285 1308 1322 1336 1357 1371 1401 1416 1429 1441 1459 1483 1505 1530 1546 1572 1592 1621 1641 1665 1690 1704 1724 1747 1771 1784 1814 1840 1867 1887 1899 1928 1955 1969 1991 2015 2032 2048 2072 