300 50 5 
8
18
17
17
6
7
6
17
10
14
10
16
12
16
10
10
5
18
14
20
7
15
16
15
13
19
17
13
20
9
8
19
11
7
12
17
7
9
20
14
10
11
13
7
5
11
13
10
11
14
5
13
7
17
12
5
17
19
9
20
14
18
17
18
6
19
18
15
9
6
15
8
20
9
13
8
17
12
13
17
13
20
12
11
13
20
7
12
19
9
18
9
14
5
11
11
17
14
11
6
5
8
13
6
16
16
18
10
8
10
19
6
19
14
9
20
17
14
10
11
12
12
5
19
14
9
15
7
20
17
14
11
18
5
7
16
7
9
19
6
18
15
8
18
5
19
5
17
9
9
13
11
19
20
7
11
5
8
5
13
8
18
5
9
8
7
5
16
16
10
10
20
8
18
18
13
12
11
7
9
15
11
7
19
16
9
19
8
12
9
5
6
20
10
6
6
16
20
14
11
20
12
13
11
17
11
9
14
15
14
9
5
11
14
18
12
12
18
16
19
10
20
7
9
16
18
10
10
17
6
12
12
9
8
5
20
6
18
7
14
7
20
17
12
19
9
20
14
13
10
5
19
7
17
19
15
5
17
9
14
19
20
5
8
9
20
10
6
14
15
18
20
11
5
9
7
17
20
6
16
14
6
11
17
11
8
16
16
10
14
10
10
15
6
18
10
12
10
19
10

11 36 50 71 90 120 137 150 165 182 209 221 235 247 262 289 313 342 364 384 399 409 435 459 487 515 545 562 574 597 620 644 663 674 701 723 750 761 785 795 825 851 864 876 900 923 946 967 986 