350 100 6 
15
8
9
17
16
9
16
20
8
20
13
19
20
14
11
15
18
11
16
12
19
10
14
17
10
13
17
12
8
13
20
17
14
13
19
18
17
12
16
19
17
18
11
11
16
9
14
11
9
9
9
15
13
15
18
12
12
20
16
10
18
19
17
13
12
7
11
18
8
11
9
8
15
17
9
19
12
18
10
14
19
10
8
10
6
12
17
17
17
20
17
15
8
13
11
16
8
17
17
9
7
9
17
18
14
8
15
9
8
9
13
10
7
18
13
13
9
14
8
7
16
7
19
15
17
19
10
18
6
10
10
19
11
7
16
7
16
14
6
12
10
6
11
13
15
9
8
20
15
19
11
10
8
19
14
12
16
11
20
10
15
14
7
12
6
13
8
14
17
8
14
20
11
9
13
14
6
13
9
7
10
6
12
10
7
17
13
14
19
10
7
7
10
17
7
17
17
17
15
13
16
9
18
11
6
10
9
14
7
11
10
9
8
7
17
14
16
18
11
9
19
13
15
9
6
7
9
18
8
17
20
6
17
18
7
8
18
20
16
6
20
7
6
18
15
7
13
14
20
19
13
7
7
17
6
17
6
12
12
11
16
13
8
18
17
12
9
18
19
20
6
19
7
15
17
9
14
17
18
17
19
10
8
16
12
10
14
8
17
10
10
17
19
15
19
7
18
19
14
13
14
11
7
8
13
7
11
12
20
12
6
13
18
9
18
12
15
13
6
6
16
18
19
8
16
15
10
16
17
20
7
15
10
16
14
6
8
15
16
18
11
17
19
20
18
12
15
18
13
11

26 48 73 96 116 146 163 181 197 211 231 244 260 283 297 318 335 361 376 403 428 441 461 476 490 513 539 561 574 586 603 628 648 669 699 711 728 753 773 787 812 831 847 865 879 907 924 936 958 983 1001 1018 1043 1063 1088 1102 1114 1126 1146 1158 1171 1187 1212 1225 1247 1260 1287 1317 1329 1347 1367 1380 1400 1429 1453 1480 1510 1533 1548 1572 1594 1616 1632 1658 1682 1707 1735 1751 1776 1793 1809 1829 1848 1874 1893 1912 1926 1938 1960 