350 50 7 
17
20
11
13
20
7
7
13
7
14
10
11
10
10
13
10
8
8
12
11
16
14
14
13
17
20
19
8
7
10
10
12
18
14
12
14
9
9
14
17
7
8
15
8
12
19
13
18
9
11
11
8
20
13
16
13
15
11
11
18
13
13
20
11
17
9
16
18
13
17
18
14
13
9
10
10
14
20
16
11
15
15
15
10
9
15
8
12
19
7
11
19
11
13
17
10
12
19
20
10
9
19
15
20
8
12
11
10
12
17
20
8
9
12
15
20
18
8
13
12
15
15
19
14
19
18
18
19
11
12
8
13
11
15
9
13
9
19
16
16
13
16
15
16
8
16
17
7
8
14
18
12
11
15
16
8
20
17
8
15
12
16
10
10
12
8
9
16
20
13
18
13
16
9
10
11
16
7
10
7
15
20
10
8
13
8
18
15
19
18
17
13
19
7
13
20
9
9
10
10
15
14
8
7
7
20
17
10
17
13
14
19
12
18
20
9
11
14
9
10
15
8
18
7
20
15
13
10
16
10
7
8
14
19
14
14
9
10
14
19
20
15
7
14
8
11
7
10
7
7
16
15
16
19
15
8
17
9
10
17
20
16
14
12
17
19
16
20
10
9
12
14
11
19
10
17
17
10
18
17
19
9
19
20
8
12
20
14
18
9
11
19
16
17
15
13
8
13
20
20
9
19
8
10
12
20
13
15
14
19
14
7
19
20
13
20
11
9
8
14
12
15
10
13
12
13
20
12
11
20
13
12
15
8
20
8
19
12
14
15
17
16
19
16
7
15
20
8
17
16

21 42 69 92 107 124 144 167 183 200 224 245 274 293 307 335 353 383 402 422 449 467 485 513 543 570 587 616 638 664 689 716 744 773 801 821 847 863 884 914 942 969 994 1008 1022 1040 1057 1072 1097 