30 100 5 
12
11
9
19
20
17
9
10
17
11
10
19
10
16
9
14
19
8
12
5
12
17
11
19
8
16
17
19
17
11

28 47 75 95 106 126 151 165 184 195 209 219 237 254 269 291 310 337 364 378 395 411 431 455 478 489 514 538 561 576 602 628 639 659 677 689 701 723 742 760 771 797 808 836 852 878 901 918 931 952 972 987 1013 1039 1056 1069 1086 1106 1133 1158 1168 1187 1211 1225 1247 1276 1301 1315 1330 1359 1369 1393 1403 1417 1444 1468 1482 1500 1529 1559 1583 1606 1617 1642 1666 1695 1713 1735 1764 1784 1801 1820 1834 1861 1879 1893 1903 1913 1931 