350 150 6 
19
8
20
11
20
11
19
18
20
10
9
16
17
18
14
15
12
16
19
12
8
20
19
7
15
11
8
11
10
12
14
9
18
11
18
12
10
7
13
12
20
8
13
20
15
9
15
11
12
9
8
20
8
20
9
6
9
6
9
15
18
8
9
20
12
14
20
10
19
19
19
12
8
19
19
20
10
13
8
12
9
6
18
19
7
14
20
12
20
7
10
10
16
6
11
10
13
6
8
8
15
20
19
20
20
20
17
12
12
11
19
12
19
17
10
12
18
14
9
9
10
7
15
7
6
12
19
14
13
14
20
18
19
17
10
8
13
15
10
8
14
8
18
14
10
7
13
9
9
6
8
14
19
7
17
6
18
8
11
13
15
7
11
6
7
12
16
8
7
15
19
8
16
20
6
11
14
7
12
7
16
14
6
18
8
13
14
14
18
8
17
13
9
16
8
12
14
13
20
8
9
8
18
18
18
19
7
15
11
6
7
12
11
12
8
15
10
8
17
16
15
9
10
8
6
6
20
13
13
19
17
18
7
14
10
10
20
10
15
12
8
16
17
18
9
6
18
6
6
16
6
11
13
8
8
6
16
19
9
19
15
16
11
18
8
11
17
17
12
15
20
15
14
10
6
10
16
12
15
8
11
17
13
7
14
15
9
10
18
20
9
6
8
12
11
20
13
9
6
14
15
13
6
9
20
19
10
6
15
18
8
13
7
9
7
11
17
8
17
10
6
17
20
8
16
17
17
18
19
12
8
20
10
7
15
16
13
13
19
11
13
7
18
18
7
7
17
17
17
16

17 37 58 71 86 109 131 158 170 182 207 221 238 268 282 311 341 356 377 402 414 434 446 476 498 511 537 554 577 605 631 649 679 701 720 732 745 771 788 804 827 849 873 896 923 939 954 980 1008 1037 1063 1092 1118 1144 1163 1189 1206 1221 1245 1270 1291 1314 1327 1341 1370 1388 1401 1428 1440 1467 1482 1503 1515 1529 1552 1570 1587 1614 1643 1670 1694 1707 1720 1747 1764 1786 1809 1837 1864 1878 1893 1907 1929 1952 1975 1995 2021 2042 2058 2078 2097 2116 2130 2142 2156 2176 2200 2214 2240 2266 2295 2325 2337 2350 2369 2392 2404 2427 2455 2471 2495 2522 2545 2571 2583 2612 2631 2659 2679 2692 2716 2737 2755 2780 2804 2819 2842 2854 2879 2898 2923 2951 2964 2982 2994 3023 3036 3055 3067 