30 150 7 
9
7
19
11
18
12
8
20
8
8
18
10
13
8
17
11
8
12
9
13
19
13
15
14
9
13
16
7
9
8

14 39 69 84 100 120 142 162 188 204 230 245 259 287 312 334 362 376 398 418 447 471 493 522 539 555 580 597 617 643 657 675 700 717 742 763 786 810 837 858 873 897 918 936 960 974 1004 1032 1049 1070 1089 1110 1133 1151 1171 1185 1211 1231 1259 1274 1297 1315 1345 1361 1379 1403 1429 1449 1465 1493 1512 1531 1557 1583 1601 1615 1635 1660 1682 1701 1715 1745 1763 1791 1820 1842 1857 1882 1904 1918 1945 1975 1996 2011 2029 2052 2073 2103 2132 2161 2175 2202 2221 2240 2262 2277 2298 2318 2333 2359 2382 2412 2434 2454 2478 2504 2533 2554 2572 2591 2610 2624 2647 2664 2687 2704 2724 2739 2758 2788 2809 2828 2858 2885 2905 2923 2942 2961 2976 3006 3034 3060 3087 3117 3139 3157 3175 3192 3207 