200 20 5 
13
20
7
10
13
19
18
14
14
16
6
6
15
5
17
19
10
15
14
10
15
19
17
10
19
12
18
12
8
8
14
12
15
19
11
7
11
20
11
5
8
7
18
9
12
11
11
7
13
13
7
6
19
20
8
6
15
14
14
19
11
11
15
10
20
9
12
11
6
16
18
16
7
15
14
13
7
5
5
9
6
5
19
12
7
20
18
9
19
5
13
14
17
7
5
9
20
13
20
13
5
14
16
6
20
14
18
9
9
13
8
16
15
14
8
5
19
11
6
12
9
7
8
5
17
20
8
18
8
7
9
6
17
8
13
15
5
14
6
6
9
10
12
5
15
18
15
8
16
18
14
6
9
14
7
17
19
11
15
12
7
14
20
14
17
5
17
5
20
5
18
12
15
20
9
15
15
8
16
14
5
15
16
16
9
17
17
10
15
18
19
17
9
12
13
12
13
13
19
13

12 31 44 60 82 92 107 126 142 154 166 185 202 221 233 246 262 279 298 