200 100 6 
8
7
18
19
7
14
8
14
17
11
6
8
8
10
8
8
17
20
15
15
18
10
19
19
18
12
9
8
15
12
19
6
11
7
16
9
11
16
18
14
9
13
16
9
16
14
14
8
12
8
13
7
15
9
15
8
9
18
20
11
15
20
9
13
8
17
19
19
16
7
18
20
20
19
18
20
17
16
17
14
19
16
19
14
6
20
10
9
7
8
9
10
7
18
6
19
9
14
19
7
16
16
19
10
19
9
18
12
7
12
15
7
15
13
9
15
15
10
17
19
19
18
7
14
12
7
6
20
13
20
15
8
13
17
9
19
13
6
11
10
7
10
14
15
12
13
16
19
20
13
15
7
9
8
17
12
10
11
17
15
19
18
20
14
7
12
14
8
19
14
9
19
9
16
14
19
16
10
16
18
6
20
10
8
18
18
11
12
19
18
15
20
9
20
16
16
20
16
11
10

16 44 68 86 109 136 163 190 209 222 239 257 270 293 313 338 368 391 404 425 439 466 481 511 525 542 564 589 619 632 649 666 684 705 735 759 775 802 820 842 855 869 895 911 928 949 970 987 1001 1029 1058 1070 1097 1114 1143 1170 1190 1213 1230 1255 1268 1286 1302 1331 1350 1378 1395 1423 1444 1468 1494 1509 1533 1561 1584 1603 1631 1643 1661 1686 1698 1720 1733 1745 1771 1790 1802 1831 1854 1872 1898 1919 1948 1967 1986 2014 2044 2057 2079 