300 20 5 
9
17
5
16
7
14
5
14
5
10
16
15
12
6
19
13
13
20
10
6
15
10
19
12
9
6
20
13
18
16
16
6
7
6
6
20
13
19
10
11
8
17
8
11
11
18
7
15
17
9
10
8
11
14
13
10
11
18
14
20
16
15
9
6
19
20
9
14
17
16
12
20
10
12
6
7
10
14
8
7
6
11
18
20
9
13
7
6
15
5
17
15
18
19
5
15
19
20
8
6
11
11
17
15
18
19
17
11
17
19
16
11
19
19
10
18
17
14
10
10
14
9
6
6
15
19
11
8
16
13
10
5
19
12
19
5
10
13
17
15
7
8
7
20
18
8
9
11
10
10
13
13
16
20
19
17
17
8
20
11
18
8
7
17
16
12
10
15
8
19
14
11
5
6
19
11
9
19
7
5
14
8
9
7
12
14
19
8
14
9
7
15
16
13
8
19
12
19
12
19
5
12
17
7
19
5
14
6
17
11
12
9
19
17
5
16
12
16
11
20
15
15
12
12
20
19
20
20
13
8
19
11
9
17
17
11
9
12
16
15
18
9
17
16
18
13
9
16
6
18
5
11
11
17
11
10
20
19
19
10
12
20
7
13
12
9
7
16
15
19
15
12
19
5
13
16
19
19
13
15
19
11
8
6
12
8
13
17
9
20
14
15
17
14
14
19
5
13
9
12

16 28 55 71 87 98 115 139 152 167 183 209 232 247 262 272 301 324 352 