350 10 6 
15
12
16
10
16
8
6
13
18
13
9
20
19
6
7
13
10
9
7
12
8
9
17
15
18
18
10
14
16
20
11
13
20
12
10
6
10
9
7
19
9
13
12
6
11
20
18
12
17
9
20
6
8
11
7
11
13
10
14
10
6
9
13
15
15
13
7
18
17
14
14
12
16
18
12
12
12
7
13
8
8
14
10
13
13
20
15
20
13
12
12
15
13
16
6
18
13
20
20
10
13
11
19
10
11
8
18
12
18
15
19
15
18
7
6
12
16
7
10
8
8
19
16
13
15
6
6
9
6
19
16
20
19
12
9
6
17
8
6
13
7
19
17
13
13
10
8
12
7
13
12
20
19
19
10
20
7
20
14
11
14
9
18
12
19
7
15
16
11
7
15
12
7
10
12
20
17
19
16
8
11
14
13
11
18
15
14
12
13
16
8
13
19
15
15
19
6
12
11
17
19
15
6
7
18
18
8
9
11
11
8
9
17
13
9
17
18
14
13
19
13
18
19
15
20
9
14
6
20
18
18
15
7
19
11
9
12
12
19
19
19
14
15
19
15
12
7
15
15
16
19
14
20
15
11
14
19
20
6
13
7
6
13
9
6
16
8
7
6
11
12
13
12
10
9
11
14
15
15
11
19
10
18
12
8
10
17
15
20
13
6
15
17
14
10
10
9
17
13
8
15
18
15
15
7
19
18
11
9
20
8
16
8
17
14
6
19
10
15
12
6
12
12
8
10
19
7
17
20
6
19
18
8
14
12
8
13
12
17
19
11
20
14
12
12
7
10
10
8
6

22 34 61 84 106 134 162 185 211 