100 100 5 
19
17
18
14
17
5
16
9
6
18
16
5
12
17
8
16
11
18
5
9
5
5
8
8
20
11
16
14
16
9
14
14
5
14
5
12
20
5
17
20
9
13
9
14
14
6
8
17
13
14
8
6
11
14
16
15
20
15
16
7
17
16
9
11
17
12
19
10
7
8
9
9
16
11
8
9
8
17
8
13
14
17
10
7
20
13
19
19
11
9
7
6
15
16
10
8
15
20
19
16

26 43 61 90 111 134 161 185 195 208 223 245 269 281 291 311 340 368 388 405 422 439 464 484 498 513 525 535 560 571 598 614 637 651 679 691 721 731 754 777 800 814 839 865 877 888 909 921 947 960 975 988 1015 1032 1050 1070 1083 1110 1120 1135 1154 1180 1206 1229 1243 1272 1292 1316 1335 1357 1372 1395 1417 1436 1451 1461 1487 1505 1533 1555 1567 1594 1624 1640 1651 1665 1692 1712 1736 1758 1775 1804 1817 1834 1851 1864 1893 1914 1932 