300 50 7 
9
11
8
15
19
14
10
7
7
20
17
9
17
11
13
18
10
20
20
18
18
18
15
9
14
14
8
8
15
11
7
9
16
20
18
11
14
11
20
17
9
8
9
12
8
16
19
14
11
11
17
10
19
16
15
11
14
15
19
18
11
9
16
15
16
19
11
15
8
19
18
20
12
8
7
18
19
20
11
13
20
10
13
12
11
14
8
7
17
12
16
14
11
13
14
8
12
9
9
17
20
12
19
12
19
18
19
10
7
11
14
18
17
14
15
19
8
16
14
8
17
17
19
13
8
15
12
20
7
15
12
14
19
18
15
19
7
19
19
14
20
13
18
20
14
8
7
20
16
13
18
11
15
9
7
18
13
19
14
16
11
12
10
14
19
12
20
16
10
17
12
14
7
12
19
12
7
9
16
14
11
8
11
17
8
18
14
8
14
12
8
12
19
14
8
16
15
20
10
20
13
14
15
9
14
10
13
17
12
7
7
10
17
15
8
11
12
12
8
20
11
10
9
9
13
8
13
12
7
9
11
18
11
8
18
7
18
12
13
12
19
11
17
15
8
9
7
7
14
7
7
13
17
16
13
20
12
7
16
20
14
12
18
9
18
17
15
15
10
18
9
17
20
15
16
9
20
18
10
14
9
7
17
16
12
12
12
10
13
15
17
20
9
13
14
19
11
19
15
12

23 53 83 107 123 152 169 194 210 230 246 266 281 302 327 349 365 388 413 434 460 474 490 513 542 570 587 606 628 649 678 699 729 751 768 798 812 836 851 868 896 914 943 969 997 1013 1036 1062 1084 