350 20 7 
12
17
14
16
20
15
18
13
19
8
13
12
20
19
10
19
9
19
8
12
16
19
9
18
17
14
13
11
7
11
16
7
7
11
18
15
16
20
10
19
7
14
17
19
12
12
15
12
19
14
10
12
8
20
7
19
14
7
8
19
11
16
20
9
11
17
8
19
9
9
13
17
13
18
19
16
20
14
19
17
20
11
12
13
8
13
7
7
7
8
13
9
14
8
10
10
10
17
20
17
16
15
13
7
19
19
9
9
12
19
9
11
12
7
7
8
12
7
16
9
13
15
8
10
12
13
10
19
15
20
14
11
14
10
11
7
12
13
9
15
18
11
12
20
10
16
19
10
10
18
7
10
15
20
19
17
8
15
20
12
12
17
9
12
7
9
19
7
17
16
11
15
9
20
17
15
15
16
9
7
10
19
17
15
11
19
11
16
7
13
7
13
14
14
15
19
19
16
16
18
9
16
15
10
14
9
17
12
7
7
16
9
13
12
19
19
8
8
18
12
11
9
18
12
16
19
20
19
13
13
14
18
7
9
17
13
8
19
9
10
19
9
7
17
20
19
10
9
11
17
7
15
10
18
7
7
12
11
11
9
10
18
11
11
9
11
9
16
15
10
13
13
19
10
18
15
19
14
13
13
10
20
12
9
7
10
20
17
15
9
20
8
9
7
10
15
17
10
13
20
18
19
17
16
8
9
7
16
17
16
18
14
20
16
15
11
15
20
13
15
19
17
17
11
16
13
9
20
10
19
15
7
10
8
12
14
19
14
18
20
15
9
9
16
18
10
11
18
19
10

26 56 72 93 111 127 141 170 193 217 246 265 279 300 322 347 377 407 423 