300 50 6 
20
13
11
20
12
8
20
13
19
6
19
15
20
15
6
13
14
19
9
14
8
10
17
8
8
14
18
14
9
7
15
19
12
20
14
8
19
14
15
19
16
14
10
15
9
8
13
10
14
14
12
20
17
19
7
10
15
9
15
20
11
15
17
19
12
15
8
6
7
11
13
10
6
12
13
8
18
7
14
19
8
19
8
14
19
18
16
15
8
11
13
9
20
16
7
13
8
17
17
20
12
7
18
15
16
16
10
19
19
8
20
9
17
8
9
10
15
13
7
11
8
11
8
15
20
15
12
15
19
10
9
18
19
13
9
13
9
9
20
6
7
7
12
15
10
18
10
9
11
14
15
7
12
9
19
6
18
15
16
14
20
15
6
12
19
20
9
13
13
7
9
16
15
15
15
9
19
16
14
12
16
17
12
11
12
11
19
14
15
11
6
14
12
9
14
8
16
17
17
7
10
16
10
19
19
20
16
11
6
11
6
10
11
17
14
16
14
11
10
9
13
11
10
14
8
20
7
11
20
12
12
8
6
6
10
11
10
13
15
10
6
13
18
10
6
20
16
10
13
15
8
19
6
11
20
7
12
18
12
16
6
17
6
20
16
8
9
20
18
10
6
10
13
11
19
14
15
15
17
20
18
10
8
15
7
20
12
7
9
9
18
7
16
17
14
7
12
14
16
17

17 44 58 78 102 114 134 163 183 205 233 254 274 286 315 329 357 386 399 416 446 464 488 503 529 543 564 587 601 618 646 676 701 727 753 765 783 806 818 833 854 879 891 918 940 953 972 985 1013 