350 10 7 
15
15
18
17
17
15
13
9
7
19
12
16
12
14
8
14
8
16
10
15
14
17
13
19
9
8
8
20
9
16
7
8
13
9
9
20
13
16
8
20
10
8
7
14
12
19
10
20
20
19
17
9
19
12
9
14
20
14
19
12
13
18
19
15
9
8
16
13
19
11
8
16
19
8
17
9
20
16
10
10
7
10
10
14
13
19
16
9
20
8
20
9
17
7
16
18
18
15
11
11
15
17
20
13
9
15
18
13
18
19
12
20
15
20
14
16
16
13
8
19
7
9
7
8
14
12
7
12
9
18
19
9
19
19
15
20
14
7
14
14
8
17
14
19
11
14
11
11
20
8
14
16
13
19
7
19
17
20
13
19
10
15
7
13
16
8
15
14
20
10
13
12
19
12
10
15
7
19
8
19
20
14
7
16
15
19
11
20
11
10
18
12
15
15
13
7
18
17
9
11
16
17
10
7
14
8
17
7
17
14
10
16
9
10
17
7
9
16
11
11
11
13
10
15
16
12
18
17
14
14
14
17
10
14
20
15
14
9
19
11
8
14
19
8
12
19
9
13
19
15
16
8
18
18
10
9
12
19
17
19
16
18
20
10
17
11
17
14
19
12
14
12
8
16
14
13
8
8
20
20
18
15
7
20
11
15
9
16
16
19
14
14
10
9
14
14
17
8
7
14
19
20
17
10
11
17
13
19
16
18
16
10
10
15
20
11
7
7
15
11
20
7
7
11
13
7
15
8
8
8
10
10
17
12
15
15
14
13
13
15
9
17
9
16
15
20
20
12
20
16

28 48 70 99 128 153 167 193 219 