200 100 7 
17
14
16
17
15
10
11
10
10
18
14
7
9
14
17
17
20
16
7
7
13
8
18
16
10
19
14
20
17
9
7
11
17
7
15
18
8
17
11
13
13
14
14
13
19
17
17
9
20
9
11
13
15
15
7
20
14
19
7
7
14
17
8
8
16
7
9
9
13
15
7
20
9
9
14
20
11
17
12
10
10
9
9
8
9
18
16
13
10
16
13
15
19
10
7
14
10
8
13
17
7
16
12
11
18
8
12
11
19
16
7
9
19
10
10
8
15
9
11
10
12
10
9
12
14
10
15
19
8
8
18
7
14
17
18
20
19
11
11
12
14
13
19
7
13
11
11
15
7
11
20
8
16
15
10
18
7
11
17
10
17
19
9
7
16
8
19
10
12
8
18
9
13
19
20
14
16
8
16
7
11
9
19
10
9
19
20
15
20
7
20
20
16
17
7
7
11
19
15
11

29 43 65 94 110 125 154 184 203 222 244 265 283 308 336 356 373 400 422 450 476 492 508 534 551 573 594 610 631 646 670 696 723 740 763 791 806 826 853 882 897 913 935 962 990 1014 1039 1062 1077 1101 1115 1140 1159 1188 1206 1228 1255 1273 1288 1308 1325 1350 1372 1393 1415 1437 1459 1473 1503 1525 1549 1579 1596 1621 1644 1665 1683 1711 1740 1770 1794 1818 1840 1864 1885 1913 1939 1967 1982 1996 2014 2043 2064 2093 2110 2124 2144 2167 2185 