300 150 6 
9
12
7
13
20
7
7
15
17
19
18
16
16
7
6
18
10
9
9
12
8
13
13
14
12
12
12
6
9
9
20
13
11
7
18
14
15
14
8
16
20
17
15
16
11
11
13
19
11
14
10
18
16
6
15
11
10
20
19
14
7
13
6
19
11
18
8
11
9
6
14
17
10
10
15
9
15
17
19
13
14
11
12
10
17
20
19
14
11
18
14
12
7
15
6
17
6
16
17
15
18
15
11
14
10
15
12
12
12
15
20
8
12
8
15
7
12
12
7
9
11
14
17
10
10
15
7
8
17
20
17
13
20
14
19
16
10
7
12
12
16
19
6
11
18
8
8
14
7
7
6
9
15
15
11
17
19
9
17
17
9
18
10
16
13
14
18
7
18
18
11
6
10
14
6
6
8
6
15
18
8
20
13
10
18
18
20
7
6
19
10
16
17
12
6
14
17
10
11
11
14
10
18
15
6
13
11
12
8
18
7
7
20
7
14
20
8
20
8
6
15
8
11
7
11
17
14
11
9
17
8
12
19
6
8
10
15
11
17
9
16
13
16
9
12
9
8
7
9
13
8
9
10
8
20
15
17
9
11
17
13
10
7
13
20
8
15
13
11
10
9
17
12
19
15
20
8
14
12
15
17
6
8
10
11
16
12
13
12
15
17
8
6
17
20
12
14
20
9
15

14 41 63 80 92 105 133 158 179 208 233 254 280 293 320 334 350 366 396 424 438 458 487 507 528 551 569 586 606 621 633 658 679 691 703 718 735 759 787 810 833 847 866 887 911 941 953 968 986 1005 1035 1062 1085 1107 1136 1152 1169 1190 1202 1228 1249 1268 1298 1322 1339 1369 1383 1396 1410 1440 1454 1478 1490 1502 1516 1528 1552 1568 1583 1599 1627 1656 1673 1687 1705 1730 1760 1788 1815 1844 1857 1870 1889 1914 1934 1960 1974 2002 2015 2041 2060 2075 2096 2119 2144 2163 2181 2203 2227 2249 2273 2287 2308 2325 2343 2370 2393 2419 2434 2454 2471 2494 2509 2537 2556 2581 2611 2629 2654 2668 2692 2720 2733 2751 2778 2793 2816 2846 2858 2884 2906 2934 2963 2988 3017 3032 3058 3084 3113 