300 50 5 
20
15
13
18
9
18
8
18
17
16
16
5
6
6
14
18
19
6
8
15
19
13
13
7
10
18
17
10
19
18
6
5
9
10
12
19
9
5
10
20
7
7
13
14
17
8
16
17
18
5
13
15
7
19
19
12
7
5
9
18
14
17
17
8
11
14
17
20
11
17
14
14
5
8
9
7
8
6
15
11
17
16
11
19
18
7
15
13
15
7
20
15
10
16
14
10
18
19
19
12
7
15
12
9
18
12
13
11
19
7
18
7
10
16
11
17
10
17
10
19
10
16
10
10
14
6
18
18
6
17
10
19
6
6
14
12
6
11
16
15
10
5
19
13
20
13
5
19
8
8
12
5
17
7
20
10
18
12
8
8
16
15
16
18
14
16
9
15
9
13
11
13
5
6
7
5
7
15
16
17
20
6
12
11
10
6
10
8
14
11
6
5
6
6
10
16
8
19
8
11
18
10
6
12
12
19
8
8
11
14
20
17
7
17
18
14
15
19
19
11
11
9
20
16
18
14
19
6
13
9
17
6
11
9
8
20
7
20
14
13
8
17
11
13
7
18
8
5
6
7
8
11
15
14
11
17
10
15
17
10
19
8
12
10
12
20
9
14
14
17
17
13
6
17
10
13
14
17
19
8
9
9
16
16
19
20
19
17
8
17
12
6
20
8
18
15
11
17
18
17

16 43 70 99 109 130 142 157 169 185 211 234 246 258 272 298 319 347 369 389 407 425 440 452 467 479 506 532 559 569 598 609 627 656 679 699 710 730 745 763 773 784 794 805 816 830 854 874 903 