350 50 7 
11
11
18
8
7
7
8
7
9
16
20
14
8
10
20
16
18
17
13
20
9
18
12
20
15
8
15
20
14
8
17
15
20
15
18
12
18
12
19
16
7
8
19
13
9
16
18
20
19
20
20
20
17
16
18
18
12
19
9
9
8
13
13
12
10
18
13
12
8
10
14
16
20
10
13
16
9
18
15
14
20
11
9
11
14
12
19
19
8
18
16
8
7
15
17
14
14
13
19
9
14
18
9
12
15
14
18
15
20
17
15
17
17
10
7
7
16
16
8
9
10
16
10
16
11
11
14
12
10
11
17
12
11
12
9
19
18
8
13
19
17
12
19
20
13
8
8
14
8
16
15
14
19
13
7
17
7
9
13
17
7
8
12
12
10
11
17
13
20
16
17
11
16
13
13
16
9
15
12
17
10
11
7
11
7
9
12
15
11
16
10
7
15
17
10
18
10
8
7
20
18
15
14
8
11
9
20
18
19
9
9
17
20
10
17
14
10
19
17
7
13
13
20
20
20
15
17
7
8
15
18
10
19
18
17
17
20
11
9
13
18
10
17
17
11
15
9
9
13
18
8
11
8
10
9
15
13
10
12
18
19
14
10
7
18
10
8
11
19
15
14
13
10
13
12
14
8
9
19
9
16
11
19
20
10
17
7
10
7
9
8
14
17
14
9
20
20
11
7
7
13
10
13
10
18
20
16
13
20
11
9
7
18
7
16
18
8
19
12
13
18
9
15
8
19
20
7
16
14
11
12
14
7
15
10
8
16
17
12
9
8
19
17
7
10
20
19
9
9
15

15 37 66 84 114 142 158 178 196 211 240 260 285 303 321 335 349 366 393 423 444 465 485 511 533 548 563 585 608 633 653 670 690 712 740 765 785 807 830 852 871 887 901 915 945 969 983 1008 1032 