20 150 5 
14
17
18
13
18
5
9
19
19
9
20
12
8
13
5
5
9
19
19
8

12 27 42 71 101 117 143 164 188 218 229 256 280 303 324 340 359 388 415 428 450 463 489 500 511 538 567 594 606 629 641 654 673 695 725 742 757 781 801 829 859 880 894 920 938 949 967 979 993 1006 1019 1031 1052 1067 1087 1107 1121 1151 1181 1206 1233 1253 1272 1286 1305 1335 1357 1386 1406 1435 1455 1471 1495 1510 1520 1549 1579 1589 1605 1618 1643 1667 1692 1710 1726 1742 1765 1784 1810 1829 1844 1863 1888 1908 1934 1954 1974 1991 2011 2031 2054 2064 2092 2114 2143 2170 2190 2204 2233 2243 2255 2274 2290 2316 2329 2341 2367 2392 2403 2427 2444 2465 2479 2495 2518 2536 2557 2577 2596 2606 2635 2655 2666 2693 2709 2728 2742 2772 2797 2824 2846 2869 2885 2902 2918 2930 2955 2968 2997 