350 150 5 
14
17
7
9
19
15
12
6
9
12
15
13
15
18
19
9
11
5
20
16
20
14
15
13
12
6
5
17
18
17
13
5
7
13
8
19
16
11
8
6
11
13
19
15
5
17
20
10
11
13
19
16
16
11
6
13
15
7
8
5
17
7
9
19
16
10
7
18
13
20
11
16
15
9
7
16
14
7
14
14
15
10
20
8
16
10
8
11
7
7
15
12
6
8
20
9
17
16
12
15
19
18
14
12
14
7
19
7
17
14
10
15
15
19
16
18
14
18
14
16
13
13
19
14
10
13
19
15
18
6
16
16
10
15
8
18
14
16
15
14
8
11
15
20
19
16
14
5
16
12
15
18
9
18
10
20
20
14
16
13
11
5
10
14
9
16
18
11
7
11
20
12
9
9
6
5
18
10
6
9
15
16
19
10
18
14
14
20
14
18
18
11
19
20
18
17
10
15
18
13
19
17
10
9
12
14
6
10
6
9
16
6
19
5
18
16
18
8
7
7
14
17
18
17
19
12
17
18
19
20
19
17
8
9
7
13
11
18
7
11
5
20
5
20
19
19
5
13
15
9
11
6
13
5
6
7
19
5
14
7
13
7
10
16
16
12
5
16
13
14
17
17
8
20
12
11
9
19
19
7
18
8
20
7
19
19
8
5
11
6
17
10
16
15
17
16
17
17
11
10
9
10
13
18
6
16
14
19
11
13
20
8
19
13
10
20
8
6
16
20
19
8
19
18
20
20
15
11
19
17
18
19
8
13
18
7
9
17
18
20
18
8
17
6
10
18
19
20
19
20

10 35 47 69 80 93 103 114 144 172 184 207 236 259 289 305 328 343 362 373 391 416 444 456 477 497 518 533 557 576 605 630 648 675 690 711 735 754 776 794 820 833 843 870 894 916 927 954 981 1008 1020 1045 1068 1082 1112 1128 1141 1169 1196 1211 1226 1240 1260 1288 1312 1325 1349 1370 1387 1416 1440 1468 1486 1503 1526 1550 1575 1587 1614 1637 1665 1676 1686 1699 1716 1738 1751 1764 1782 1811 1823 1835 1851 1877 1899 1910 1924 1947 1964 1981 2007 2036 2054 2078 2088 2105 2121 2149 2160 2184 2204 2214 2226 2246 2256 2285 2308 2332 2345 2364 2383 2412 2433 2456 2486 2496 2506 2532 2553 2570 2593 2614 2629 2640 2665 2686 2705 2723 2752 2777 2787 2801 2815 2835 2850 2874 2892 2920 2941 