200 20 6 
20
8
6
20
14
16
10
14
15
15
8
9
17
8
14
13
19
13
8
18
7
18
11
7
16
20
6
12
12
10
11
6
7
15
13
6
12
11
14
14
8
11
17
12
6
6
17
13
20
10
14
13
15
8
18
20
6
10
12
7
19
14
10
17
14
6
18
15
17
17
13
10
18
16
12
6
11
13
12
16
8
9
11
14
19
20
12
18
20
18
14
15
9
18
10
18
12
8
20
20
13
20
18
11
20
15
16
16
20
14
7
13
20
13
19
7
15
10
9
15
10
6
10
10
19
18
10
13
9
7
20
8
7
20
18
15
19
10
18
17
9
16
14
10
15
14
17
7
16
14
14
6
20
15
16
16
10
14
7
12
12
20
20
13
10
8
10
10
12
20
10
12
10
7
9
8
17
10
7
16
17
16
19
17
15
14
12
6
16
16
11
11
6
7
14
20
14
12
14
9

29 58 71 101 124 153 167 184 213 232 259 284 299 325 340 354 374 391 417 