30 100 5 
17
15
5
5
18
14
10
9
8
6
8
16
15
17
12
18
13
10
9
7
9
12
10
13
14
10
8
8
13
17

11 26 46 58 88 108 133 143 159 185 213 234 253 266 289 304 318 338 353 382 401 426 453 476 502 527 540 562 581 601 614 627 640 654 681 708 721 736 758 770 797 808 826 853 879 905 929 957 976 986 1012 1023 1049 1065 1078 1102 1112 1125 1152 1177 1200 1223 1237 1265 1291 1321 1335 1345 1355 1365 1392 1402 1419 1430 1450 1469 1496 1506 1520 1544 1556 1585 1601 1625 1639 1649 1660 1675 1700 1719 1743 1760 1784 1808 1829 1842 1862 1878 1897 