100 150 6 
12
7
19
8
14
9
10
17
14
7
13
11
20
16
15
18
18
14
18
17
9
12
10
13
20
17
10
15
8
12
14
20
9
15
18
18
9
6
12
17
19
6
7
14
12
16
20
10
12
6
20
11
12
18
12
7
11
13
13
11
14
12
10
20
20
18
16
10
20
13
12
7
8
20
13
11
9
16
11
18
14
12
12
14
15
11
19
15
10
15
9
6
16
14
7
7
7
12
13
17

13 34 59 76 103 129 158 172 201 229 244 258 287 301 327 343 360 383 403 428 455 478 506 535 554 579 600 626 656 686 713 738 767 782 807 824 852 872 899 926 956 972 987 1003 1026 1050 1078 1108 1129 1154 1184 1207 1221 1237 1251 1276 1304 1333 1350 1377 1390 1415 1431 1443 1465 1487 1503 1518 1532 1556 1569 1589 1612 1629 1647 1660 1672 1690 1707 1725 1744 1767 1786 1810 1840 1859 1882 1908 1920 1937 1952 1981 1997 2009 2038 2052 2075 2099 2118 2137 2156 2185 2203 2232 2260 2280 2303 2333 2345 2370 2382 2400 2423 2448 2465 2489 2515 2538 2552 2579 2592 2608 2632 2657 2686 2715 2732 2752 2780 2806 2825 2846 2870 2899 2916 2945 2962 2976 3004 3021 3043 3055 3067 3082 3095 3116 3144 3173 3193 