30 150 6 
8
7
8
19
10
9
15
14
7
18
7
8
8
15
9
14
10
14
13
9
9
16
7
17
13
17
11
8
6
6

16 38 68 81 108 128 145 167 194 212 233 254 275 302 322 344 361 384 413 431 459 473 490 512 542 565 577 589 609 639 666 680 704 734 753 776 796 818 842 865 885 897 923 939 964 992 1019 1047 1067 1082 1099 1113 1132 1162 1174 1192 1213 1230 1248 1260 1289 1309 1330 1349 1370 1398 1413 1432 1457 1472 1485 1512 1524 1549 1566 1588 1607 1629 1649 1667 1682 1696 1723 1744 1764 1784 1814 1829 1855 1884 1901 1928 1956 1976 1993 2012 2031 2058 2082 2107 2133 2157 2183 2204 2231 2248 2274 2286 2306 2328 2350 2374 2400 2429 2452 2464 2489 2511 2535 2550 2573 2589 2615 2644 2656 2672 2698 2721 2744 2757 2779 2806 2827 2848 2874 2887 2903 2930 2948 2972 2992 3012 3040 3067 3087 3111 3124 3140 3156 