200 10 5 
16
20
13
19
17
19
10
17
10
19
8
13
19
12
16
11
5
20
15
6
12
6
7
8
13
19
20
10
9
6
17
12
19
11
12
7
14
19
8
17
10
17
18
17
17
9
6
19
13
10
18
14
13
9
11
20
8
16
15
10
17
7
11
10
11
18
14
5
14
10
13
12
10
17
8
16
12
16
13
8
15
19
12
20
5
8
11
16
6
19
11
11
8
6
10
8
16
15
10
20
8
18
17
9
17
9
19
19
11
9
14
18
19
7
20
15
11
11
14
18
16
20
14
19
9
11
6
15
11
12
7
13
5
19
13
18
8
19
9
18
6
13
15
8
16
15
18
8
8
11
12
19
14
9
18
11
9
15
6
7
20
16
15
8
12
19
7
13
7
7
20
5
7
19
9
20
14
18
13
7
20
14
12
11
7
12
13
10
19
10
20
8
18
20
9
13
6
12
9
20

22 47 74 101 120 147 171 185 199 