20 150 6 
18
8
8
6
18
12
11
18
15
11
8
6
18
20
10
16
10
20
6
12

18 43 73 96 113 128 151 176 194 206 231 245 258 288 307 330 344 372 397 418 437 452 475 487 512 535 560 585 614 636 666 688 709 727 743 768 780 793 809 826 848 875 901 925 942 970 985 1012 1041 1055 1077 1092 1109 1124 1141 1154 1176 1195 1215 1233 1251 1275 1292 1313 1333 1359 1388 1401 1414 1442 1456 1482 1496 1518 1544 1562 1584 1612 1633 1657 1679 1702 1730 1749 1770 1799 1821 1834 1861 1883 1912 1942 1972 1988 2016 2039 2057 2073 2090 2108 2136 2148 2171 2199 2220 2237 2262 2281 2301 2330 2358 2376 2391 2407 2436 2449 2471 2485 2503 2519 2533 2545 2566 2578 2597 2615 2637 2660 2681 2696 2717 2740 2752 2775 2794 2821 2837 2865 2884 2904 2925 2953 2972 3002 3023 3044 3068 3091 3109 