300 100 5 
17
14
8
5
17
6
13
7
13
14
16
11
12
19
15
6
12
9
10
12
6
5
5
15
19
13
14
5
16
12
15
13
14
11
6
19
14
12
20
18
11
8
19
9
7
13
12
17
11
16
7
14
9
9
19
20
20
15
9
11
19
17
12
6
17
7
20
17
9
8
12
10
16
13
8
18
19
6
11
19
19
11
8
19
14
6
7
10
16
15
10
17
10
8
16
11
17
11
10
8
10
16
13
8
5
19
7
13
7
6
5
20
13
19
20
6
13
20
7
9
15
6
9
12
13
11
19
20
7
15
16
16
9
14
14
19
17
20
8
19
12
5
18
14
16
14
5
13
15
11
12
11
10
11
14
7
20
16
13
7
9
12
13
16
15
9
9
20
12
7
19
12
8
11
10
6
20
5
17
16
11
19
14
6
8
5
16
8
8
17
5
15
17
8
10
17
20
8
20
19
15
19
15
15
5
16
5
7
18
17
17
8
10
5
5
18
17
14
9
7
17
5
20
18
7
12
15
10
14
5
8
7
17
18
5
5
11
13
11
6
17
8
13
13
18
7
8
8
14
13
15
13
5
20
18
9
17
17
20
20
7
7
13
9
10
11
13
5
17
8
19
14
9
20
13
6
13
18
17
15
6
10
11
18
14
6
7
11
9
14
17
7
6
6
11
16
18
6
15
8

24 52 76 101 131 155 184 199 216 243 272 295 320 350 367 397 414 425 453 480 500 519 531 547 574 585 606 624 640 651 671 697 715 734 764 782 812 829 846 867 878 891 910 931 949 975 995 1011 1023 1048 1067 1077 1101 1126 1141 1160 1174 1186 1211 1221 1247 1274 1301 1317 1336 1348 1360 1387 1410 1432 1442 1457 1478 1496 1525 1553 1582 1611 1632 1651 1674 1699 1716 1735 1748 1759 1778 1788 1803 1825 1844 1874 1899 1918 1947 1974 2003 2025 2055 