350 100 6 
20
16
8
11
14
7
20
19
19
13
19
12
11
16
16
12
17
16
18
12
6
19
15
20
15
18
18
20
8
16
14
20
8
17
19
6
18
10
15
16
17
8
10
16
11
9
14
20
19
18
20
16
10
12
17
17
20
18
18
13
19
18
11
12
7
18
15
15
7
12
18
18
17
13
16
15
13
19
13
15
10
18
12
14
18
13
17
13
15
20
15
19
14
9
8
9
8
19
11
15
14
16
20
11
8
12
18
20
17
16
16
13
7
11
11
13
6
14
15
15
11
11
9
18
17
7
20
19
7
19
9
11
14
6
16
9
7
16
7
20
13
20
20
16
12
17
14
7
9
7
18
8
9
16
17
20
12
20
9
17
19
20
20
9
17
17
6
19
8
12
11
19
14
14
17
6
18
14
9
16
10
11
12
14
12
17
11
10
7
18
15
18
17
18
11
7
11
16
20
11
6
6
8
7
9
14
17
8
11
16
14
6
12
6
14
19
19
20
19
8
13
7
16
13
20
6
10
12
19
19
6
18
15
13
14
10
16
6
17
10
11
14
14
20
11
17
7
16
17
13
16
8
14
19
11
18
8
14
7
7
6
6
19
7
7
6
7
17
8
13
16
8
18
19
16
17
18
13
16
14
20
12
16
12
14
13
10
17
13
7
12
16
17
11
10
12
16
19
8
20
11
15
8
13
16
11
6
10
12
8
19
19
18
18
12
10
17
10
7
18
6
15
17
13
7
17
6
10
12
6
19
7
8
18
7
8
7
13
15
11
8
19
20
20
11
13
19
20
9
18

12 32 60 87 116 129 150 175 199 213 229 252 277 298 313 328 351 365 380 396 413 433 459 480 501 529 544 562 585 612 625 653 672 689 705 726 749 762 783 798 823 839 856 871 892 909 927 944 963 988 1008 1038 1068 1084 1114 1144 1162 1174 1199 1215 1230 1247 1262 1283 1313 1329 1355 1371 1391 1409 1425 1443 1473 1488 1516 1536 1553 1579 1601 1623 1640 1664 1687 1702 1726 1752 1771 1798 1824 1850 1862 1891 1918 1938 1963 1981 2001 2024 2053 