200 100 6 
7
17
15
6
9
11
17
7
15
20
20
7
12
11
17
19
13
6
14
20
16
17
16
19
12
18
10
18
8
11
16
15
6
9
19
13
12
12
8
10
18
6
11
7
14
9
17
14
10
14
6
15
7
18
9
19
9
6
18
13
13
10
18
8
16
17
16
11
10
14
20
14
18
14
19
13
13
15
7
19
6
9
19
12
20
17
15
6
14
9
16
14
11
19
12
19
10
8
19
13
14
20
8
12
20
6
17
13
10
16
6
12
11
17
12
14
20
13
6
12
13
10
17
12
20
17
20
7
10
9
13
17
19
12
9
6
12
14
12
19
6
20
18
8
11
16
20
18
17
19
13
6
13
14
14
6
8
11
20
19
16
13
11
13
17
20
18
17
10
8
20
16
9
16
7
20
7
12
10
17
17
9
12
18
19
13
12
20
15
10
11
6
17
18
14
19
7
12
19
15

24 53 73 100 122 147 159 185 207 225 237 261 280 304 325 351 367 394 421 447 473 500 527 552 568 580 600 612 637 661 680 710 729 758 771 784 798 822 843 869 885 906 919 940 970 986 1000 1025 1042 1054 1078 1090 1110 1125 1145 1161 1181 1209 1238 1259 1276 1294 1315 1334 1347 1362 1382 1405 1425 1443 1472 1501 1522 1534 1548 1576 1605 1623 1639 1656 1675 1691 1708 1732 1748 1778 1800 1826 1839 1866 1880 1906 1919 1931 1961 1978 1992 2006 2029 