350 20 6 
18
6
6
12
13
6
9
8
20
16
18
15
13
20
18
19
14
16
14
16
12
18
7
11
7
6
15
11
14
9
14
12
12
7
11
9
15
15
15
9
19
10
17
10
14
17
13
6
19
16
8
8
9
8
16
10
12
19
18
10
8
6
15
9
10
7
20
20
16
17
10
11
11
11
13
8
13
14
15
17
19
18
16
17
13
10
12
18
20
18
10
17
9
20
9
13
14
11
15
17
9
19
9
17
9
20
13
7
11
16
15
13
19
13
7
9
7
8
13
6
6
12
7
10
16
11
18
9
11
8
13
17
15
12
19
12
11
6
12
17
7
16
9
20
6
13
10
14
7
13
16
7
9
11
7
16
15
18
15
20
12
18
16
18
17
8
19
15
15
8
14
9
8
11
7
7
9
17
15
6
16
10
14
16
6
7
15
10
12
20
13
14
9
19
16
8
15
11
6
15
20
7
15
11
8
15
7
19
7
20
14
17
15
14
6
9
7
9
11
6
9
19
9
16
7
7
17
12
15
17
9
10
11
19
11
11
13
15
17
11
6
13
10
17
15
18
6
7
10
16
12
18
14
6
7
9
7
11
9
11
18
15
6
13
14
17
15
10
18
10
17
10
17
18
10
11
11
19
10
8
11
13
17
18
11
19
8
15
13
20
17
17
15
6
8
18
8
14
20
13
15
15
19
10
10
10
17
6
8
16
20
8
9
12
18
6
17
20
12
12
11
8
17
16
8
7
12
12
6
19
8
8
14
20
7
8
17
11
7
12
9
7
7
7
15
10
9
19
19
13

20 35 64 94 106 136 159 175 196 222 247 260 285 300 312 329 344 364 391 