100 100 5 
15
11
16
7
14
20
7
17
9
12
15
19
19
13
14
13
13
18
19
19
13
12
9
17
14
7
14
16
8
12
5
6
17
8
10
18
20
13
20
8
17
7
15
9
5
18
10
8
12
10
14
8
20
19
17
10
20
10
10
5
13
11
6
6
15
20
9
11
15
10
9
11
7
11
8
9
14
20
16
8
10
19
20
16
20
16
20
17
11
8
17
8
12
10
18
16
16
6
7
11

13 43 69 87 113 140 153 171 195 225 239 257 283 299 323 335 361 383 409 422 440 461 487 499 525 547 567 585 599 615 631 652 670 689 701 731 745 756 782 807 836 848 866 890 916 937 948 968 983 1004 1031 1050 1066 1079 1105 1131 1157 1179 1198 1220 1235 1263 1275 1303 1318 1346 1374 1397 1422 1437 1459 1488 1505 1515 1535 1549 1572 1587 1612 1637 1648 1660 1690 1711 1728 1748 1770 1800 1811 1836 1848 1862 1888 1907 1931 1958 1978 2004 2028 