400 10 6 
17
6
14
7
18
10
6
15
18
19
10
13
17
9
13
19
8
6
13
16
8
20
19
20
12
18
18
10
9
11
19
18
8
14
9
19
18
12
14
8
20
16
6
8
8
17
12
12
10
13
11
6
8
10
9
14
8
12
18
13
16
19
7
17
15
8
14
9
13
6
13
16
12
16
17
9
16
10
12
18
12
17
8
19
16
16
13
13
6
11
12
9
17
10
17
19
20
17
20
7
11
10
18
15
11
10
6
15
13
18
14
19
15
19
10
13
11
16
6
17
8
20
9
13
14
20
16
6
15
18
8
20
13
19
8
20
14
12
8
19
17
20
9
16
14
10
18
15
20
8
15
11
18
10
9
14
17
13
6
14
7
20
7
7
16
6
14
8
11
7
10
6
13
16
14
18
16
14
13
14
18
16
9
16
13
16
7
19
17
19
16
19
12
8
6
13
18
12
14
14
8
20
16
15
8
6
6
10
10
12
6
14
16
12
19
14
17
7
19
16
13
11
18
15
7
18
19
17
19
9
18
20
10
7
14
10
14
7
15
9
15
15
16
7
17
7
18
18
11
12
10
17
7
13
9
9
12
15
13
17
14
6
12
15
20
10
8
15
17
20
20
12
12
13
16
19
10
12
15
15
8
16
11
16
12
10
18
15
7
20
11
15
8
7
6
11
14
19
16
17
14
19
7
19
16
11
19
10
19
19
19
18
7
6
12
11
10
13
18
8
8
17
16
6
7
14
17
18
9
18
16
8
11
7
7
12
10
10
13
13
9
17
18
20
18
15
12
9
18
16
17
10
16
6
8
13
20
6
10
8
8
12
16
18
13
14
7
11
7
18
20
11
11
18
14
16
9
10
17
18
7
10
9
15
7
20
20
9
6
9
9
12
16
20
8
13
17
17
9
6

12 24 43 70 100 117 136 163 182 