300 10 6 
19
8
18
14
6
10
9
17
10
17
16
19
8
14
7
13
12
16
18
11
20
20
20
16
18
14
19
11
14
8
15
9
16
15
19
18
17
6
10
6
16
17
8
7
14
10
16
9
8
8
12
16
15
9
6
18
8
14
9
19
11
6
18
18
13
18
14
10
12
12
10
19
19
7
10
14
16
7
14
9
20
16
7
7
20
16
20
16
9
7
11
11
14
17
7
6
15
18
15
15
6
11
8
10
14
17
12
9
10
15
13
16
7
13
13
9
17
7
6
17
11
14
18
8
7
19
12
12
7
19
6
6
17
20
8
7
14
20
9
7
7
17
18
8
12
16
13
11
11
19
17
19
6
11
6
7
12
16
7
9
6
17
15
8
14
19
18
10
17
19
15
15
9
17
20
9
9
9
10
16
18
15
20
14
7
7
12
7
18
11
12
10
8
9
13
18
16
16
7
15
11
12
11
10
16
16
16
12
9
19
11
12
19
12
8
20
11
11
19
9
14
12
11
10
11
10
12
18
13
17
10
6
7
19
18
12
12
14
19
16
6
8
12
7
9
12
9
19
15
9
6
13
9
8
9
6
9
12
7
19
15
18
13
7
10
17
17
18
9
13
14
12
7
16
12
18
19
20
16
8
17
7
15
17
17
17
13
6
12
17
10
7
6
13
7
15
6
7
8
17

28 50 66 84 110 124 149 174 194 