400 100 5 
19
17
5
14
18
8
20
11
16
15
9
10
11
15
12
20
19
17
20
6
6
18
9
17
12
5
15
19
16
13
16
7
16
10
9
8
7
19
8
12
9
6
20
15
15
12
13
13
20
16
6
20
14
17
16
8
17
6
9
9
16
18
5
19
6
9
11
5
5
17
20
20
13
12
15
16
14
5
9
6
17
9
11
8
20
8
20
11
5
11
8
15
17
9
9
20
13
5
6
11
5
10
17
10
19
10
5
5
18
18
7
9
19
18
12
10
16
13
12
16
15
12
5
13
10
7
19
18
13
6
15
19
15
5
6
8
20
7
11
6
18
12
15
13
18
6
16
18
10
8
16
16
9
16
7
11
18
7
12
6
13
6
16
5
10
11
11
5
8
12
11
11
5
11
10
10
6
11
15
9
9
18
8
20
9
16
7
17
18
15
10
6
6
11
16
10
16
19
8
9
6
16
12
12
20
6
14
8
7
10
18
5
6
19
13
18
8
19
12
7
18
7
7
12
16
13
7
8
7
6
6
12
8
12
7
17
7
6
6
15
12
10
16
16
10
18
6
20
14
18
14
6
10
8
11
14
19
5
14
9
8
11
12
6
20
8
18
18
6
18
7
7
14
19
17
16
10
8
11
16
19
20
5
20
18
10
12
6
7
10
12
19
11
11
19
15
19
11
7
8
8
19
11
8
5
15
14
15
17
12
5
16
14
18
10
10
17
20
20
10
19
5
9
16
7
14
18
15
13
14
14
9
6
17
9
10
9
20
14
19
6
7
11
11
9
19
20
17
16
15
10
20
17
14
14
6
6
11
17
15
10
8
13
14
9
19
9
5
18
10
9
6
16
16
5
8
10
17
11
15
8
18
7
11
7
12
18
15
14
11
8
5
18
18
14
16
7
17
20
18

13 35 51 72 88 103 132 156 169 189 219 236 261 289 301 330 349 365 381 399 419 446 474 491 510 535 555 575 597 625 643 654 665 689 709 720 741 771 789 817 827 856 877 890 917 927 952 980 1009 1028 1043 1066 1079 1097 1121 1143 1156 1167 1190 1211 1229 1257 1272 1291 1310 1323 1344 1373 1403 1415 1435 1461 1476 1486 1506 1528 1545 1568 1593 1609 1619 1629 1651 1678 1707 1732 1751 1762 1776 1797 1818 1842 1870 1884 1911 1940 1966 1982 1998 