350 10 5 
7
11
9
18
13
6
11
13
20
13
19
16
19
10
20
9
15
12
12
18
14
18
20
17
11
8
19
15
13
16
5
12
20
20
11
17
20
11
18
5
5
11
8
20
9
14
12
12
16
8
6
10
9
8
7
5
10
13
18
9
17
11
10
8
12
13
14
11
6
13
19
15
19
18
17
14
14
10
17
10
16
8
5
18
20
15
8
14
9
16
7
13
8
16
16
18
6
14
10
10
12
19
6
17
5
11
5
6
8
19
10
12
7
20
17
18
7
15
15
5
17
9
12
20
8
8
15
20
12
14
8
5
14
6
20
5
5
13
12
20
16
20
15
8
13
19
18
18
10
15
5
16
10
15
8
20
10
11
13
5
20
6
16
20
19
14
20
18
9
17
15
16
14
19
9
7
10
13
17
10
20
8
17
8
11
10
19
6
6
16
20
12
7
13
8
15
5
18
14
16
10
15
5
18
10
8
15
17
5
11
5
18
15
17
12
5
14
20
6
18
19
16
11
19
13
12
10
14
10
11
11
7
16
14
7
19
11
12
10
15
7
5
7
18
17
19
12
16
9
18
8
17
11
18
11
17
14
11
13
9
11
16
18
15
18
6
11
9
10
7
16
7
8
18
13
18
19
6
11
15
5
15
17
9
20
15
11
14
17
17
9
8
16
10
11
16
10
17
11
14
16
16
11
19
16
11
18
10
13
17
17
12
10
17
10
20
7
15
19
18
15
6
7
20
17
16
14
18
14
20
15
8
18
16
19
9
7
7
11
18
6
12
20
14
15
16
10
8
12
9

22 48 65 88 116 142 167 192 203 