200 100 6 
9
9
12
13
6
15
8
7
16
10
11
12
20
14
18
20
19
19
13
11
12
9
20
9
14
17
18
20
14
15
18
6
10
6
16
7
20
8
17
9
19
18
11
19
10
20
9
10
6
14
10
19
17
6
7
6
9
19
8
12
13
6
16
17
10
7
20
10
20
6
6
6
6
15
8
11
15
18
20
17
9
16
20
8
20
15
10
16
17
7
9
19
11
11
15
15
8
19
11
19
18
9
11
10
20
11
8
12
6
18
10
12
9
7
6
12
12
11
20
19
10
13
6
12
14
19
10
6
7
7
19
8
10
7
17
8
7
10
12
15
10
20
18
17
14
19
7
11
9
14
17
10
11
6
14
11
8
20
8
16
6
7
6
20
8
19
13
20
12
12
15
8
14
17
8
18
13
17
14
13
17
15
20
10
14
9
13
6
12
17
14
7
13
6
8
12
9
12
18
19

26 56 85 102 116 139 161 181 201 227 253 273 301 320 346 364 379 397 417 431 450 463 491 512 533 556 568 592 620 642 660 678 694 710 728 749 764 793 805 831 858 874 888 905 921 949 963 978 1004 1024 1044 1067 1080 1110 1140 1163 1175 1205 1223 1243 1264 1279 1298 1322 1347 1362 1380 1399 1424 1439 1462 1477 1503 1527 1544 1563 1588 1600 1627 1652 1682 1711 1727 1751 1774 1790 1810 1833 1855 1872 1897 1922 1952 1972 1997 2011 2038 2061 2086 