200 50 6 
15
6
10
19
9
9
8
10
14
11
17
13
14
15
13
18
6
10
15
9
16
8
18
9
15
16
19
8
8
14
7
7
10
12
17
12
8
18
20
17
8
11
14
8
12
16
16
17
16
10
10
18
20
17
14
11
12
6
13
11
16
12
17
7
14
12
8
15
9
16
17
12
14
15
20
17
17
18
8
18
16
18
11
16
7
13
13
7
9
8
15
20
17
15
11
15
16
8
18
16
10
19
15
20
18
17
9
10
12
19
16
17
12
16
8
9
20
15
6
19
10
10
8
12
15
17
6
6
18
7
20
9
13
8
7
7
10
9
19
18
13
20
18
6
6
7
9
18
14
14
19
6
20
10
10
10
13
18
10
12
9
7
6
20
11
8
11
6
10
20
10
16
8
7
11
11
18
15
20
12
7
7
8
20
19
14
13
13
6
14
11
17
17
6
18
14
20
20
9
8

18 43 68 83 97 110 125 153 181 200 215 239 260 279 306 321 339 362 376 402 418 448 460 485 497 514 530 559 576 589 609 624 636 655 674 700 724 751 772 790 817 831 861 882 899 914 931 953 978 