350 10 7 
20
17
8
18
15
18
7
10
9
14
17
9
19
14
16
13
10
17
11
20
9
11
7
9
7
19
8
13
11
13
7
12
12
12
15
13
18
16
10
9
19
7
16
19
9
10
9
10
20
11
15
16
20
8
19
18
10
8
18
17
19
7
9
13
9
15
16
20
9
16
16
11
9
11
11
11
9
10
11
13
19
9
16
9
15
15
16
7
13
12
15
18
8
13
20
18
11
7
20
12
19
10
11
7
13
19
20
10
7
8
13
9
14
12
20
14
17
16
7
11
13
17
9
11
9
20
14
20
12
9
12
14
11
16
7
11
8
17
15
13
7
9
8
7
16
12
19
18
18
19
19
18
12
19
7
10
12
20
19
7
18
7
9
19
17
12
7
11
15
7
7
7
7
7
15
18
12
11
14
18
16
8
15
14
13
8
19
8
10
17
8
16
11
15
11
20
9
15
17
18
12
19
18
15
11
8
8
8
8
13
13
18
20
19
8
11
17
12
17
10
13
17
17
18
17
19
11
12
17
19
10
16
18
17
19
15
15
12
17
10
8
10
14
19
9
17
19
11
9
7
16
17
12
12
16
14
16
15
15
14
19
19
20
8
12
14
18
16
19
13
14
8
15
12
16
16
19
10
13
9
19
13
14
14
18
20
12
11
10
18
13
20
14
18
17
15
20
7
13
16
9
12
12
19
12
10
11
12
13
17
17
13
15
15
11
12
9
13
9
16
16
20
12
9
17
10
12
8
19
10
17
8
19
14
19
19
12
16
8
16
16
15
19
8
16
17
18
12
7
20

28 51 69 85 103 123 152 182 207 