200 30 6 
18
13
15
7
20
10
13
6
11
20
14
7
17
17
10
13
17
16
14
15
12
18
12
7
11
17
16
9
19
16
14
16
20
20
11
7
6
12
9
14
11
13
8
16
17
10
15
9
8
7
16
8
13
6
13
18
7
16
8
10
16
9
7
15
15
13
19
7
20
16
17
12
12
13
14
8
16
17
15
12
14
16
12
10
16
13
7
13
13
20
13
16
9
13
8
10
14
11
19
17
16
14
12
16
8
10
7
17
19
15
13
16
19
7
8
12
17
16
19
8
6
7
9
14
13
8
10
9
11
9
10
19
17
19
11
10
18
18
14
19
15
13
7
12
6
11
9
18
9
10
16
18
13
13
11
18
14
13
20
13
14
15
11
16
14
9
9
6
17
8
18
11
17
14
17
17
15
12
8
14
9
7
7
16
9
12
16
14
16
20
11
14
15
9
9
19
12
11
8
11

27 56 79 108 138 159 186 202 226 246 274 293 308 323 340 356 368 392 408 428 442 454 466 494 516 546 560 572 599 