200 20 5 
10
11
13
17
8
9
5
6
19
13
17
18
8
11
16
20
20
10
20
7
12
16
6
17
10
13
8
12
6
12
12
20
6
5
20
16
6
7
9
20
11
20
16
6
20
12
10
15
18
15
11
5
10
13
13
7
9
16
5
9
8
13
6
16
15
7
5
16
14
20
13
20
10
20
20
13
5
15
13
16
18
14
15
9
7
14
7
20
19
16
10
13
18
20
13
6
15
7
8
10
9
10
7
15
9
6
19
17
19
12
18
13
11
18
10
11
10
11
12
16
17
5
14
18
13
10
9
13
12
15
5
5
15
17
17
13
16
16
7
8
5
12
15
15
6
16
19
18
12
12
20
18
10
8
11
14
17
5
18
12
14
6
20
11
7
15
17
6
6
13
7
12
20
6
14
14
10
18
18
8
20
10
7
19
7
16
8
10
5
15
16
12
14
5
13
18
9
14
17
18

20 30 43 69 79 102 124 147 168 188 211 239 265 286 306 319 342 352 367 