300 100 6 
19
20
7
14
13
14
14
16
7
10
18
20
9
9
9
6
8
20
18
6
11
9
18
14
12
16
17
18
12
13
19
8
17
6
11
18
9
18
13
11
7
11
6
16
10
12
20
8
6
8
10
11
20
10
19
7
14
10
19
12
8
11
18
8
14
10
10
10
13
12
12
16
19
7
6
15
11
13
13
7
13
14
12
13
13
12
10
7
11
10
13
11
10
17
13
18
11
19
16
15
17
7
18
9
7
8
14
17
13
20
16
14
16
11
12
19
10
18
18
16
19
19
19
12
17
8
19
17
15
20
9
11
13
14
13
7
13
18
6
7
6
17
11
14
14
20
16
14
17
16
19
20
14
8
7
17
18
13
14
7
13
16
6
17
16
9
8
6
11
18
7
20
9
12
14
19
10
6
11
17
13
13
16
18
6
19
10
16
8
18
13
8
15
17
7
8
8
9
9
20
14
8
6
19
9
11
7
11
15
6
8
17
12
11
19
18
13
16
12
18
9
12
13
11
10
20
13
9
13
6
16
20
15
13
18
15
16
15
14
7
19
8
16
8
11
16
10
13
8
12
14
9
11
8
13
11
20
18
8
14
6
11
18
8
16
17
17
6
6
16
12
15
19
10
13
14
10
10
12
6
20
7
14
9
15
9
9
18
19
17
16
8
9
6
16
13
8
17
16
14

27 57 82 105 118 136 160 180 201 231 261 286 304 327 347 359 388 405 423 448 478 505 518 536 556 582 600 615 632 658 673 694 723 737 763 777 793 805 820 839 865 884 906 927 942 962 989 1005 1021 1043 1055 1079 1094 1117 1132 1151 1170 1197 1223 1238 1264 1276 1306 1334 1354 1367 1382 1398 1416 1434 1456 1477 1489 1508 1526 1546 1573 1585 1613 1632 1659 1686 1699 1727 1750 1771 1783 1803 1823 1835 1853 1880 1898 1918 1931 1946 1966 1989 2017 