400 150 5 
6
18
8
19
14
8
5
15
17
9
8
11
18
9
17
19
13
20
14
19
10
18
7
15
17
9
8
19
15
20
20
6
10
20
8
20
18
20
14
13
9
17
20
8
20
9
12
12
18
19
5
16
12
16
10
16
14
16
9
19
6
8
6
12
10
18
17
14
14
6
5
19
6
8
19
14
9
18
15
16
7
19
8
8
12
8
14
14
5
10
15
18
18
8
19
16
13
6
9
7
11
6
17
10
16
7
11
7
8
11
16
6
19
13
16
20
16
18
11
17
13
15
20
6
14
12
19
11
12
8
10
8
16
13
10
11
17
5
6
9
9
12
8
8
15
8
19
12
17
7
10
16
15
8
15
8
16
13
13
5
15
14
10
9
6
18
8
11
14
10
11
13
6
14
16
12
18
12
11
8
6
14
17
5
19
12
8
16
16
17
11
6
13
18
19
18
20
13
18
5
18
14
18
11
5
8
14
11
5
18
15
16
7
15
9
6
16
19
7
6
7
19
20
6
15
12
11
10
19
6
18
16
19
10
19
11
14
18
11
13
16
17
6
11
14
19
11
12
15
5
19
18
13
8
16
12
12
18
12
11
11
6
16
19
9
5
6
20
10
5
16
10
10
17
10
18
16
17
13
15
7
11
6
11
9
10
7
17
13
14
13
11
19
20
18
7
13
8
19
16
16
8
20
10
11
11
18
13
8
17
9
6
17
12
8
10
20
16
18
13
9
7
6
19
20
9
17
20
7
10
18
5
10
19
14
20
13
5
6
20
12
12
6
11
20
17
15
8
6
18
7
8
9
6
15
10
5
11
5
18
14
19
11
12
13
15
8
18
5
10
14
15
20
9
12
20
9
17
20
10
5
9
15
10
5
18
16
10
15
5
6
9
10
11
6
12
19
19
9
10

20 41 51 72 98 126 138 164 194 216 240 264 292 311 327 350 370 382 402 413 439 449 475 495 505 527 556 580 607 636 659 672 689 712 740 765 785 803 819 833 850 867 885 896 918 935 960 989 1000 1015 1042 1067 1087 1103 1121 1148 1169 1189 1205 1232 1247 1260 1271 1283 1298 1310 1330 1360 1380 1393 1408 1435 1457 1479 1506 1530 1550 1561 1576 1597 1608 1634 1664 1678 1696 1712 1730 1754 1768 1793 1814 1829 1848 1877 1893 1922 1949 1961 1990 2014 2036 2062 2078 2089 2107 2126 2144 2155 2177 2205 2217 2237 2261 2282 2309 2339 2359 2381 2398 2426 2437 2447 2467 2491 2515 2526 2547 2567 2588 2613 2624 2634 2653 2665 2687 2710 2740 2757 2780 2792 2812 2840 2866 2890 2911 2930 2959 2974 2995 