20 150 7 
7
7
16
15
19
15
13
11
19
13
14
13
15
12
13
10
19
12
7
7

18 42 58 84 107 123 137 164 183 199 222 240 260 274 292 320 350 379 397 423 447 465 488 507 524 543 567 584 606 630 660 676 692 707 733 751 768 797 812 828 853 871 890 913 941 964 990 1011 1041 1059 1087 1109 1124 1146 1173 1192 1212 1228 1250 1269 1283 1302 1329 1346 1368 1383 1406 1427 1447 1465 1491 1521 1541 1568 1584 1611 1634 1649 1668 1691 1717 1742 1759 1784 1804 1826 1856 1875 1896 1918 1935 1953 1979 1993 2010 2028 2043 2059 2074 2094 2124 2149 2170 2194 2210 2232 2248 2271 2290 2313 2327 2349 2367 2393 2423 2447 2476 2493 2520 2547 2573 2587 2604 2626 2649 2679 2708 2738 2755 2780 2806 2821 2845 2868 2897 2926 2945 2964 2978 3006 3029 3043 3062 3089 3106 3125 3151 3168 3189 