350 40 5 
9
16
9
15
9
10
10
6
13
7
7
10
9
10
15
5
19
14
10
12
6
18
14
10
9
8
8
13
12
9
10
16
19
11
16
9
6
5
7
19
7
17
15
14
6
19
16
6
17
10
12
18
16
5
20
14
17
8
14
10
15
15
20
20
8
18
16
20
15
9
7
7
15
18
20
14
17
17
7
7
16
7
13
12
11
6
17
11
11
19
19
7
5
13
8
12
18
14
19
8
13
16
19
8
13
17
12
17
20
10
10
16
7
12
20
20
14
12
13
11
14
17
17
10
6
11
14
17
7
6
16
13
8
16
18
16
8
7
17
14
5
6
19
10
13
18
9
17
19
16
17
20
20
9
15
12
10
16
12
9
16
20
15
12
8
17
12
6
10
12
10
15
13
14
10
11
11
16
20
11
16
9
20
16
19
20
5
5
8
5
12
14
5
13
9
11
20
12
10
17
9
7
16
11
20
10
5
13
9
15
14
9
14
16
14
6
20
9
12
14
10
18
6
6
14
11
5
19
5
9
19
11
14
16
10
10
18
17
14
6
14
7
14
5
20
12
8
14
15
17
11
13
6
14
16
11
19
6
11
13
20
15
15
11
17
16
16
20
15
12
13
16
20
15
13
6
12
6
9
16
12
19
10
12
5
17
20
20
11
5
20
15
7
6
6
9
9
15
11
17
18
18
8
18
17
15
18
20
12
5
9
20
18
8
18
17
15
20
10
8
15
17
7
19
6
8
17
13
16
20
17
9
20
12
9
20
14
16
5
8
14
18
16
18
11
8
10
6
11
15

12 27 39 68 84 110 120 144 155 171 193 222 245 271 282 307 334 357 374 398 413 428 443 458 468 494 521 546 575 596 620 640 668 687 717 730 756 781 808 