200 50 5 
10
7
18
13
19
11
10
10
14
9
14
12
12
18
17
12
6
6
17
12
5
9
14
13
6
11
13
5
9
8
8
15
9
13
8
18
17
12
6
7
12
18
14
5
14
7
5
15
17
5
12
17
19
12
5
7
14
6
6
15
7
7
12
15
12
7
18
10
8
19
18
15
8
16
11
18
19
18
20
16
5
12
16
13
13
8
18
16
8
10
18
17
13
16
17
17
11
13
9
11
15
6
9
10
11
12
16
12
19
12
7
5
9
19
20
6
12
5
12
16
12
16
9
20
18
12
12
12
14
7
5
15
16
14
17
17
11
14
19
9
6
12
6
8
5
17
17
7
8
11
12
15
19
16
18
14
14
20
8
9
13
12
13
13
18
19
18
11
17
14
12
20
5
12
8
16
17
16
14
5
10
17
9
6
19
17
6
10
8
13
11
15
16
5
10
14
13
13
5
16

23 33 61 82 110 133 158 182 199 209 223 246 274 299 321 334 363 374 393 403 428 455 479 508 528 542 570 581 594 615 630 657 682 707 728 753 765 784 800 821 840 867 885 905 931 960 990 1008 1027 