200 20 5 
20
11
16
5
7
18
13
19
12
19
10
10
11
5
18
10
8
16
13
11
20
17
17
8
16
16
10
14
7
15
13
17
12
5
9
16
18
12
16
10
11
8
5
18
19
10
6
15
13
19
11
6
14
13
15
12
9
6
15
6
11
14
17
20
8
19
7
14
5
11
20
13
8
19
14
13
13
5
20
17
10
15
18
8
5
17
19
15
5
6
6
7
6
8
20
8
17
14
17
6
10
7
17
19
12
11
13
5
18
15
6
9
8
10
10
8
18
6
20
9
10
9
8
8
16
20
15
5
13
11
16
16
8
7
17
20
13
9
12
17
11
16
20
14
13
12
10
14
11
20
11
19
18
5
13
17
17
11
10
20
5
5
11
20
8
20
9
8
5
5
16
9
15
16
6
8
18
15
10
19
10
18
16
20
19
19
12
10
17
6
12
12
17
19
11
11
16
6
20
7

23 48 69 98 119 145 163 176 191 221 234 261 284 296 318 344 361 389 411 