400 100 7 
20
7
10
16
17
12
18
19
17
10
17
18
11
15
20
8
7
16
18
13
7
14
15
20
19
7
9
13
20
12
16
9
19
18
19
14
20
19
13
14
14
19
11
16
10
17
16
11
10
8
9
15
15
9
15
8
7
14
18
11
16
19
16
9
16
11
8
20
12
10
19
11
14
14
18
16
16
10
15
8
15
15
16
20
20
15
13
9
13
10
12
18
15
19
15
13
18
13
11
11
12
14
15
16
19
15
19
13
14
9
17
14
11
17
15
7
17
20
19
19
11
20
10
7
10
11
18
17
16
8
8
20
19
20
19
18
7
15
18
12
14
15
8
11
8
11
8
19
18
20
15
15
10
13
16
18
10
8
7
13
8
16
7
15
18
11
18
9
9
15
19
18
14
8
16
13
13
14
11
8
16
13
17
14
11
7
18
9
19
19
17
19
20
12
8
8
12
12
10
17
15
17
20
20
7
7
15
13
8
17
12
16
20
7
16
12
13
16
12
15
14
10
11
17
9
11
19
15
20
13
20
11
14
10
17
11
14
8
12
11
8
12
16
13
11
11
20
17
13
19
20
17
16
14
7
15
11
15
13
9
20
18
20
20
8
13
16
16
19
18
13
13
12
13
9
15
10
12
7
11
9
11
12
15
8
12
12
13
7
17
12
20
13
18
17
12
13
16
7
7
18
14
16
16
13
16
16
11
10
15
13
13
20
15
18
13
15
18
12
19
16
20
11
14
17
10
8
11
12
20
10
14
14
18
11
20
20
13
14
11
8
16
18
13
14
20
8
13
16
16
11
7
14
10
13
10
10
16
10
9
12
12
8
15
15
19
18
19
17
10
20
7
7
13
8
13
16
10
19
9
12
9
16
19
15
16
11
9
11
9
12
19
13
18
15
15
12
20
8
18

16 36 61 78 108 122 145 159 178 199 223 249 274 297 321 345 359 381 398 421 436 456 486 514 530 548 578 597 618 636 661 683 706 720 747 767 793 822 839 859 875 895 920 937 957 984 1002 1028 1048 1073 1088 1118 1145 1172 1202 1218 1236 1253 1281 1304 1322 1336 1360 1387 1410 1434 1450 1464 1480 1504 1534 1564 1592 1619 1649 1677 1704 1719 1742 1763 1786 1806 1832 1851 1873 1894 1909 1925 1954 1981 2004 2033 2056 2074 2094 2121 2147 2173 2193 