350 30 6 
15
12
7
15
7
14
16
13
16
14
20
19
6
14
9
19
11
18
10
10
16
16
6
10
12
9
10
7
9
20
15
20
18
17
16
10
8
11
6
16
9
19
17
7
20
15
7
14
17
6
7
12
7
7
19
7
7
20
17
19
15
7
19
6
12
7
14
17
14
13
11
20
20
13
14
14
7
8
15
9
13
15
15
14
19
20
9
12
17
18
15
11
6
14
8
6
9
16
7
20
7
15
7
14
15
8
19
15
19
19
15
9
14
20
15
19
12
17
14
20
9
16
9
15
9
8
7
19
15
15
18
10
12
18
13
10
9
19
16
11
15
6
13
20
16
18
15
19
7
20
7
17
16
9
13
17
6
8
10
17
6
6
16
11
20
12
20
18
18
6
19
16
12
10
7
16
7
20
7
14
13
20
15
9
14
11
14
16
10
17
17
8
20
14
7
18
8
6
7
10
6
19
17
16
17
15
17
8
14
8
16
7
8
16
11
12
6
9
16
10
7
17
15
7
14
12
10
9
13
12
17
20
12
7
17
12
19
15
15
9
14
17
15
17
9
10
20
19
11
18
15
9
12
13
8
12
13
10
7
18
20
19
10
10
20
20
7
15
20
10
13
20
13
13
13
14
14
7
6
13
18
10
11
15
6
10
14
11
14
13
17
7
12
7
15
12
18
6
14
12
11
18
12
14
20
12
13
14
19
17
16
7
10
15
15
14
20
20
18
14
6
6
14
13
20
18
14
7
13
16
8
10
10
14
6
12
14
16
6
6
9
8
12
8
10
8
18
11
9
19

12 42 72 98 118 133 160 188 214 226 242 256 278 295 317 340 361 382 411 439 467 491 508 525 542 566 578 595 615 