300 20 7 
14
10
15
11
7
17
7
7
8
13
18
16
15
19
11
10
10
12
10
13
9
9
18
16
14
18
17
12
16
8
9
9
14
13
12
8
18
12
15
12
14
15
20
12
12
14
12
19
14
8
16
15
19
18
17
8
15
12
9
9
19
13
14
13
10
17
10
8
11
11
7
12
13
18
13
10
19
16
7
11
18
14
19
16
7
9
11
17
14
16
13
17
20
8
15
12
19
20
18
12
8
13
11
11
11
16
12
7
20
7
15
14
10
13
20
16
13
12
10
14
14
12
13
9
13
11
7
11
11
8
12
14
9
15
16
20
10
14
9
14
7
13
19
8
11
7
12
19
9
14
13
9
18
18
14
20
12
10
17
14
9
8
17
11
16
10
19
19
11
8
9
17
9
18
14
8
19
12
20
14
15
14
13
13
12
20
10
14
20
14
9
9
17
11
13
20
15
15
16
17
20
16
9
8
16
18
13
9
14
16
20
14
9
14
13
15
19
18
10
14
15
17
18
17
16
15
10
7
16
10
11
19
19
15
10
19
7
14
17
8
18
12
11
10
13
18
18
15
11
8
7
13
12
7
20
7
7
16
11
11
19
11
7
19
8
17
13
14
13
12
15
15
17
14
9
17
11
12
13
17
12
18
17
9
10
9
15
15
11
18
17
19
7
8
10
18
11
12
10
19

17 37 54 76 103 133 152 174 195 212 228 242 269 284 310 329 344 358 378 