200 100 7 
7
10
16
17
11
16
19
14
16
11
11
18
12
14
16
15
19
8
13
13
16
19
14
16
14
17
20
15
8
13
8
16
14
17
19
8
12
7
12
17
7
9
10
9
9
7
13
14
20
19
16
11
16
15
16
8
12
13
11
13
18
19
18
20
11
19
10
18
18
10
7
12
19
7
8
10
13
20
14
10
20
10
16
19
11
13
20
20
15
17
19
15
9
16
15
14
18
7
9
11
12
10
10
15
17
13
14
20
10
9
8
16
9
13
7
18
11
16
18
10
10
13
10
12
12
18
11
16
10
9
10
17
7
8
17
15
17
16
9
20
10
10
19
10
10
14
11
8
14
8
13
15
12
12
20
16
10
18
12
20
16
12
19
17
12
18
9
8
18
19
14
16
14
19
9
16
17
12
14
7
17
7
15
8
11
19
18
15
18
19
10
16
18
11
7
14
9
17
10
18

15 35 51 67 91 112 136 158 178 198 214 232 249 278 293 307 336 356 386 402 421 441 457 476 498 513 529 556 576 606 625 644 673 694 716 730 747 763 790 808 824 845 863 889 914 931 948 966 993 1014 1043 1061 1091 1114 1132 1147 1166 1193 1207 1224 1246 1276 1300 1319 1337 1358 1382 1402 1420 1443 1468 1482 1508 1531 1550 1572 1591 1616 1636 1661 1678 1703 1717 1746 1775 1791 1806 1831 1851 1873 1895 1919 1937 1954 1975 1991 2014 2040 2066 