350 150 5 
15
8
12
5
16
13
13
19
16
14
19
8
13
8
6
12
10
14
15
17
9
9
18
14
15
15
12
13
18
7
9
6
6
12
9
11
9
16
19
5
12
19
11
14
19
20
16
17
15
7
9
15
9
8
18
20
17
15
17
9
9
5
14
10
11
5
18
11
18
6
15
7
8
8
16
10
11
14
18
16
5
11
20
12
13
15
11
13
8
20
9
14
20
20
15
13
6
14
16
15
18
8
7
18
11
7
12
18
12
13
20
16
6
18
7
16
10
6
5
18
10
5
11
20
12
13
18
6
15
12
10
14
16
14
5
12
14
5
6
16
13
9
12
11
8
19
10
20
11
20
9
12
16
11
15
19
8
7
18
12
13
10
8
15
5
15
17
15
9
13
7
11
7
11
20
8
5
7
5
14
7
18
14
17
18
14
14
20
18
11
20
9
9
14
18
12
9
19
17
17
20
5
6
11
18
11
19
14
19
5
17
7
5
7
12
11
8
5
15
13
16
17
18
20
11
16
17
12
20
19
15
12
7
5
11
8
6
17
18
7
11
6
5
8
14
12
12
16
10
9
11
8
11
16
19
5
11
10
12
7
13
7
19
6
9
6
15
10
10
19
8
10
20
17
9
7
10
9
5
10
15
17
8
11
11
16
16
20
16
17
12
5
14
7
19
9
20
16
8
9
7
12
13
15
8
15
6
14
17
5
15
16
16
6
16
16
8
11
16
9
20
15
8
14
13
9
9
12
14
10
17
13
6
18
9
14
13
8
19
19
11
9
19
10
5
15
10
13
10
6

19 43 60 82 102 126 140 150 171 184 212 239 264 281 301 319 348 362 381 411 434 454 475 497 521 542 567 591 619 648 662 673 698 723 751 763 791 816 833 850 870 892 912 923 939 951 977 1007 1033 1063 1090 1105 1124 1142 1152 1172 1193 1219 1245 1270 1298 1308 1325 1338 1358 1386 1396 1419 1448 1472 1496 1518 1547 1562 1592 1614 1631 1658 1670 1683 1711 1732 1743 1767 1780 1796 1806 1826 1836 1866 1894 1919 1947 1972 1992 2012 2024 2049 2076 2088 2107 2132 2143 2161 2180 2195 2205 2233 2263 2290 2310 2332 2358 2377 2390 2406 2423 2437 2452 2463 2491 2505 2516 2538 2567 2582 2604 2626 2639 2651 2668 2688 2710 2722 2736 2749 2770 2791 2807 2819 2849 2861 2883 2895 2925 2938 2956 2976 3006 