200 150 6 
16
8
17
8
17
9
12
9
9
13
8
16
7
7
19
19
17
14
17
15
13
9
17
14
18
7
10
18
7
7
10
13
20
16
19
20
10
12
10
19
13
18
7
14
9
20
17
13
18
9
17
7
13
20
16
10
15
16
19
13
11
20
8
7
8
10
8
11
12
8
16
6
9
7
12
11
17
6
19
10
15
11
14
13
19
8
6
7
6
19
7
15
7
14
20
16
17
19
19
11
18
12
9
18
20
19
20
14
12
16
12
19
13
10
10
12
10
13
7
10
13
20
20
11
20
16
10
8
10
9
17
20
15
17
6
20
19
8
6
20
14
8
9
20
18
18
14
12
17
9
16
11
12
16
19
20
10
19
6
11
15
9
7
9
8
11
20
20
18
7
13
12
9
19
20
12
7
14
6
7
14
15
8
12
8
6
11
6
6
17
19
12
13
20
20
17
10
11
20
13

20 48 73 86 106 121 143 162 176 195 220 250 275 296 323 351 370 391 412 428 458 475 489 503 519 535 552 574 599 615 635 651 665 686 707 732 752 771 791 807 822 835 854 866 882 911 938 956 980 1008 1034 1049 1064 1091 1108 1134 1155 1172 1199 1222 1243 1271 1283 1305 1320 1338 1350 1370 1385 1402 1419 1431 1458 1471 1501 1531 1559 1589 1607 1621 1633 1663 1689 1714 1738 1768 1780 1804 1830 1848 1860 1880 1900 1930 1946 1967 1983 2005 2030 2059 2080 2101 2127 2139 2157 2179 2200 2218 2240 2255 2285 2305 2324 2339 2369 2387 2409 2429 2447 2472 2487 2505 2520 2547 2564 2584 2609 2633 2653 2672 2694 2720 2737 2755 2771 2792 2819 2847 2874 2895 2907 2924 2939 2954 2980 2998 3022 3044 3071 