200 50 5 
5
6
5
19
11
10
20
19
11
8
7
7
10
10
12
20
8
8
17
11
13
20
11
17
18
5
8
11
19
7
19
8
19
17
8
19
17
7
8
9
10
16
15
8
14
11
5
9
7
14
18
15
8
15
6
16
19
6
7
20
14
18
12
11
6
11
10
20
20
9
13
12
15
19
9
19
19
10
17
5
16
7
8
7
6
18
6
17
16
5
13
11
14
16
13
11
7
14
20
14
14
8
10
20
5
8
13
17
15
17
8
17
11
13
9
12
14
7
19
11
15
10
17
10
9
9
12
14
13
17
14
8
6
12
8
10
17
7
18
10
12
6
17
5
14
7
14
6
8
20
20
7
11
13
10
6
9
5
18
12
16
12
16
11
5
13
15
6
13
8
17
5
18
19
6
8
19
13
15
12
13
19
19
12
9
6
17
10
6
13
7
14
9
7
18
14
17
19
7
15

17 28 40 68 94 111 124 139 158 184 210 235 252 269 296 323 337 361 379 398 420 440 461 471 497 517 530 543 572 591 605 624 650 669 681 701 730 751 776 790 816 846 871 883 893 916 940 967 977 