200 20 7 
20
16
16
9
14
7
11
17
14
13
8
11
10
18
8
11
20
13
9
20
13
10
15
9
8
19
16
20
15
13
12
14
14
7
10
10
15
14
19
16
8
8
18
13
8
18
7
18
12
18
18
20
9
8
14
11
9
13
15
18
13
20
18
9
15
10
9
8
13
17
12
19
16
11
17
15
11
19
20
16
12
19
14
20
10
10
13
16
19
7
15
19
11
19
20
9
15
18
15
11
9
18
19
7
9
17
16
17
19
14
19
19
13
17
18
16
8
19
17
14
9
7
10
16
19
17
14
7
9
18
14
9
13
14
7
10
11
10
11
13
8
19
8
8
17
17
16
7
15
11
14
7
9
14
14
11
16
11
16
9
10
10
16
13
14
11
18
8
15
10
14
8
9
16
13
19
19
13
12
19
14
15
14
19
17
13
13
18
18
10
11
15
17
20
13
9
7
7
8
12

28 44 73 102 129 157 176 203 220 243 271 299 325 342 366 381 401 416 432 