200 40 6 
11
19
11
14
15
10
19
18
9
18
11
17
7
19
18
15
11
10
7
14
15
20
10
9
13
7
13
15
12
7
13
6
11
13
15
7
17
6
10
15
18
6
14
19
8
6
18
18
13
7
11
10
9
9
19
12
18
18
17
9
9
12
11
18
16
12
18
11
18
7
8
18
6
7
11
18
6
9
12
17
14
15
19
17
17
9
15
18
10
10
15
17
18
14
11
7
6
8
6
9
9
6
11
19
15
12
9
11
18
11
13
16
12
14
15
20
15
8
17
7
6
6
19
10
17
18
9
6
16
17
6
16
12
10
20
6
6
15
12
18
18
16
6
12
13
15
13
7
12
12
8
6
13
20
14
12
20
7
18
12
19
17
10
20
16
6
16
6
19
16
20
11
11
17
20
16
13
14
19
6
13
17
8
8
7
13
11
6
18
11
11
15
6
19
10
10
17
11
9
8

16 29 56 79 91 120 142 157 181 211 235 259 272 291 320 333 352 372 399 422 441 456 477 495 518 534 556 570 588 618 631 643 667 686 700 723 750 771 795 