350 150 6 
17
20
10
13
7
12
8
20
9
15
9
12
17
12
20
19
8
6
14
17
12
8
12
12
9
6
12
11
14
19
9
15
10
16
19
12
6
6
12
20
7
6
20
6
19
6
20
7
9
20
10
9
18
12
13
14
15
6
9
15
10
7
14
17
9
15
18
8
16
8
7
18
6
12
13
15
16
20
6
17
14
11
20
11
16
18
17
6
19
16
15
20
17
17
16
9
17
15
20
8
18
8
7
20
16
8
7
17
12
12
7
16
12
6
8
17
9
7
9
14
20
12
9
16
16
15
8
11
8
16
17
8
20
20
11
13
16
18
6
6
6
14
11
8
20
17
16
10
9
8
6
20
7
20
13
14
18
10
13
18
20
7
12
6
19
15
13
10
15
20
10
6
10
19
6
16
11
9
20
20
12
14
20
20
17
18
10
16
17
7
19
8
10
14
18
14
12
13
16
13
13
13
9
19
7
9
12
11
16
10
10
8
12
13
10
11
6
13
15
12
10
19
6
15
9
15
19
18
9
9
8
16
17
17
12
16
6
13
11
10
11
7
9
7
19
18
13
13
17
20
14
20
18
14
15
14
17
19
11
12
8
15
17
10
18
6
6
9
20
9
12
16
20
17
18
8
9
19
13
15
20
13
11
8
14
6
15
6
11
8
13
13
16
8
17
20
16
10
16
12
11
15
13
13
11
15
10
13
8
20
10
15
18
9
7
17
19
13
14
8
12
16
11
10
7
17
9
18
14
15
17
16
12
6
17
8
6
8
9
19
19
15
7
18
20
16
16
20
11
10

22 43 57 78 108 135 165 181 205 221 250 272 292 313 327 347 369 399 423 441 458 470 488 501 514 534 562 579 591 608 628 647 670 697 712 734 758 782 801 820 836 856 871 901 922 949 966 981 1010 1022 1042 1066 1087 1109 1135 1148 1174 1197 1224 1240 1253 1269 1287 1313 1336 1350 1379 1394 1408 1422 1436 1464 1484 1503 1521 1551 1565 1589 1606 1631 1649 1667 1685 1715 1727 1742 1770 1787 1815 1839 1856 1878 1890 1917 1941 1961 1975 1999 2013 2040 2056 2077 2107 2123 2153 2171 2187 2203 2223 2250 2273 2290 2303 2332 2348 2362 2383 2400 2428 2455 2480 2492 2506 2520 2545 2569 2586 2607 2634 2651 2679 2702 2721 2740 2768 2794 2809 2825 2839 2861 2879 2907 2935 2956 2968 2985 2998 3012 3029 