300 20 7 
7
20
14
13
15
16
12
11
16
14
10
13
8
10
11
11
14
16
11
17
8
13
14
17
19
7
19
12
9
8
13
12
18
8
12
9
18
11
15
18
8
7
10
19
14
18
9
8
14
15
8
16
11
17
12
10
19
7
11
12
19
18
11
13
13
10
15
12
12
14
9
8
18
17
9
14
14
7
15
17
10
9
10
20
15
11
7
11
15
20
17
17
7
13
8
19
18
19
13
15
8
9
16
13
12
13
9
15
12
7
18
7
8
13
10
12
13
11
19
15
18
17
18
8
7
9
7
7
12
13
18
19
17
19
7
18
19
15
12
16
17
17
17
18
11
17
11
11
8
9
9
16
17
14
10
10
17
9
19
14
13
10
14
13
12
12
10
10
20
20
11
16
9
8
18
7
20
11
13
20
14
9
11
19
8
19
15
14
19
20
16
20
12
12
16
11
17
19
15
20
18
12
16
14
12
18
7
19
17
7
16
18
11
12
12
7
12
20
19
8
9
20
7
10
8
11
9
18
16
16
13
19
10
18
11
11
9
13
18
13
7
15
17
18
8
20
18
17
20
17
13
13
15
9
7
16
11
17
7
17
17
16
16
13
20
20
16
12
12
12
17
20
17
20
17
13
20
20
13
15
12
9
13
8
11
18
10
15
14
17
20
17
14
13
20
11
16
19
19
20

26 44 69 84 99 120 137 161 185 205 233 249 275 295 325 351 379 402 417 