300 50 6 
16
8
18
9
12
14
17
13
18
8
10
15
14
10
7
17
8
19
14
7
8
7
6
12
19
10
6
14
20
10
10
12
13
8
8
20
8
12
9
7
16
14
16
13
20
6
12
17
18
8
19
11
14
18
6
20
15
10
12
13
8
7
19
15
10
11
10
7
7
8
10
11
10
17
10
15
7
6
12
13
6
9
18
7
19
20
15
15
19
13
20
12
14
9
8
8
6
15
17
9
11
14
19
17
16
11
6
12
20
18
19
10
15
20
16
17
10
19
18
14
12
10
8
17
17
8
19
11
9
18
20
12
20
8
8
10
6
19
8
19
7
16
7
16
18
12
9
11
9
18
18
16
9
7
18
17
6
6
18
18
7
15
18
8
20
18
7
19
7
9
7
10
8
10
17
7
18
14
11
8
14
9
15
11
19
19
6
16
10
11
18
8
6
13
17
6
20
7
18
13
11
8
6
15
7
14
8
16
16
15
11
13
7
7
17
14
18
10
8
8
6
8
11
18
20
15
19
10
10
16
12
12
11
12
13
14
10
17
14
18
8
17
16
8
19
12
19
7
7
13
11
13
13
6
16
12
6
18
6
14
7
10
13
6
20
8
17
12
20
12
18
10
11
9
7
6
7
10
7
7
8
16
20
7
13
12
15
12
14
10
19
20
16
8
7
12
10
10
17
19

22 52 68 82 104 126 151 181 200 227 248 266 294 314 330 354 368 392 418 446 466 478 497 513 530 553 565 583 609 636 653 672 686 714 737 761 773 796 808 834 862 886 911 933 950 967 991 1003 1025 