200 20 7 
11
15
19
12
12
9
8
12
13
20
7
11
16
20
19
14
12
8
17
13
18
13
13
20
12
15
10
12
10
17
19
7
17
11
19
13
17
16
20
11
17
7
13
17
9
9
10
7
7
16
20
20
18
9
13
11
10
9
14
16
18
13
10
18
11
8
18
18
8
10
16
18
19
11
14
16
19
8
11
19
20
14
9
14
11
15
18
14
18
11
17
8
10
15
15
10
9
15
9
13
7
15
14
7
7
14
9
9
8
16
19
20
19
20
18
9
17
14
7
19
18
8
13
12
13
18
8
8
18
15
9
17
20
8
15
8
7
9
12
20
13
11
20
10
13
9
16
11
10
13
13
10
10
18
10
8
13
20
15
15
8
9
14
17
12
9
10
13
19
11
15
16
16
19
17
17
13
15
15
12
7
10
16
15
17
13
10
20
8
16
15
11
9
18
14
20
10
19
10
16

16 43 70 89 111 128 158 187 204 228 250 267 285 312 334 359 382 405 420 