300 150 6 
18
6
10
8
12
6
11
18
16
15
15
13
8
15
19
13
8
20
12
12
8
17
13
7
10
15
11
12
19
11
16
16
18
8
19
13
6
14
11
18
19
20
9
18
14
6
11
17
14
15
12
19
15
7
9
9
14
8
15
18
15
9
17
14
7
15
17
12
20
13
9
13
14
16
8
10
14
12
12
19
12
19
15
17
13
16
7
16
20
19
20
10
9
7
18
10
7
6
20
6
20
7
15
6
12
14
19
19
20
13
18
16
17
16
13
16
12
9
11
18
10
14
17
15
20
14
12
16
16
7
14
11
17
20
13
6
16
10
12
8
10
9
18
7
12
12
20
16
15
6
20
11
7
11
6
15
6
17
18
8
19
18
20
8
6
10
18
10
8
13
20
16
18
13
13
15
18
19
7
14
14
10
8
10
11
11
8
10
10
9
19
20
12
18
7
13
17
20
11
15
13
10
9
8
13
12
9
13
20
11
18
14
14
8
10
6
16
9
12
14
12
8
9
12
6
14
15
11
12
8
18
13
15
17
16
19
8
9
12
8
16
14
13
6
9
18
6
11
20
11
19
13
19
17
20
18
20
14
16
7
14
10
10
17
14
19
14
17
11
19
11
14
15
17
16
11
9
17
10
7
11
20
9
16
17
17
12
6
11
16
10
16
19
11
10
15
12
8
11
8

25 38 50 67 80 94 106 130 147 175 191 207 224 251 280 295 316 336 355 367 392 417 446 473 500 516 541 558 572 591 606 635 660 681 695 711 734 763 792 812 840 860 885 899 924 952 964 992 1005 1023 1038 1057 1081 1110 1133 1156 1172 1201 1213 1234 1262 1291 1313 1330 1350 1377 1399 1416 1438 1456 1468 1493 1505 1527 1556 1586 1601 1626 1654 1670 1698 1727 1756 1779 1804 1833 1849 1879 1895 1911 1936 1952 1973 1989 2014 2026 2047 2075 2091 2110 2125 2141 2159 2183 2200 2217 2229 2244 2257 2285 2313 2338 2361 2373 2386 2415 2431 2447 2469 2486 2514 2534 2551 2563 2585 2609 2630 2660 2686 2716 2732 2755 2767 2781 2807 2829 2843 2868 2883 2913 2925 2949 2961 2974 2990 3010 3024 3040 3062 