300 50 7 
11
16
15
7
7
8
15
17
7
11
10
9
16
11
8
7
14
18
15
17
7
17
7
16
12
15
20
16
16
14
13
14
11
17
8
9
15
19
20
20
16
18
10
19
7
15
18
20
20
20
17
14
8
13
9
17
18
13
9
7
20
13
19
7
19
13
18
18
17
17
14
12
17
8
10
8
14
19
10
19
19
13
12
13
10
9
7
15
15
14
19
20
11
11
19
10
16
8
14
16
16
14
19
17
13
9
10
10
9
17
18
15
18
12
12
8
20
16
13
20
10
19
20
17
12
7
13
10
20
20
11
11
19
11
10
17
13
19
10
8
12
20
8
13
12
13
9
15
7
8
14
9
12
15
15
19
9
19
19
18
18
13
18
16
11
12
9
7
10
8
16
10
19
7
14
11
12
20
9
16
18
19
18
7
12
17
14
8
11
15
17
20
20
17
19
18
9
10
12
16
18
14
11
10
10
14
18
11
9
16
7
9
11
18
20
18
17
15
14
9
9
9
11
14
20
16
9
9
10
16
13
12
10
18
19
13
14
10
13
11
7
8
7
17
15
14
18
8
8
13
13
18
10
18
16
9
7
15
12
15
7
10
18
15
19
9
10
13
17
15
13
16
19
8
10
19
7
20
16
15
14
18
10
17
15
18
8
17
16
11
12
14
15
15
19
10
8
20
16
13

24 46 66 86 113 137 162 180 207 227 256 279 306 333 355 371 391 418 436 461 477 498 527 547 573 591 615 640 661 678 699 721 749 769 784 812 830 859 884 914 930 954 976 1000 1021 1036 1060 1083 1097 