20 100 6 
14
6
11
14
15
7
19
10
7
6
19
19
13
12
14
19
11
18
16
10

13 31 55 68 94 114 135 154 172 185 204 227 246 267 294 324 349 373 389 401 425 449 464 493 506 526 539 563 591 618 639 665 689 704 719 749 773 802 822 836 854 874 893 914 932 950 975 1002 1017 1046 1060 1088 1116 1133 1148 1175 1199 1217 1240 1258 1282 1303 1324 1350 1380 1396 1421 1443 1465 1479 1507 1521 1543 1570 1599 1625 1655 1672 1687 1704 1733 1749 1772 1794 1809 1831 1856 1880 1902 1926 1954 1968 1996 2020 2046 2069 2081 2106 2131 