300 50 7 
12
10
7
14
16
7
17
20
9
15
18
19
19
18
10
7
14
16
11
18
20
11
12
9
12
17
10
12
11
18
20
9
13
8
7
19
16
8
19
12
20
7
8
17
13
14
20
8
9
10
19
7
13
15
13
20
11
20
9
20
10
13
19
9
19
11
11
11
16
18
13
16
10
13
15
19
19
9
16
14
18
7
16
10
20
12
11
7
17
11
18
8
16
16
12
12
9
7
10
19
12
16
7
12
14
7
13
19
14
8
16
16
8
15
14
11
9
8
9
8
14
7
9
19
9
16
9
14
17
17
10
7
17
8
16
7
20
17
9
9
13
15
14
7
7
9
13
10
17
13
13
12
8
16
8
19
12
13
18
13
19
10
7
11
8
10
12
16
8
11
13
10
8
14
16
13
20
10
8
17
9
9
11
15
14
15
7
12
14
17
19
20
11
20
12
10
19
14
17
12
16
18
20
12
18
17
20
18
18
18
17
17
10
16
20
12
11
16
18
7
19
7
10
12
15
17
20
17
17
16
8
16
7
20
16
16
14
16
9
13
17
11
17
14
13
16
14
7
9
14
8
14
11
7
14
19
19
14
7
13
17
15
19
14
7
10
11
11
16
16
16
10
12
20
18
19
10
16
17
7
11
13
12
18
12
18
20
11
20
8
15
17
9
12
18
11
18
7
12
16

16 44 67 85 102 127 155 182 201 226 247 267 282 300 322 351 377 395 425 451 476 498 528 552 570 591 608 629 644 666 692 720 736 750 775 802 822 837 857 871 892 911 925 946 960 988 1002 1017 1039 