350 100 6 
14
16
8
20
13
6
14
11
17
18
8
16
17
9
15
10
20
14
20
16
6
12
9
10
17
6
11
16
12
13
18
7
17
8
16
11
19
19
19
18
6
14
10
7
20
9
14
14
20
19
10
9
20
7
13
19
20
12
15
14
19
10
8
7
12
16
13
9
18
6
9
12
10
11
8
12
17
12
11
12
20
18
17
9
17
10
6
14
19
9
15
18
20
11
10
9
18
20
19
11
6
9
14
7
8
11
16
15
11
19
17
14
11
8
7
17
16
18
19
15
16
20
15
12
6
12
18
19
20
16
20
6
16
9
16
6
17
17
8
20
15
12
6
14
15
18
10
11
17
16
17
14
6
11
18
9
14
10
11
16
17
8
16
15
11
20
9
14
11
13
6
20
20
20
8
17
13
10
16
17
17
13
20
16
15
10
18
8
20
12
7
15
17
12
10
6
15
8
14
18
15
15
11
12
18
12
9
16
20
11
19
19
14
6
17
14
17
14
16
8
13
19
13
19
19
14
10
6
6
6
7
12
18
18
9
11
12
7
10
8
14
9
14
14
9
15
15
6
16
6
18
8
7
13
17
11
13
12
9
13
13
9
8
6
20
18
10
16
14
9
13
10
17
6
19
9
16
19
7
16
16
17
13
15
11
7
20
10
18
18
9
12
20
16
6
14
15
7
12
20
6
17
16
12
13
16
14
9
19
20
10
19
19
18
9
13
7
9
15
9
16
13
12
16
18
11
8
10
17
10
18
7
11
11
7
9
7
8
7
15
14
8
10
17
19
7
18
10
19
6

29 57 83 102 132 152 170 198 217 244 268 283 313 343 359 386 403 417 436 454 481 504 517 532 550 577 591 605 633 660 686 702 715 733 759 773 798 827 855 884 913 937 958 987 1015 1042 1055 1069 1086 1102 1129 1159 1181 1204 1221 1243 1270 1286 1300 1324 1346 1369 1386 1402 1421 1438 1463 1488 1509 1533 1553 1577 1600 1614 1641 1654 1679 1706 1735 1763 1780 1805 1822 1846 1861 1876 1896 1926 1938 1963 1976 2003 2024 2054 2069 2093 2113 2135 2161 