400 100 6 
8
10
8
18
16
6
20
14
15
8
6
16
14
11
18
12
16
20
16
20
14
15
12
8
11
7
8
12
12
13
8
13
20
11
17
16
14
17
13
7
7
17
17
18
12
6
18
19
15
8
12
6
18
12
8
12
7
7
20
20
6
16
15
18
9
18
18
15
8
13
13
11
8
20
15
14
16
9
14
20
7
9
20
16
9
16
15
16
8
16
10
14
8
6
15
17
10
20
15
6
16
17
16
6
15
17
11
10
8
8
11
18
16
12
8
19
12
11
11
12
11
20
19
11
6
7
17
20
19
10
17
11
7
17
17
12
11
20
15
18
8
14
20
17
17
13
18
20
18
17
12
10
18
10
11
17
14
8
17
18
15
14
16
16
11
14
14
11
16
19
18
8
13
6
14
6
18
10
6
13
15
17
14
18
20
16
14
20
13
17
10
6
14
8
16
17
14
7
10
20
19
19
19
18
6
15
6
15
11
16
12
18
7
14
7
6
17
6
19
7
17
13
12
9
9
16
15
17
17
6
7
7
6
14
9
15
15
19
20
6
19
6
12
12
7
18
8
11
9
16
13
15
17
9
10
11
20
14
8
20
13
7
17
12
11
18
18
12
8
17
14
11
12
8
18
17
11
18
10
14
6
18
8
10
10
14
8
15
9
16
9
11
17
10
9
9
11
7
12
11
6
10
15
9
6
18
13
17
11
6
11
20
19
19
17
14
11
12
11
14
12
11
17
10
10
19
17
8
11
7
12
14
8
16
7
19
16
10
12
16
10
7
9
9
9
11
10
13
17
13
13
8
12
13
8
12
16
10
13
16
12
17
15
14
13
20
7
14
14
14
16
9
8
6
14
17
19
6
6
16
14
10
15
14
9
10
7
9
20
15
20
8
12
10
11
18
12
10
11
9

20 47 76 95 114 139 156 178 201 224 236 260 280 303 324 350 365 377 396 426 449 465 480 492 518 538 553 566 579 594 620 637 652 676 699 711 734 760 780 792 812 831 853 865 895 912 928 953 982 1002 1027 1050 1066 1096 1125 1141 1157 1171 1193 1217 1232 1259 1285 1298 1322 1351 1364 1390 1414 1429 1443 1458 1484 1500 1514 1527 1544 1556 1583 1596 1611 1633 1655 1673 1702 1726 1743 1764 1784 1806 1820 1849 1863 1893 1916 1932 1952 1980 1992 