30 150 6 
16
12
16
18
16
8
14
6
19
10
7
17
6
15
19
6
16
18
18
17
18
14
12
16
15
19
9
16
11
11

16 40 63 82 101 123 148 161 176 204 234 264 292 315 337 351 374 399 423 443 470 496 515 540 563 589 608 632 657 683 713 726 750 771 795 825 850 877 901 914 936 965 991 1017 1030 1056 1068 1096 1114 1130 1149 1165 1181 1204 1222 1248 1270 1292 1316 1344 1364 1377 1389 1416 1434 1448 1474 1491 1516 1541 1562 1586 1606 1634 1660 1681 1697 1714 1732 1749 1774 1793 1815 1837 1855 1885 1897 1927 1953 1975 2000 2014 2028 2043 2063 2078 2091 2118 2148 2172 2201 2230 2251 2280 2306 2323 2349 2374 2389 2419 2448 2468 2497 2519 2540 2554 2569 2599 2616 2633 2661 2679 2697 2709 2727 2739 2755 2781 2802 2823 2846 2862 2883 2904 2929 2956 2974 3001 3023 3049 3069 3088 3118 3145 3164 3184 3199 3217 3244 