300 50 5 
9
12
12
7
20
12
5
12
20
17
16
5
15
19
12
17
19
12
18
10
7
5
7
18
18
12
13
12
11
9
14
15
16
17
11
6
11
11
18
12
18
17
14
6
14
9
20
17
14
20
11
15
13
7
11
11
17
8
10
5
6
11
18
10
10
14
7
19
10
17
7
18
13
10
19
8
15
8
14
10
17
7
19
5
15
20
12
15
18
17
16
16
7
10
12
18
15
9
5
5
9
7
13
6
13
5
5
16
10
10
18
19
19
13
19
20
5
5
17
6
12
14
8
8
6
16
5
14
8
11
16
20
16
5
12
16
10
8
13
8
7
5
9
20
11
13
18
5
6
18
19
6
6
9
9
18
11
19
20
6
11
12
14
9
6
19
11
9
13
11
18
7
14
18
11
6
19
16
9
15
12
18
10
9
10
8
12
8
14
11
18
19
17
20
7
10
5
9
19
8
12
8
12
5
8
9
15
16
18
14
15
11
14
15
13
6
15
20
8
17
8
18
7
12
19
10
5
18
20
14
11
5
16
5
5
11
11
17
14
10
16
15
13
16
5
15
20
6
13
5
6
5
15
15
10
10
7
7
13
6
12
11
12
9
18
12
18
16
16
20
15
12
5
11
10
6
7
11
9
16
12
19
14
13
12
9
19
19
6
19
9
16
19
8
14
11
8
19
14
13

26 56 76 89 110 136 152 179 190 202 227 239 265 289 302 314 324 342 358 368 398 426 451 475 487 504 521 542 553 566 580 598 620 642 657 681 697 717 729 758 778 806 826 850 879 901 926 938 955 