300 30 5 
7
12
18
14
18
11
16
7
17
6
8
15
10
8
14
8
8
16
5
13
13
6
16
19
7
19
7
17
18
17
12
18
15
17
15
8
20
12
15
19
19
12
18
18
15
12
6
9
13
13
8
19
8
10
6
10
7
14
16
6
18
5
20
18
19
16
11
5
10
13
13
15
20
7
12
18
12
9
16
20
18
9
14
18
12
19
15
6
10
18
14
12
14
6
18
18
12
19
13
14
14
7
20
20
11
14
16
8
9
9
20
17
16
12
15
15
17
7
20
15
7
8
9
12
13
14
14
8
17
17
14
11
7
16
10
10
16
11
20
12
12
19
9
9
14
14
19
5
16
15
14
12
7
6
9
13
7
20
15
12
10
18
7
19
13
18
8
8
12
5
17
5
15
14
8
20
20
8
18
9
16
20
19
5
16
5
5
8
5
16
14
7
15
13
13
14
9
19
6
7
6
20
15
12
9
20
9
9
11
16
19
6
9
12
11
20
12
14
7
5
14
9
19
16
9
12
11
5
18
13
12
15
6
16
6
8
19
12
20
17
10
15
15
18
20
17
16
14
19
7
5
11
10
9
6
17
15
6
8
16
16
6
17
7
20
17
13
18
20
14
17
20
10
14
14
5
8
10
8
14
11
10
8
19
17
7
14
15
10
19
11
6
12
8
14
7
9
15
14
17

10 30 46 75 94 108 123 143 160 171 197 211 241 256 281 302 327 350 365 387 406 421 433 450 469 484 514 528 543 