350 100 7 
18
8
15
9
18
10
15
8
20
16
15
11
15
9
20
11
20
14
7
10
20
19
8
13
17
14
20
18
19
17
18
10
13
19
16
13
14
15
17
7
17
7
15
11
8
20
10
17
10
7
11
11
9
19
9
16
20
9
15
20
16
11
15
9
15
19
15
10
9
11
9
14
19
19
14
12
9
19
13
7
20
11
8
13
13
15
19
12
14
16
16
16
16
9
9
18
16
7
18
16
20
13
15
8
7
20
10
15
19
20
11
13
17
10
8
14
16
18
9
18
13
11
18
16
11
16
15
18
19
13
9
9
10
13
10
20
18
14
7
14
10
15
8
9
20
16
18
11
15
12
16
12
12
10
9
11
12
16
15
8
18
9
15
13
17
12
13
11
20
19
10
12
14
10
11
12
13
13
14
7
17
8
19
14
17
13
17
16
20
12
15
17
19
19
20
15
20
8
10
16
18
11
16
7
12
8
17
17
16
19
16
10
10
13
20
19
20
14
20
7
20
12
17
13
18
9
11
14
12
17
11
14
11
16
13
15
11
19
14
10
16
12
11
8
7
10
9
16
9
13
18
14
14
13
16
19
12
16
18
13
7
10
14
11
11
8
11
7
13
10
8
7
16
12
19
17
11
12
7
13
7
20
14
12
20
15
7
8
19
19
9
18
8
16
8
14
20
9
18
12
9
18
12
17
17
10
18
9
16
11
20
8
18
14
15
15
20
7
14
15
13
10
19
12
18
15
12
14
14
16
14
11
8
7
14
10
17
18
19
11
15
8
8
12
8
11
17
12
18
14

16 45 64 92 110 139 154 173 200 216 239 254 279 308 335 352 373 388 403 430 453 483 500 518 542 556 574 592 618 632 651 673 694 712 740 758 785 803 826 853 879 906 936 960 975 989 1013 1038 1061 1087 1113 1139 1162 1185 1210 1236 1264 1286 1315 1341 1369 1383 1405 1431 1446 1475 1505 1534 1557 1579 1607 1635 1658 1677 1698 1717 1735 1751 1774 1800 1826 1845 1870 1887 1907 1922 1937 1954 1979 1999 2018 2046 2067 2088 2113 2129 2146 2161 2188 