10 150 7 
17
14
12
12
17
17
7
9
15
16

14 38 60 86 112 135 151 174 198 212 238 257 287 317 346 360 375 389 409 437 463 489 508 537 555 585 609 632 652 670 700 723 751 780 798 820 839 861 887 914 944 968 995 1010 1036 1056 1086 1103 1117 1139 1155 1178 1195 1220 1240 1260 1283 1309 1330 1352 1366 1396 1418 1436 1451 1476 1497 1527 1553 1582 1603 1632 1656 1677 1695 1724 1738 1754 1769 1798 1820 1839 1863 1883 1904 1919 1939 1953 1974 1993 2008 2032 2050 2071 2092 2111 2128 2153 2181 2201 2217 2232 2261 2283 2311 2332 2348 2378 2402 2423 2445 2461 2483 2503 2519 2546 2563 2585 2601 2627 2644 2662 2684 2711 2727 2747 2770 2790 2817 2846 2872 2888 2917 2937 2957 2983 3008 3033 3049 3066 3095 3114 3142 3157 3177 3197 3220 3243 3268 