350 10 7 
15
10
7
13
10
11
10
15
13
19
13
8
19
12
17
13
14
15
8
15
7
9
8
9
10
9
13
12
14
8
14
11
10
18
7
13
13
8
20
7
8
19
18
9
12
19
8
15
12
10
18
7
8
12
19
19
14
10
10
14
19
8
10
10
16
8
19
12
16
19
19
9
9
18
11
14
9
13
9
11
16
20
9
14
16
9
11
7
17
14
19
9
14
12
8
10
20
14
20
20
14
18
15
9
7
18
16
10
13
12
20
14
19
13
14
10
18
16
12
16
12
19
17
16
18
16
20
10
8
13
12
12
8
19
19
8
16
19
16
9
12
15
10
13
17
14
14
14
8
12
8
9
10
17
20
18
16
13
10
17
14
11
13
9
18
19
12
18
13
13
17
20
11
18
14
11
13
16
8
16
16
17
11
11
9
8
14
18
18
19
17
10
12
14
14
10
7
18
19
11
13
16
19
17
8
20
14
9
18
11
10
17
13
10
12
17
10
19
14
12
15
19
17
9
12
20
13
8
8
8
9
16
14
9
19
16
18
20
8
20
10
9
12
20
16
15
9
15
16
12
8
8
19
19
8
17
10
9
12
12
15
8
17
16
14
12
19
13
12
14
19
7
16
19
12
19
19
13
20
16
13
11
8
9
9
18
12
15
18
15
14
11
8
12
16
9
14
7
11
12
20
9
9
10
9
10
13
20
7
17
12
13
19
19
14
15
20
20
10
12
8
16
9
11
10
12
9
15
13
16
18
18
9
12
12
14
19
10
12
10
9
19
17
13
19
18
15
17
18
19

27 57 82 108 123 142 164 183 198 