400 10 7 
17
9
19
20
16
13
10
8
12
19
14
12
12
14
20
20
9
8
14
16
11
13
7
9
9
15
12
17
12
11
18
12
17
10
7
17
7
11
19
16
13
13
18
12
16
7
18
18
7
13
10
17
15
8
10
8
17
11
20
15
8
14
11
8
9
12
19
18
16
8
19
15
18
10
16
19
8
16
18
12
13
14
15
19
18
19
12
15
13
11
11
18
7
8
10
10
18
8
9
20
18
7
9
13
17
15
18
14
13
16
20
18
12
18
11
9
7
15
7
15
8
10
9
11
14
17
9
12
17
18
20
20
19
12
17
9
13
12
14
10
15
20
8
17
7
18
17
18
17
12
17
10
7
16
20
13
13
15
14
12
16
13
11
19
16
8
19
18
17
15
14
15
9
9
8
7
12
18
16
8
16
15
18
15
16
9
16
17
13
20
10
13
7
7
10
18
15
13
13
8
11
12
14
11
20
11
9
7
14
19
12
12
15
10
20
11
15
15
14
12
7
9
13
7
11
12
9
15
19
12
16
16
18
13
20
15
18
17
10
20
20
8
13
20
10
13
17
7
19
12
15
9
19
10
17
7
19
16
19
7
13
9
20
8
9
20
10
7
18
10
19
14
10
18
20
12
15
20
17
16
17
12
7
15
16
8
7
9
20
17
8
18
9
13
9
13
14
15
14
12
11
12
12
19
19
14
17
10
18
15
14
19
20
11
10
11
19
13
15
19
7
18
16
13
16
10
10
7
20
17
16
7
15
20
11
20
14
12
14
10
16
17
7
9
18
12
10
13
17
10
8
15
14
17
17
8
12
11
7
15
12
18
10
15
8
20
9
7
15
13
14
11
13
20
9
8
17
9
12
20
18
15
17
11
7
9
16
12
18
20
9
10
20
17
13
17
13
18
14
9

27 52 73 98 120 146 169 190 219 