200 20 6 
16
11
8
13
16
13
20
18
10
15
7
8
9
7
17
16
10
14
12
6
10
15
9
7
13
18
18
13
8
14
13
7
10
20
16
19
16
11
15
9
13
20
13
9
20
12
10
9
11
7
15
19
7
12
16
12
18
8
20
15
8
8
10
6
8
10
18
16
18
10
18
18
13
18
17
7
12
19
9
19
16
9
6
17
17
16
13
18
6
17
20
12
20
16
17
6
18
18
9
8
18
11
14
6
6
19
9
6
8
19
13
10
19
13
12
10
20
17
12
15
7
20
11
11
6
20
6
10
12
6
11
11
15
13
17
16
12
20
15
11
13
8
19
20
19
13
6
12
16
10
11
10
20
6
10
11
16
16
10
10
20
9
16
8
15
10
17
9
19
19
10
16
18
6
7
14
8
13
20
14
9
14
12
11
15
8
12
8
12
16
6
6
8
16
20
11
16
7
12
10

18 35 50 63 86 100 130 153 170 192 208 226 249 269 296 325 345 371 392 