300 150 6 
16
8
19
9
18
16
6
20
13
18
16
10
12
15
16
6
15
9
8
11
14
13
17
11
10
19
20
18
8
18
6
6
15
20
17
8
16
16
13
15
13
9
20
20
19
7
13
8
20
6
13
6
18
12
19
6
19
20
10
8
16
17
6
9
18
10
18
18
9
11
18
11
8
7
15
19
17
6
20
11
7
16
9
11
8
9
15
12
18
20
17
16
15
10
17
10
10
6
18
15
10
6
14
19
7
19
16
15
17
17
14
14
7
16
8
7
6
14
6
8
11
20
15
11
14
15
16
17
20
19
13
14
13
13
20
9
12
13
7
13
18
20
15
17
8
11
12
18
12
17
6
19
15
17
20
6
8
19
10
8
12
16
6
10
9
20
20
18
18
16
14
17
12
6
12
11
9
12
15
12
9
7
6
10
12
20
9
19
6
17
10
14
12
11
20
19
12
16
6
8
9
16
11
14
12
8
14
7
7
17
16
15
19
8
6
17
20
18
12
12
12
20
14
15
8
9
8
17
15
18
19
12
11
18
14
9
9
19
7
16
16
13
14
11
6
7
20
17
7
17
16
12
20
19
19
6
14
16
12
14
17
12
10
9
20
9
6
13
18
19
18
19
11
19
12
16
15
20
14
9
20
12
16
13
19
7
6
9
17
20
13
10
13
8
16
12
7
6
16
13

12 27 41 60 82 104 118 145 164 190 202 223 251 271 285 315 336 352 379 403 432 445 459 482 507 535 553 580 607 635 659 671 684 708 721 742 766 788 809 824 845 865 892 917 934 950 977 1004 1024 1037 1064 1093 1110 1140 1154 1166 1185 1202 1219 1248 1272 1293 1312 1325 1355 1384 1404 1416 1435 1464 1480 1499 1527 1551 1573 1589 1617 1639 1663 1676 1701 1730 1746 1773 1786 1803 1822 1848 1861 1873 1888 1903 1930 1956 1979 2009 2036 2055 2083 2097 2110 2122 2151 2181 2203 2217 2245 2267 2279 2297 2313 2335 2356 2378 2398 2420 2437 2467 2497 2521 2533 2552 2571 2593 2623 2637 2661 2684 2707 2722 2747 2774 2786 2816 2840 2865 2884 2897 2910 2925 2953 2969 2993 3005 3035 3052 3065 3082 3111 