300 10 6 
16
17
9
19
11
12
14
13
12
9
17
13
13
15
8
10
19
12
11
15
12
13
11
15
9
12
12
18
16
17
19
11
14
19
15
19
11
6
14
13
19
13
13
17
14
7
10
16
7
19
8
6
15
19
9
6
20
13
6
14
11
12
10
9
8
13
16
10
11
15
17
13
7
11
7
10
12
11
16
14
12
20
14
7
19
13
6
19
11
13
10
16
8
7
11
10
10
20
11
9
9
14
7
6
7
15
18
13
16
8
17
12
11
9
19
6
20
10
14
6
15
11
15
8
17
19
19
6
8
12
11
8
17
8
16
18
7
9
18
15
15
7
13
8
12
10
8
20
6
15
8
18
17
19
17
10
8
18
13
7
7
11
13
6
11
16
10
8
6
14
15
9
11
13
8
19
17
7
7
16
12
14
17
8
12
13
16
6
15
18
14
9
11
19
7
12
19
6
12
6
16
9
6
14
12
17
19
9
11
8
17
6
18
9
13
17
10
9
12
19
8
6
8
19
11
17
19
18
11
15
13
17
15
15
14
6
17
7
12
13
17
10
8
18
14
14
7
6
19
20
13
14
7
15
13
9
11
6
14
8
20
18
11
14
19
18
9
20
20
19
16
19
15
19
19
7
19
17
20
19
12
11
12
17
19
15
9
10
16
18
20
11
11
8
9
17
10
7
17
10

30 48 63 75 101 117 147 172 189 