200 50 6 
13
6
13
12
20
13
17
10
13
20
11
8
14
12
12
10
15
20
8
19
20
15
14
12
20
17
19
6
17
16
20
8
15
15
19
11
15
8
10
11
6
14
14
11
9
12
9
6
6
17
12
15
18
15
16
16
12
7
8
11
16
7
12
20
12
7
11
9
15
17
15
13
11
14
16
12
8
15
18
12
14
18
17
6
6
15
11
12
7
10
7
15
16
9
16
11
18
13
19
18
14
8
19
7
11
12
12
11
16
9
12
17
13
10
13
11
7
9
8
12
13
8
19
13
6
8
9
7
13
9
7
11
6
13
7
13
15
20
19
7
17
12
12
12
18
19
6
9
14
19
7
17
15
19
17
19
14
16
14
16
19
20
19
19
19
17
17
19
8
10
15
16
11
14
17
13
20
10
16
8
7
16
8
14
9
18
20
12
8
14
7
9
6
17
17
6
18
20
10
19

17 40 56 81 104 120 145 172 202 231 252 268 298 322 343 359 385 398 420 432 455 480 510 532 558 583 607 624 639 654 676 703 725 738 752 781 803 825 843 861 889 908 937 950 970 992 1016 1041 1057 