400 10 5 
9
16
9
14
14
20
18
10
14
14
9
6
20
9
12
12
8
17
13
18
16
15
9
8
7
8
8
16
13
7
5
13
16
7
15
15
9
6
14
13
10
6
9
5
6
6
8
16
17
17
6
9
10
5
9
15
6
7
5
9
16
5
14
10
13
11
13
6
20
10
20
19
14
6
5
19
10
15
16
17
5
19
11
10
8
17
7
14
18
17
17
6
7
19
7
9
9
5
11
10
6
8
12
20
19
5
19
9
7
12
11
6
11
14
6
12
17
12
11
11
17
14
20
15
12
9
7
15
11
11
19
20
8
9
14
7
15
11
12
14
6
5
19
9
11
9
13
7
13
12
13
14
13
7
5
11
6
15
7
7
11
6
11
11
17
19
17
5
13
16
8
11
14
18
14
15
13
14
8
20
20
10
20
16
14
18
13
19
14
13
16
7
18
15
13
8
9
15
15
5
18
12
15
7
7
11
5
18
10
20
17
11
15
15
10
9
11
9
5
14
10
11
8
7
7
12
15
18
8
6
14
16
8
7
8
11
9
9
16
10
9
19
14
19
5
17
5
16
12
18
18
5
5
17
7
16
18
7
9
18
7
14
7
14
6
9
12
15
13
18
7
14
19
19
9
5
14
10
14
14
9
7
15
15
20
7
7
10
12
6
5
15
13
17
18
6
5
10
20
10
10
15
17
7
15
13
8
8
19
16
13
10
10
14
19
5
17
6
15
12
12
19
10
19
18
5
7
16
11
18
6
5
9
8
8
13
5
7
20
5
11
13
9
13
8
17
5
15
19
20
6
15
10
5
15
19
14
20
13
5
18
9
10
7
16
6
18
7
13
10
20
19
14
8
11
14
11
7
14
20
18
11
5
10
15
20
13
9
10
5
13
13
18
7
10
9
9
15
8
13

26 36 56 82 92 119 131 149 163 