400 100 6 
11
13
19
13
10
8
17
20
17
12
11
8
16
7
17
20
18
19
17
11
7
10
10
19
9
19
18
8
12
14
15
10
10
18
20
8
15
11
17
8
8
15
11
7
12
9
6
19
15
8
16
9
7
12
8
20
8
7
12
17
6
12
11
19
12
14
19
18
16
13
10
15
7
18
8
11
13
16
8
18
16
9
9
19
19
6
6
17
7
17
16
16
9
18
11
10
10
16
16
11
14
14
15
17
10
19
6
8
13
19
20
18
19
10
17
18
7
14
8
20
15
16
13
20
7
12
20
7
18
9
8
19
16
11
17
8
8
14
17
11
11
9
10
20
6
10
20
6
16
19
8
7
8
20
11
11
16
17
15
6
15
6
6
12
9
18
8
11
14
16
12
19
9
11
19
7
14
11
6
13
18
10
8
17
18
19
14
16
13
17
14
10
6
7
18
11
18
17
15
8
17
7
13
9
6
14
7
18
9
19
14
11
15
14
20
10
20
12
16
19
7
12
19
16
16
15
15
18
7
19
13
10
10
11
12
11
6
13
15
15
14
13
11
12
9
6
11
20
17
16
14
19
13
16
15
9
6
13
16
11
8
12
11
9
20
17
6
14
20
11
8
19
18
11
12
18
17
10
8
9
6
8
13
10
11
19
10
10
15
12
12
8
7
20
16
9
11
17
19
12
19
8
14
9
14
13
18
6
19
12
12
13
7
10
12
16
17
10
6
13
20
16
19
7
17
17
12
6
15
7
15
19
12
6
11
8
9
6
8
12
9
8
6
19
11
7
14
10
18
17
17
13
10
17
15
20
16
17
19
13
13
6
9
7
15
19
8
20
9
12
6
7
7
12
13
6
20
10
15
19
17
20
18
19
14
20
15
7
15
13
17
7
10
18
20
16
18
8
10
10

18 38 56 69 88 118 142 172 197 218 247 260 284 310 333 358 379 409 436 465 481 497 509 532 549 564 586 605 623 636 654 682 709 739 768 797 823 835 848 868 889 913 932 955 970 990 1019 1031 1058 1070 1084 1109 1127 1147 1163 1176 1191 1204 1223 1239 1259 1271 1294 1321 1347 1373 1389 1409 1435 1457 1484 1510 1530 1542 1555 1570 1596 1626 1656 1673 1694 1712 1735 1762 1774 1798 1823 1838 1859 1879 1897 1916 1940 1970 1988 2017 2039 2065 2083 