100 100 7 
13
19
14
13
9
11
8
8
7
8
15
15
12
10
13
16
9
16
15
12
7
16
8
7
7
14
13
14
9
10
11
15
9
9
17
10
17
9
15
8
16
14
18
14
13
14
12
20
14
10
20
9
10
16
10
10
13
14
10
17
13
19
15
20
16
11
15
20
19
18
12
15
16
13
15
10
7
8
15
13
9
16
16
12
13
14
12
20
11
10
11
7
12
10
13
12
9
14
10
18

17 33 62 80 101 124 151 166 191 209 224 240 269 284 312 327 343 368 388 411 434 457 481 503 524 544 564 586 610 631 657 687 714 737 765 787 808 832 857 883 909 930 953 968 982 1010 1040 1062 1082 1103 1118 1145 1168 1185 1205 1229 1248 1277 1298 1322 1336 1359 1376 1399 1416 1430 1451 1473 1494 1521 1543 1561 1581 1595 1618 1644 1662 1682 1711 1737 1755 1782 1806 1827 1846 1875 1896 1925 1943 1971 1991 2020 2043 2061 2079 2099 2118 2132 2150 