300 100 5 
9
11
14
15
19
13
11
14
16
12
19
12
8
13
20
9
11
16
17
18
6
19
15
18
19
6
15
11
15
14
14
5
15
14
9
6
5
19
20
19
16
15
13
5
19
8
13
16
7
18
15
16
18
10
20
20
10
20
5
16
5
8
11
14
19
8
12
5
14
6
7
13
16
19
17
17
6
11
16
5
20
15
9
10
9
19
5
16
20
9
10
12
7
13
7
11
11
19
15
5
5
14
9
5
7
18
7
7
10
12
7
19
10
17
7
10
18
20
12
14
10
12
20
7
14
5
9
19
17
5
9
13
18
19
5
18
14
19
7
16
6
20
8
16
18
14
16
5
6
6
15
5
19
5
11
8
17
8
11
15
13
8
20
6
14
12
18
13
12
14
9
19
18
12
12
20
19
16
14
6
11
18
7
14
8
12
9
8
9
14
19
6
5
19
6
8
15
20
7
13
9
11
5
9
7
11
11
8
5
14
7
18
11
14
12
16
16
9
20
14
13
15
11
17
19
14
8
10
16
16
13
11
13
18
18
10
12
8
12
20
17
16
20
20
14
20
5
20
19
20
6
19
5
19
9
7
14
17
18
5
6
9
12
15
17
11
9
13
9
13
9
15
14
13
13
18
10
11
11
17
9
5
5
14
9
18
6
17
15
19
12
16
11
7
12
16
12
14
18
11

26 53 78 96 109 139 169 194 217 239 264 288 314 338 348 378 405 420 437 460 489 518 545 570 595 620 638 653 663 681 708 720 743 763 781 793 820 844 867 895 916 939 963 979 994 1017 1046 1060 1073 1098 1112 1130 1149 1162 1177 1196 1222 1239 1252 1282 1293 1318 1329 1344 1365 1393 1404 1424 1436 1451 1471 1497 1510 1540 1556 1583 1593 1611 1628 1643 1653 1673 1686 1712 1735 1756 1767 1783 1795 1822 1852 1866 1880 1896 1908 1935 1965 1980 2007 