300 10 5 
18
8
20
6
16
19
10
18
18
8
6
12
8
12
11
14
20
6
16
14
17
6
9
5
6
7
6
16
11
18
11
7
11
19
16
13
11
15
9
8
10
6
8
17
9
6
17
13
13
16
15
13
19
15
5
19
19
6
8
7
8
8
11
9
15
14
11
7
14
5
12
17
7
7
19
11
12
11
5
19
5
15
16
20
17
20
9
9
9
10
6
6
11
14
13
20
5
18
13
12
16
12
11
6
16
17
15
18
9
20
16
6
20
9
13
9
18
15
14
15
16
13
10
6
11
12
10
17
6
6
14
19
10
13
14
15
14
15
20
13
7
8
8
15
17
8
12
5
15
7
10
13
15
7
10
15
17
9
8
8
10
18
6
6
20
15
13
20
8
6
10
5
15
15
7
6
5
19
7
15
15
20
6
11
14
14
16
9
5
13
17
17
8
14
13
11
5
10
17
12
7
16
9
18
8
18
19
19
7
19
20
17
11
15
11
16
7
12
19
11
14
16
12
20
8
19
11
11
6
6
16
16
18
20
9
12
11
8
6
13
16
15
13
17
10
15
15
6
15
8
10
14
5
10
16
8
19
8
8
13
14
12
20
9
19
10
19
11
15
9
7
14
7
15
9
8
5
12
11
19
17
11
15
11
17
20
7
7
17
6
12
11
6
19
19
13
15
11
13
6

22 32 44 61 83 100 113 129 156 