400 10 6 
19
12
6
7
12
6
18
12
6
8
9
16
14
9
16
10
8
9
17
17
10
17
15
16
11
7
9
12
13
19
14
12
10
18
18
8
8
18
19
11
11
11
17
13
17
15
10
6
12
7
17
19
20
20
14
17
11
14
16
8
15
10
18
15
18
14
13
18
10
8
19
10
18
9
18
8
20
10
20
11
10
20
14
10
14
16
20
9
7
11
15
11
11
7
11
18
17
17
7
13
6
18
11
17
17
12
10
19
9
20
18
6
10
11
15
6
17
11
19
12
6
7
11
17
20
12
19
11
17
6
16
10
17
19
8
17
11
17
7
15
9
15
13
7
18
11
18
6
8
12
14
12
10
11
10
15
9
12
14
13
13
7
6
12
14
10
12
8
9
20
15
20
19
9
15
7
9
14
6
16
9
19
19
16
20
15
13
10
6
18
16
10
13
15
8
7
7
15
19
20
20
15
7
9
9
10
16
8
7
14
15
13
20
12
8
19
6
20
19
10
14
6
13
12
20
8
11
19
16
7
17
13
13
6
16
13
12
20
12
15
8
9
16
16
12
17
11
11
10
6
14
18
6
19
10
12
10
12
10
11
11
18
20
15
14
13
16
19
11
11
13
7
16
19
13
6
20
8
10
14
14
15
19
12
18
12
9
13
15
8
15
13
14
10
15
7
19
7
12
13
11
11
13
17
8
13
15
18
19
20
6
11
20
6
13
16
12
9
9
11
14
17
14
10
16
10
8
15
8
6
13
10
7
10
16
8
11
14
13
8
12
7
10
6
6
16
12
7
6
11
14
8
12
14
20
15
13
18
10
10
8
6
20
17
9
14
9
10
10
15
7
17
9
8
16
13
8
13
17
15
12
7
6
9
16
8
19
19
15
12
12
11
11
9
20
18
9
17
9
16

27 42 62 83 108 128 156 182 202 