300 20 6 
19
20
6
12
17
9
17
20
12
15
16
14
17
6
13
8
17
15
15
14
16
18
14
8
11
13
13
15
7
16
11
16
9
13
6
18
10
18
20
15
12
15
19
16
14
18
10
18
13
17
8
8
19
13
7
19
14
16
10
20
11
9
7
7
12
16
7
6
11
11
18
12
18
12
8
17
14
6
6
19
7
17
7
19
20
15
16
14
12
15
16
7
18
6
10
11
8
8
11
10
9
12
14
11
19
16
19
19
19
18
9
16
14
9
14
6
17
20
6
11
20
13
16
6
20
17
9
14
17
17
14
19
14
8
10
17
11
6
12
8
7
17
12
17
20
12
6
8
10
8
16
15
16
17
9
20
14
12
17
15
20
10
10
10
19
10
6
15
15
15
20
6
17
6
17
9
14
6
6
10
13
11
9
19
17
7
15
6
19
8
14
12
7
9
18
19
13
6
10
20
6
11
9
10
8
16
14
19
14
17
14
16
13
17
8
17
19
12
16
11
11
16
10
8
10
9
13
15
13
20
15
19
16
11
6
17
6
6
17
16
18
18
13
18
13
17
11
7
19
7
17
17
10
9
15
14
7
18
20
15
19
6
12
20
14
10
10
7
8
6
15
9
10
15
9
17
8
12
17
16
15
7
12
15
11
18
14
20
10
17
14
14
12
18
13
13
12
7
9
16

26 40 56 77 97 115 135 161 178 196 216 231 259 284 299 324 349 362 391 