200 30 5 
13
20
8
7
9
7
14
5
6
17
7
19
9
9
17
16
14
7
16
20
14
14
14
16
7
13
16
5
7
16
11
5
8
12
7
7
19
10
18
14
14
19
8
12
8
14
18
19
6
6
12
13
15
15
12
12
5
10
15
20
5
7
6
8
17
10
18
18
11
17
11
7
5
5
7
10
7
16
9
16
17
14
8
20
17
7
18
12
7
11
17
12
7
15
12
9
15
7
17
17
10
20
18
8
20
16
13
6
15
8
16
16
5
10
13
19
15
14
11
9
5
10
13
5
7
16
6
17
12
11
13
10
8
10
14
10
19
12
17
6
8
13
15
9
12
16
18
17
16
13
12
9
7
12
11
7
12
19
11
6
14
13
13
7
13
12
7
19
10
16
11
20
10
8
12
5
12
8
15
6
11
12
15
5
5
12
19
10
13
16
20
18
14
6
9
14
17
17
5
12

23 33 53 74 88 111 141 167 189 211 241 253 266 291 313 337 357 385 409 423 440 453 469 481 494 510 528 548 567 