200 10 7 
15
10
11
8
17
18
16
17
9
12
14
17
10
20
14
8
17
11
7
17
8
20
8
13
19
7
19
7
13
10
9
20
17
17
16
7
8
16
15
19
17
7
13
18
7
15
19
12
9
15
17
7
15
18
20
15
9
18
15
9
16
11
7
7
8
11
19
17
20
16
7
14
16
15
17
18
13
11
13
8
7
16
11
18
8
8
12
15
16
15
16
17
16
16
12
7
17
11
20
10
15
20
10
18
15
10
13
20
13
14
13
16
15
15
13
20
18
15
14
8
7
13
12
20
8
16
8
17
10
12
11
7
12
15
16
13
10
13
18
15
14
10
15
11
16
12
7
10
17
18
12
12
15
18
19
9
11
12
19
7
18
9
20
16
20
16
15
12
12
11
18
8
15
9
17
7
19
12
19
8
10
17
16
19
9
15
7
12
8
10
13
15
17
12
20
11
14
20
11
12

17 42 58 88 105 131 161 179 196 