400 150 6 
14
20
6
20
15
16
18
17
15
13
15
14
17
8
15
6
17
11
18
17
15
7
13
14
14
9
13
18
9
9
14
14
8
6
16
13
20
13
11
7
12
6
6
16
6
16
9
6
13
12
8
19
10
19
14
17
7
19
19
14
17
7
13
6
19
19
18
19
12
20
9
10
6
10
14
12
9
7
12
20
9
6
10
9
7
9
14
7
7
11
7
15
10
17
17
16
15
10
13
9
15
16
16
15
20
6
20
9
12
14
19
14
6
11
17
17
18
19
20
16
19
18
10
8
11
9
20
17
7
18
11
19
18
18
12
18
19
10
19
18
7
18
7
7
17
16
16
10
15
10
19
6
20
7
7
6
8
9
9
6
12
14
10
14
18
13
20
20
18
8
16
18
20
12
19
10
20
19
12
19
11
7
14
20
9
17
18
15
6
18
20
10
8
14
18
9
19
7
17
10
6
8
12
15
20
20
8
8
7
18
18
15
18
16
18
13
19
20
13
19
19
6
14
15
18
11
7
11
17
16
6
20
12
12
11
14
11
13
11
17
8
18
6
15
18
10
10
17
9
18
8
18
7
13
9
13
17
11
9
6
12
9
14
7
17
15
14
15
15
13
10
13
15
17
10
14
15
20
13
10
11
13
7
8
13
6
15
7
12
14
11
18
20
20
12
19
9
12
17
18
7
12
17
8
9
18
11
19
8
18
9
12
18
16
16
19
14
15
9
20
17
15
11
14
20
20
9
7
20
6
18
17
17
7
16
13
10
18
11
10
8
20
7
20
9
15
13
7
15
14
13
7
7
15
6
11
15
17
8
6
8
9
7
8
6
19
16
16
14
17
17
19
15
19
20
10
15
6
9
18
9
9
8
7
12
6
15
11
20
17
16
8
13
10
19
10
17
7
6
9

28 44 59 89 107 122 148 174 199 217 240 257 270 283 302 317 341 356 371 396 408 438 463 486 503 517 539 562 592 621 639 655 670 682 709 739 757 771 796 808 821 838 868 880 892 916 940 965 977 998 1014 1041 1058 1078 1093 1119 1141 1157 1171 1188 1204 1220 1247 1264 1290 1308 1332 1353 1383 1400 1416 1435 1465 1486 1510 1536 1562 1580 1599 1628 1653 1682 1696 1712 1729 1750 1762 1775 1791 1820 1843 1863 1887 1914 1936 1960 1989 2015 2031 2061 2088 2117 2147 2170 2184 2207 2221 2238 2263 2291 2306 2320 2333 2359 2384 2396 2413 2435 2465 2487 2514 2530 2548 2574 2587 2600 2624 2638 2662 2681 2701 2713 2729 2743 2756 2773 2786 2798 2810 2827 2842 2854 2878 2893 2905 2918 2932 2960 2976 