200 50 6 
6
9
8
10
12
13
18
8
12
10
7
8
15
10
8
14
16
9
19
10
15
19
13
18
8
12
8
9
10
20
6
8
14
10
6
14
11
15
7
16
7
18
15
19
19
9
12
16
15
19
12
10
12
20
16
14
6
19
18
11
9
17
10
19
10
8
8
16
7
19
15
13
19
16
16
19
6
15
7
11
20
20
10
12
7
7
10
9
20
20
18
7
16
10
9
12
18
18
13
7
10
13
7
17
7
11
10
20
8
12
16
12
9
9
20
9
20
12
13
14
12
8
10
10
15
15
7
17
14
10
13
11
18
14
14
18
17
17
7
8
8
13
18
12
20
9
8
18
20
8
9
12
7
12
12
8
6
11
10
19
16
18
16
12
13
11
8
7
12
11
14
19
11
8
20
20
12
12
16
10
17
20
10
17
20
6
18
12
11
7
12
8
13
11
8
12
8
13
11
14

18 43 68 96 123 136 152 173 203 222 247 271 289 301 327 348 376 398 416 430 450 475 504 531 548 572 584 607 631 653 674 699 728 758 773 796 825 838 861 876 906 929 945 964 982 996 1008 1028 1055 