300 30 5 
19
18
17
18
19
18
13
18
19
15
15
6
8
10
13
12
12
8
13
17
16
16
7
11
5
18
12
11
12
11
7
13
12
6
18
18
5
5
13
16
19
16
11
8
5
13
13
9
14
16
19
19
12
5
15
14
7
12
13
12
12
20
17
12
11
12
15
16
13
6
16
18
10
12
19
18
10
7
19
19
10
14
8
7
18
12
16
8
20
6
15
9
7
11
5
12
6
12
15
5
19
13
16
14
15
13
18
12
14
19
7
19
6
9
5
6
9
14
18
17
20
6
11
10
7
5
11
5
5
13
11
7
14
19
5
13
12
8
13
15
10
7
18
15
12
10
17
6
11
18
11
17
15
7
8
7
18
12
12
15
18
7
9
15
7
16
5
8
7
7
14
17
6
11
11
16
18
9
20
16
14
17
5
16
12
15
15
8
17
8
15
18
20
19
19
6
7
11
10
5
9
18
12
11
10
8
10
15
17
12
7
13
11
19
7
6
5
7
7
6
11
17
13
6
18
9
17
18
19
13
12
14
9
17
15
5
14
6
8
19
16
14
17
19
10
15
9
11
16
6
8
7
10
13
13
19
5
16
9
13
6
13
17
10
17
11
16
8
9
12
12
19
9
5
10
12
18
13
20
7
6
20
10
20
20
7
7
17
5
17
5
14
7
20
19
16
7
8
6
10

21 45 63 76 98 110 132 147 165 188 213 230 251 269 297 313 332 343 360 375 405 425 455 485 509 524 554 567 583 