300 100 7 
15
8
18
14
15
10
14
11
12
17
15
19
10
14
9
20
13
12
12
13
17
18
8
9
13
7
14
9
11
8
17
15
14
8
18
13
17
13
18
20
8
10
15
15
17
14
18
7
18
10
15
8
10
12
14
19
16
10
17
11
16
20
7
16
11
17
17
13
7
15
12
20
14
12
11
13
18
14
9
20
12
8
20
8
14
11
16
14
13
8
19
9
13
16
19
20
16
12
19
9
15
7
11
15
12
20
18
7
9
16
11
15
11
16
16
19
11
10
19
19
15
12
14
11
11
15
20
11
9
18
15
18
8
15
10
7
12
16
14
7
17
7
18
20
17
7
17
12
13
14
14
9
9
19
11
17
20
10
17
9
14
16
10
10
15
20
13
14
7
19
9
19
8
10
8
19
18
16
8
19
7
9
11
13
20
16
17
19
12
10
20
20
17
9
12
16
12
10
10
12
9
17
18
13
8
16
20
13
11
16
10
17
19
10
7
17
11
18
17
19
8
20
11
17
8
10
7
20
9
10
14
12
8
19
14
11
16
19
19
19
7
8
11
20
18
7
13
10
15
16
13
9
16
9
17
18
13
17
18
10
9
19
12
10
8
9
18
9
14
18
18
13
16
11
13
7
12
19
13
16
20
13
19
20
20
8
9
10
13
19
8
14
16
12
10
17
12
8
18
16

27 43 60 90 120 139 168 188 213 228 243 258 278 299 320 338 365 393 420 447 475 489 505 529 552 578 592 616 644 671 687 707 736 756 779 807 835 865 888 903 922 944 973 996 1014 1028 1051 1070 1095 1113 1127 1144 1159 1175 1202 1216 1233 1259 1275 1303 1332 1348 1365 1389 1418 1435 1449 1477 1498 1527 1551 1574 1591 1605 1622 1652 1674 1703 1721 1742 1761 1788 1808 1828 1858 1881 1895 1924 1952 1982 2002 2032 2060 2078 2096 2118 2134 2150 2166 