200 40 7 
10
10
16
17
17
17
20
14
17
19
8
16
17
17
11
14
20
10
12
13
14
20
20
18
9
9
15
7
16
11
12
20
10
12
20
11
10
19
19
11
13
8
16
15
11
19
14
11
14
13
13
20
11
10
7
9
19
9
15
7
20
19
9
13
10
15
17
20
16
18
18
10
12
20
19
20
10
17
20
14
16
7
10
14
7
12
11
15
13
17
8
17
17
20
20
16
20
17
12
18
12
14
14
18
14
8
13
11
11
9
11
16
15
18
19
20
16
18
13
20
20
11
13
11
14
17
10
16
11
15
7
7
13
14
17
14
12
8
13
8
14
17
12
7
16
11
7
15
11
10
12
15
19
16
10
7
8
7
17
19
19
16
17
9
14
19
19
20
12
13
9
16
18
11
15
19
16
13
16
11
12
12
20
20
15
11
12
16
16
20
14
17
9
16
19
15
14
15
16
12

20 36 57 76 100 122 142 157 182 205 222 251 269 295 325 339 356 374 392 413 430 455 481 508 531 549 563 578 597 611 639 668 691 720 735 761 788 816 836 