400 100 6 
13
9
20
8
6
13
19
17
8
12
20
10
14
17
14
18
18
9
11
10
12
10
18
15
8
10
8
11
19
8
18
9
14
14
8
10
7
20
14
6
18
14
11
9
19
20
17
11
7
7
15
14
12
12
14
11
11
7
12
15
16
20
12
15
7
14
16
11
14
10
15
6
19
19
13
9
12
11
11
10
19
13
16
18
6
15
13
6
10
19
16
9
11
20
13
11
16
10
13
6
16
11
17
13
16
18
11
18
16
13
6
10
7
19
13
9
14
17
12
9
6
8
8
15
10
16
9
12
15
13
6
16
19
11
15
16
20
14
7
6
8
9
12
12
11
9
18
12
10
14
9
13
10
15
19
17
15
14
19
15
12
8
14
8
17
7
11
15
15
10
6
6
17
15
14
20
16
20
12
19
13
9
9
20
17
7
7
16
7
19
20
8
13
10
18
20
18
16
18
16
12
14
15
16
6
18
18
15
16
7
6
18
6
20
9
6
17
18
9
16
13
7
6
11
11
13
17
16
17
19
9
12
17
8
13
16
13
12
13
20
12
9
12
12
8
11
12
6
10
7
18
18
8
13
18
9
19
6
11
12
19
16
12
6
20
12
18
13
8
13
9
10
15
10
8
13
10
13
15
9
17
18
6
8
9
17
10
16
8
11
14
11
16
9
12
8
20
20
7
7
7
20
9
9
9
12
14
19
10
12
13
17
11
19
10
11
7
8
18
19
15
19
20
12
13
13
11
14
6
9
10
6
11
16
17
11
14
20
9
15
14
6
16
8
20
15
12
14
8
11
15
19
19
17
18
18
8
19
11
9
15
15
13
12
7
16
18
12
15
19
16
16
19
12
6
15
17
9
7
16
15
12
7
20
12
19
14
8
7
12
19
13
16
19
15
7
17
16
14
8

14 39 52 72 95 123 152 177 192 216 243 270 300 324 350 364 386 403 417 434 452 465 491 513 538 552 572 598 611 630 649 675 691 716 742 760 780 799 828 854 882 906 918 940 957 974 995 1021 1048 1061 1078 1096 1113 1141 1169 1187 1199 1229 1245 1260 1288 1305 1330 1357 1369 1396 1422 1448 1473 1497 1527 1541 1565 1579 1598 1614 1628 1654 1679 1701 1726 1755 1776 1799 1812 1824 1838 1864 1888 1904 1921 1950 1972 1990 2014 2033 2060 2074 2093 