300 30 6 
7
8
13
18
18
18
17
15
15
10
15
14
13
18
20
19
13
11
11
16
16
8
11
13
13
18
14
20
13
7
18
7
20
16
14
18
18
18
9
15
9
10
15
7
15
16
10
8
15
10
15
11
12
19
20
16
12
10
16
19
11
9
17
7
6
11
20
8
12
18
20
18
20
12
9
18
20
15
9
11
12
17
16
12
20
19
6
8
17
14
6
8
16
10
8
19
6
8
6
19
15
17
9
10
16
19
16
7
17
16
15
15
18
18
17
17
18
16
12
20
11
8
11
19
20
15
11
16
17
20
13
8
11
6
12
6
18
10
13
13
17
16
14
20
9
19
10
6
15
6
13
15
16
6
18
9
9
9
16
9
10
14
8
13
16
8
18
15
15
7
12
20
16
18
8
7
18
16
6
14
16
20
13
16
7
17
11
7
10
20
19
8
17
12
8
6
12
11
6
13
15
6
14
12
6
8
13
15
8
11
7
18
20
12
14
7
17
13
14
16
19
19
19
14
14
20
13
15
20
8
8
14
12
14
7
8
17
20
7
10
10
15
10
14
14
7
19
7
16
13
19
10
15
16
6
13
20
18
9
20
16
7
12
15
19
17
16
14
15
13
14
12
6
6
15
8
9
15
13
8
13
13
15
12
6
14
15
14
16
19
12
17
6
17
13
14
18
16
14
18

27 57 82 103 130 146 173 198 218 245 268 286 313 333 351 381 410 436 457 473 503 521 541 561 578 604 620 650 665 