300 30 5 
12
15
6
14
15
16
14
6
10
20
18
10
16
19
10
16
10
11
10
17
16
8
19
11
10
19
6
20
20
9
15
16
17
13
15
5
17
16
9
13
6
16
18
11
19
15
19
18
6
6
16
18
8
9
14
20
18
12
17
8
18
6
19
12
14
5
12
16
8
19
14
9
19
8
16
19
5
15
14
10
14
13
15
10
8
15
7
5
14
20
13
5
18
12
15
19
10
14
5
8
11
16
20
17
9
18
5
8
14
12
5
17
9
10
13
18
8
20
20
7
9
19
20
20
13
17
10
13
14
17
18
18
19
15
19
15
18
8
7
19
5
13
14
15
16
20
19
18
17
16
15
18
9
18
12
13
10
16
12
17
18
20
12
9
7
8
19
9
19
18
16
12
19
10
19
12
10
19
9
17
11
9
14
13
6
8
15
8
18
14
14
8
13
18
9
20
16
20
12
8
7
6
6
11
15
12
10
15
16
16
8
9
13
9
11
18
9
13
19
13
13
5
6
10
8
16
18
10
6
10
7
20
20
14
19
7
18
10
13
17
9
18
6
16
16
8
13
7
10
10
18
19
18
12
13
15
10
8
16
20
16
19
10
5
18
17
13
10
19
12
19
11
14
17
13
15
11
12
11
5
16
6
19
20
10
11
11
14
12
17
9
10
6
5
14
18
10
8
14
10

26 36 60 81 101 124 144 162 182 193 220 244 255 270 282 304 319 344 359 382 397 425 448 477 488 498 510 524 545 