400 10 6 
20
16
7
15
14
20
17
8
10
11
19
11
14
7
13
6
11
11
6
8
12
6
13
11
20
9
12
16
12
11
11
12
20
16
18
16
11
8
16
18
20
13
6
12
15
6
17
14
10
10
19
9
17
14
9
14
14
10
19
15
11
20
6
8
8
20
15
18
14
8
12
10
20
14
16
17
10
15
10
18
7
12
18
19
7
7
18
6
20
6
15
9
16
11
16
20
20
11
10
19
19
17
13
16
17
11
20
15
18
14
16
9
6
6
13
20
20
14
11
12
12
12
20
16
17
9
18
7
17
16
19
16
17
9
8
6
16
18
10
9
10
15
9
11
19
9
12
7
15
13
12
10
12
7
17
14
12
9
8
11
8
8
7
9
18
10
17
13
14
10
20
17
6
17
7
18
20
20
19
7
9
7
12
9
10
16
6
14
12
11
11
14
7
17
16
15
12
19
15
15
16
20
9
6
13
7
20
6
13
7
18
8
19
18
19
10
16
9
16
8
12
12
18
13
14
13
7
13
9
14
7
15
18
9
19
17
10
8
20
9
13
7
6
15
6
6
18
17
18
6
6
8
8
11
18
20
18
9
17
7
19
6
13
14
7
9
11
10
19
6
11
10
17
11
14
17
18
14
16
9
11
10
7
15
7
10
20
18
19
9
15
14
12
7
9
8
16
8
15
19
10
14
17
14
7
15
20
20
14
6
13
11
13
19
9
12
13
9
7
6
19
6
12
7
20
10
6
7
16
18
8
12
12
6
12
13
11
11
11
11
16
20
11
11
16
15
16
6
7
16
15
11
9
10
9
11
13
14
7
6
14
10
16
8
15
6
13
17
9
19
13
6
7
9
20
12
13
16
14
11
16
13
20
9
18
18
18
16
7
20
12
9
11
8
12
7
8
8
20
6

24 42 59 86 100 115 139 166 194 