400 100 7 
12
17
12
15
15
14
12
19
7
19
11
10
8
11
12
8
17
20
15
9
9
16
9
18
19
16
11
11
17
8
20
19
19
10
19
12
12
8
7
16
16
18
14
19
15
14
17
20
7
10
15
13
11
14
16
12
19
18
11
17
10
8
11
15
13
19
10
17
12
20
11
19
8
17
11
7
9
9
9
12
10
12
7
7
8
16
14
14
10
15
8
15
17
18
20
10
7
15
13
20
16
16
7
13
17
12
11
9
10
18
16
19
8
9
17
9
7
8
13
15
17
13
16
11
19
10
7
8
18
11
10
10
18
19
8
7
19
15
10
17
19
7
18
13
19
11
20
10
9
19
7
19
15
13
17
13
17
7
14
18
9
17
16
11
11
12
9
15
15
8
14
19
10
11
9
20
12
18
20
15
20
14
13
8
13
10
19
11
15
18
8
7
16
8
19
11
7
17
20
9
19
9
18
20
18
17
19
10
10
17
20
13
13
20
17
18
12
12
13
10
15
9
17
12
16
14
9
17
7
15
8
20
12
14
19
7
13
17
15
17
8
13
13
8
12
15
10
16
9
18
19
7
18
14
8
10
9
16
8
11
20
9
11
20
15
8
11
20
20
10
17
20
11
10
7
12
13
15
7
12
12
17
14
8
9
16
11
18
12
7
14
19
12
7
17
11
19
16
15
17
20
13
14
18
19
11
18
17
19
10
10
10
12
9
14
7
16
16
15
19
15
7
13
20
16
17
14
20
7
17
19
8
7
11
11
13
18
13
19
7
17
16
11
11
14
14
18
13
18
7
20
20
17
13
11
13
20
16
14
19
8
9
11
10
14
14
20
7
13
20
18
20
20
11
10
15
7
7
18
16
19
18
10
18
11
9
19
11
15
11
19
12
17
12
19
7
17
12
11
8

28 51 68 86 111 139 164 180 201 220 247 274 290 318 339 361 381 408 425 453 472 492 522 545 565 595 616 634 664 678 703 718 733 763 778 795 825 845 866 887 904 934 964 982 1002 1024 1039 1053 1078 1103 1118 1146 1172 1198 1225 1247 1275 1298 1317 1334 1350 1368 1385 1413 1438 1461 1488 1502 1526 1548 1578 1595 1625 1641 1660 1678 1699 1726 1752 1779 1793 1818 1848 1868 1882 1903 1931 1958 1972 1991 2007 2022 2042 2056 2072 2089 2105 2128 2145 