350 100 6 
11
10
12
12
19
7
15
15
7
15
14
9
13
15
8
17
9
13
10
13
18
9
10
18
12
13
14
7
15
10
7
7
17
9
8
6
15
8
15
16
17
14
11
13
20
13
12
19
14
17
10
6
6
16
11
16
17
8
10
14
18
14
6
9
13
13
16
18
9
14
12
12
8
18
12
19
8
12
17
9
10
19
19
14
17
17
17
16
19
15
14
11
20
8
12
12
8
6
9
8
14
10
6
8
7
10
17
19
10
12
8
13
14
18
13
6
9
6
17
15
11
20
6
7
6
18
7
6
10
11
13
14
19
7
7
13
10
11
10
6
18
17
14
16
20
14
10
19
6
20
10
20
17
17
14
19
13
11
11
18
13
18
13
20
15
6
14
19
6
19
10
20
13
19
7
7
20
12
13
9
6
8
11
7
14
16
15
10
20
13
14
16
11
17
19
16
6
16
18
7
20
14
13
11
10
20
20
20
9
16
15
17
19
9
16
8
17
8
12
16
16
9
15
7
12
12
16
9
7
20
7
18
14
8
18
6
12
18
17
11
11
17
12
9
19
10
13
9
20
15
15
19
12
17
16
6
11
16
19
14
8
19
8
11
14
11
12
18
19
7
10
19
6
17
13
12
10
20
12
9
10
14
15
8
7
13
20
15
19
16
14
19
6
18
10
14
9
10
6
17
15
20
6
20
10
19
10
18
20
8
12
8
17
9
7
8
9
14
11
9
20
7
8
10
18
9
9
6
6
6
12
17
13
20
15
20
19
17
7
19
14
12
19
8
20
20
7
11
10
18

14 37 49 78 105 130 145 165 187 209 239 265 290 307 336 353 382 407 431 457 480 492 512 525 547 567 594 624 649 673 691 719 735 753 777 803 829 858 888 915 933 947 972 1001 1031 1049 1071 1100 1113 1138 1154 1169 1196 1223 1252 1279 1299 1318 1332 1356 1385 1398 1410 1437 1450 1467 1486 1509 1537 1554 1577 1598 1613 1639 1660 1682 1712 1726 1739 1756 1786 1810 1830 1860 1887 1905 1927 1946 1959 1986 2009 2032 2060 2076 2088 2112 2136 2149 2175 