300 40 5 
20
10
6
15
9
6
16
11
15
8
19
18
17
15
8
17
9
13
15
13
5
5
11
9
14
19
11
10
5
13
12
9
15
8
14
10
19
15
20
11
17
15
16
14
6
6
14
10
13
14
15
15
8
20
9
9
15
14
13
7
7
13
10
12
7
15
16
6
8
7
7
13
11
17
17
14
15
16
13
8
19
11
13
7
8
8
10
16
11
7
7
12
18
19
20
8
5
20
20
11
15
8
17
10
20
19
14
9
5
5
12
19
18
11
17
12
16
8
7
5
11
5
17
16
14
7
19
20
16
17
18
19
17
9
10
10
5
15
15
9
16
11
5
19
19
6
20
8
6
13
6
17
7
17
19
12
17
18
16
9
17
13
19
20
5
19
10
5
6
12
12
20
7
12
15
16
14
5
12
17
19
13
17
12
6
18
5
8
6
11
17
15
15
16
13
7
20
13
9
18
14
19
13
19
19
15
18
17
10
15
19
16
14
18
14
14
17
16
16
12
19
10
16
14
19
19
10
5
5
15
15
10
5
10
10
13
11
13
6
16
16
12
15
13
16
19
7
15
15
19
10
16
17
8
19
14
5
13
16
19
17
17
20
5
20
11
12
12
8
12
20
19
7
5
10
16
16
9
18
7
9
20
12
11
7
12
20
6
12
6
9
12
16
12
16
11
19
14
9
6

23 45 61 78 106 120 130 140 170 180 204 223 234 258 287 301 312 340 369 388 401 416 438 449 478 491 517 546 559 574 601 625 646 658 680 701 723 747 777 