300 40 7 
7
16
15
15
19
11
10
17
18
15
9
19
15
7
8
10
19
15
12
19
11
7
12
20
15
15
7
19
15
14
9
16
11
7
9
20
12
15
13
12
7
7
16
12
16
13
11
16
10
13
17
7
8
18
9
9
14
13
9
8
15
16
10
11
7
12
14
9
17
14
15
14
10
10
20
12
15
7
9
12
17
13
15
11
15
19
14
15
19
20
10
7
13
9
20
14
8
20
19
10
10
10
11
7
15
14
12
10
7
12
11
16
7
17
17
10
17
17
17
20
17
17
7
16
13
12
17
15
8
14
7
10
9
15
15
12
7
15
16
8
16
10
8
8
8
14
18
18
14
17
8
15
20
12
16
18
9
11
9
20
17
9
12
12
14
11
20
8
16
13
10
19
13
11
16
14
14
18
16
15
11
19
10
19
12
12
14
20
17
9
7
12
20
15
12
14
15
12
14
13
12
18
9
9
10
16
9
9
8
17
10
11
20
8
9
16
10
8
14
16
14
17
18
11
7
11
17
20
10
15
12
16
14
17
14
20
9
7
20
9
11
13
19
20
11
11
17
18
20
17
8
18
9
20
20
12
15
13
11
16
17
15
19
16
14
12
20
18
13
7
10
17
13
18
18
16
7
9
9
17
8
14
19
9
14
19
18
11
20
15
14
12
19
13
9
8
15
9
7
20

23 40 64 91 121 141 166 188 218 243 264 293 323 346 375 393 409 435 453 478 508 531 561 580 606 633 659 685 715 742 759 777 791 808 822 850 877 895 923 