300 40 6 
13
8
9
18
20
15
7
16
20
17
12
6
18
17
17
16
18
6
16
17
8
15
20
13
13
19
17
6
12
8
8
16
6
17
17
11
20
19
11
8
15
18
20
9
18
16
14
6
17
18
12
9
16
17
19
13
19
18
8
15
17
13
7
8
11
10
11
15
14
19
12
6
6
9
11
15
8
16
6
10
17
11
14
13
9
14
10
17
14
7
17
11
6
18
9
12
12
11
17
17
20
10
11
11
8
16
8
7
12
9
7
7
11
9
13
18
20
9
8
15
14
7
15
11
14
12
16
13
16
15
18
12
8
13
14
14
16
17
18
20
15
17
6
11
10
7
7
12
18
7
20
13
15
14
20
15
20
6
14
14
15
17
18
11
19
18
9
14
20
19
6
14
18
6
11
14
10
12
15
11
7
8
12
13
10
8
6
12
15
16
14
8
6
15
8
16
14
10
13
10
7
20
12
19
12
15
12
13
15
7
10
11
14
7
9
8
18
20
11
11
8
12
13
12
17
14
20
9
16
17
16
19
19
8
19
10
11
7
14
12
11
12
15
10
10
8
9
9
6
11
16
7
15
15
16
12
20
17
16
8
9
20
6
14
11
8
16
9
20
13
8
8
16
6
16
16
8
10
8
17
14
16
15
17
16
14
9
18
20
11
7
16
20
18
14
16
16
13
11
14

24 47 77 98 113 135 149 164 182 210 223 242 255 270 292 320 338 359 383 409 437 462 487 503 524 539 561 583 599 622 638 660 683 695 714 734 758 772 799 