200 30 5 
5
7
19
11
13
9
14
18
15
12
20
16
18
16
20
11
16
20
18
19
14
6
18
16
17
12
5
12
15
18
19
17
20
20
10
20
6
15
5
18
11
19
17
9
10
11
12
10
15
16
14
14
19
11
13
7
11
10
12
8
15
5
19
7
14
17
5
18
16
20
13
16
12
10
11
10
12
8
14
10
13
15
18
18
11
19
12
15
13
13
19
16
13
14
18
18
11
20
11
14
18
18
14
5
10
11
10
10
16
15
19
17
19
9
5
7
16
8
8
18
17
13
20
10
17
20
7
9
19
7
5
15
20
15
15
8
13
12
7
18
14
7
19
9
8
6
16
6
9
16
8
8
13
17
7
17
19
16
11
20
14
16
10
13
13
20
9
18
14
6
10
8
14
9
5
10
19
13
10
5
14
20
5
7
11
19
20
10
11
10
5
11
20
7
19
16
7
8
19
10

16 27 49 77 95 112 129 142 155 166 194 217 239 252 275 294 307 321 347 360 383 406 430 450 464 478 508 538 550 