20 100 7 
20
17
11
11
18
19
9
9
20
10
13
20
12
17
13
19
15
17
8
15

26 53 78 94 124 138 168 192 221 241 259 285 312 332 357 379 400 425 449 477 494 512 542 557 583 610 625 655 675 702 717 747 772 801 830 847 861 890 915 934 950 977 992 1010 1033 1054 1084 1112 1131 1156 1174 1188 1215 1241 1266 1296 1323 1337 1358 1380 1398 1417 1440 1463 1487 1511 1535 1565 1594 1618 1640 1663 1682 1696 1710 1727 1754 1773 1789 1818 1840 1869 1893 1917 1935 1951 1971 1997 2011 2029 2057 2079 2109 2139 2166 2182 2203 2228 2246 