400 150 6 
6
16
6
9
13
13
13
7
11
14
11
18
13
13
7
16
9
7
16
12
16
10
16
14
6
7
20
9
7
7
19
18
20
17
20
17
20
16
17
9
18
18
10
9
20
11
8
17
13
20
13
9
20
8
11
15
17
13
10
9
18
7
15
9
15
7
19
11
7
13
12
20
20
9
20
17
7
20
7
9
15
6
7
11
13
9
20
7
13
9
9
13
12
8
14
9
12
11
11
12
15
19
7
12
16
9
6
16
8
12
6
16
20
14
16
10
19
19
18
8
18
17
7
12
8
7
8
7
19
11
16
11
16
9
10
12
15
6
9
6
13
17
6
17
9
18
9
9
17
20
15
13
9
20
14
7
8
16
20
19
20
14
9
17
15
10
10
7
6
18
19
19
12
6
19
7
11
13
11
9
8
15
17
10
15
6
7
12
6
7
8
12
12
19
18
6
17
9
9
9
6
8
18
11
7
11
17
6
7
20
16
12
20
14
15
11
11
14
11
13
12
9
9
7
14
8
15
19
13
15
20
14
11
20
20
18
10
7
14
6
19
17
9
13
15
17
9
6
17
7
15
10
9
6
9
13
15
17
6
14
14
12
19
19
18
20
11
7
6
11
9
13
18
14
7
15
20
14
7
20
16
12
16
20
8
12
9
6
12
14
17
12
15
12
15
20
9
7
8
8
20
14
17
14
9
16
19
12
19
10
13
13
11
20
13
19
19
12
11
8
6
11
7
9
20
19
14
15
10
8
14
6
7
16
8
20
6
7
20
17
7
15
13
20
20
10
20
11
13
10
13
12
14
9
17
19
6
13
13
16
7
13
17
13
13
19
17
6
6
11
16
15
19
8
6
8
14
14
8
9
9
18
10
18
8
17
8
9
8
15
20
20
11
16
7
16
12
13
14
6

17 45 59 72 96 124 149 174 194 224 253 282 307 331 361 390 407 420 435 456 480 510 527 546 562 575 605 619 638 650 680 701 730 748 764 790 804 830 842 859 876 900 920 939 959 974 997 1018 1032 1051 1074 1088 1102 1115 1128 1141 1166 1195 1223 1239 1253 1278 1295 1308 1321 1338 1351 1365 1390 1416 1446 1472 1488 1517 1538 1559 1571 1597 1619 1636 1651 1679 1700 1715 1734 1749 1767 1784 1811 1836 1852 1871 1886 1910 1937 1960 1975 2001 2019 2037 2051 2070 2090 2110 2123 2145 2165 2190 2219 2236 2265 2292 2319 2345 2366 2384 2412 2436 2463 2481 2499 2528 2546 2571 2595 2618 2630 2646 2666 2688 2713 2740 2754 2771 2801 2826 2845 2859 2879 2906 2936 2948 2978 3004 3026 3045 3067 3084 3109 