350 50 6 
6
13
19
16
19
13
19
15
12
13
17
7
7
18
11
19
8
12
16
20
19
12
13
14
12
18
9
9
9
9
6
13
14
8
10
19
11
16
19
9
18
8
19
11
16
11
14
10
11
20
10
9
9
9
11
20
7
15
14
17
20
20
15
17
20
9
12
8
7
17
12
8
10
10
19
18
10
13
15
14
16
14
6
12
7
7
15
9
15
16
13
9
15
6
15
15
17
10
14
7
8
16
10
19
17
20
6
12
12
13
6
11
14
14
14
11
18
15
15
7
7
6
10
18
10
9
9
14
18
20
13
19
18
14
11
20
12
12
18
17
17
19
18
8
7
17
20
6
17
11
16
17
14
20
7
14
12
15
16
13
17
16
9
6
9
16
18
14
11
14
17
18
10
17
10
8
16
14
8
8
19
12
11
11
15
9
20
6
19
20
12
13
15
15
11
10
9
13
11
11
7
16
14
13
9
13
11
14
14
8
13
14
11
8
10
13
12
17
9
6
10
11
15
9
13
16
16
15
6
10
10
7
17
7
15
12
16
17
18
18
7
14
7
7
16
9
17
20
14
16
16
12
9
19
11
20
11
9
16
18
12
13
16
10
15
12
6
7
12
16
16
15
15
7
8
9
10
10
17
11
8
16
15
15
14
19
6
12
19
15
10
12
16
15
16
16
16
11
17
10
12
12
13
6
19
17
7
13
8
18
11
10
13
12
8
13
13
6
15
15
15
8
17
6
9
15
12
14
17
14
17
17
13
6
18
7
19
15
11
19
14
7
17
13
8
6
8
17
14
14

12 37 51 71 84 103 118 139 155 180 194 217 236 253 267 279 299 315 327 346 362 385 414 435 452 466 496 517 531 560 586 609 621 644 672 700 718 742 768 795 813 827 854 875 902 926 947 970 1000 