200 30 6 
11
16
10
20
12
18
15
20
10
10
11
7
18
15
13
17
18
20
17
13
7
14
10
20
14
20
20
12
12
20
7
16
19
16
7
9
17
11
6
12
12
9
9
9
20
6
11
19
18
9
16
19
15
11
12
16
9
13
18
9
8
11
11
7
6
14
17
7
13
18
9
12
13
7
7
15
14
18
20
10
13
10
19
9
16
19
6
18
19
14
9
15
8
7
15
17
6
16
13
6
6
19
14
11
18
8
13
11
10
18
10
11
7
6
15
10
16
19
9
10
20
7
15
11
7
7
8
12
20
17
16
12
14
19
11
8
12
6
18
20
6
15
13
11
8
16
17
6
16
15
18
13
12
6
13
7
13
8
16
8
11
13
14
9
8
11
15
17
6
9
17
15
17
9
11
9
7
14
8
8
12
12
8
19
20
15
13
6
19
6
15
13
7
10
16
11
17
12
17
6

28 47 72 93 115 133 151 180 192 220 234 261 282 311 332 346 359 373 392 421 451 470 499 524 538 556 584 602 632 