350 20 6 
15
18
10
8
12
19
19
17
18
13
13
8
18
9
20
19
12
9
20
10
12
8
9
16
16
9
20
16
14
8
7
15
15
16
8
17
20
6
17
8
10
20
7
7
6
14
10
6
19
8
19
20
19
8
15
17
11
11
18
14
8
17
19
8
7
10
19
16
8
17
14
7
12
20
12
12
17
7
6
11
10
17
12
15
10
12
14
17
20
9
12
15
7
7
13
20
7
15
6
20
12
7
10
14
14
18
18
16
6
20
13
20
16
7
7
18
20
20
9
13
8
15
6
16
15
6
15
13
12
17
15
16
6
17
11
16
14
19
10
8
19
15
11
8
10
16
8
13
9
19
20
10
11
15
15
6
20
9
9
17
12
18
18
7
11
11
10
16
10
10
13
13
20
14
17
6
6
16
6
13
20
10
12
17
15
19
15
6
13
6
9
10
17
19
14
7
11
17
16
18
15
19
6
6
7
17
6
16
8
9
12
9
7
14
17
12
19
18
20
9
13
19
17
9
8
8
10
11
10
20
17
14
7
7
14
15
7
20
15
11
11
13
11
17
12
15
17
13
10
16
11
14
18
7
10
11
14
18
16
13
8
11
19
16
19
18
20
8
20
9
16
10
11
16
9
10
20
12
12
14
17
16
12
9
10
8
6
20
14
8
14
20
10
19
16
18
9
11
6
19
18
8
20
10
17
8
13
10
15
10
11
15
7
12
8
13
11
13
17
13
18
11
16
11
9
18
9
14
17
12
20
17
17
7
18
18
9
14
11
9
17
6
17
12
7
7
12
14
19
9

28 43 58 85 114 127 140 161 178 202 216 240 269 290 311 325 352 382 404 