300 10 5 
5
7
19
9
5
8
8
15
20
8
6
12
12
18
10
5
12
17
6
11
19
19
14
11
10
12
20
18
7
13
7
20
15
7
7
15
12
11
13
11
15
19
9
6
8
6
11
13
20
8
6
13
6
16
17
11
9
15
16
16
20
14
19
10
15
6
14
15
5
5
9
19
11
16
8
11
16
20
13
18
5
18
12
13
15
11
16
11
11
7
12
15
17
12
5
16
12
13
14
16
9
17
19
12
14
6
11
20
13
5
8
12
8
7
16
18
7
9
17
17
8
12
16
5
7
17
19
15
15
19
16
12
15
20
5
17
16
13
10
9
6
16
20
19
5
16
11
5
6
20
14
6
10
7
5
11
14
20
7
16
15
16
13
9
16
8
6
9
10
13
13
18
20
13
9
14
19
20
19
15
19
19
13
18
6
15
17
9
13
13
7
8
5
13
11
16
20
20
14
11
20
15
12
7
14
20
15
7
11
11
18
5
7
14
8
13
7
13
13
6
12
5
13
18
9
17
20
9
18
17
6
16
5
10
16
16
13
14
14
20
20
14
14
18
9
13
5
14
19
7
17
12
5
18
15
5
18
20
14
11
18
5
20
16
6
6
15
20
8
18
14
14
7
20
17
13
18
9
14
14
18
8
6
17
13
15
7
8
8
15
19
16
13
10
17
19
14
12
19
12

27 55 69 91 108 135 165 187 209 