200 50 7 
15
19
20
9
7
10
10
20
12
12
17
8
17
12
17
15
13
17
17
9
7
8
11
9
17
12
13
19
20
12
11
20
9
7
11
10
18
10
11
10
17
17
14
18
19
8
12
13
13
20
17
15
17
8
13
16
14
10
10
19
16
8
8
19
10
13
20
19
9
14
17
10
20
20
13
15
20
13
11
15
19
7
18
9
7
7
18
11
19
13
18
11
7
20
9
15
7
11
11
17
12
7
11
15
9
14
12
9
7
15
18
12
14
9
16
11
20
14
17
15
18
19
11
20
9
13
8
17
17
18
12
8
20
13
11
16
18
16
19
16
7
15
15
18
20
17
7
19
13
16
17
17
18
17
15
7
11
12
9
16
19
17
19
9
13
20
16
9
15
18
19
17
13
16
20
15
13
15
7
17
14
9
12
11
17
9
10
20
17
15
18
19
9
12
20
14
11
11
12
18

19 47 72 90 114 139 158 187 212 231 249 273 301 315 331 351 381 410 426 448 466 494 524 542 570 599 621 641 671 696 723 748 777 805 819 849 878 904 922 952 976 990 1018 1034 1060 1090 1107 1121 1149 