200 100 7 
16
20
12
14
13
14
7
14
14
7
15
17
13
13
18
16
18
17
17
13
15
11
17
12
19
20
15
11
12
19
12
10
12
11
14
16
15
12
9
13
15
8
17
9
13
18
13
7
8
11
17
11
20
14
13
8
16
8
12
10
9
14
18
14
9
8
13
16
12
14
20
18
12
14
11
14
10
10
13
7
14
17
10
18
16
10
8
10
19
16
13
13
19
18
11
17
19
9
20
17
11
8
11
20
14
13
7
13
10
10
8
15
18
8
8
8
13
19
11
19
14
12
10
9
15
11
18
7
10
19
20
20
19
12
10
11
14
17
15
20
10
9
8
13
9
15
10
9
13
9
16
20
9
19
8
16
9
10
15
20
20
17
7
14
8
7
20
19
15
16
11
11
9
19
9
9
13
8
10
9
16
9
16
11
15
10
16
17
16
14
18
18
8
12
16
19
12
15
19
8

23 44 65 80 98 114 136 150 180 202 224 253 275 292 316 343 368 388 417 434 452 474 493 519 537 563 581 595 614 632 661 681 709 728 746 772 791 809 828 851 874 892 915 930 945 974 994 1018 1032 1055 1076 1106 1130 1159 1185 1214 1234 1261 1286 1303 1330 1346 1372 1398 1426 1445 1461 1475 1502 1528 1551 1568 1597 1619 1646 1674 1691 1708 1738 1755 1769 1796 1823 1852 1867 1891 1919 1941 1965 1982 2003 2033 2056 2078 2108 2124 2139 2163 2177 