200 50 7 
11
9
10
10
17
15
8
16
8
8
10
14
20
10
20
18
15
17
9
12
14
19
9
19
15
12
16
15
13
13
8
14
11
19
7
16
20
15
20
20
14
7
12
17
12
10
10
10
11
7
11
13
9
20
14
19
20
10
7
9
8
18
10
20
16
11
11
11
18
16
13
9
9
9
17
14
16
13
10
8
14
13
12
10
10
7
16
20
20
10
11
19
13
14
9
7
9
16
8
13
12
20
12
9
19
8
11
13
13
13
9
18
18
9
19
13
14
12
15
8
19
13
13
14
13
20
14
16
14
12
15
20
20
12
8
11
18
7
18
14
17
7
9
8
7
8
18
14
7
18
8
10
18
15
7
18
15
20
15
13
19
17
13
16
18
20
13
14
11
19
16
13
8
16
8
7
13
14
20
17
17
19
10
15
19
13
9
10
10
7
8
18
9
19
12
19
9
9
10
15

27 51 78 102 130 152 174 196 210 225 239 257 278 292 311 336 356 373 389 405 425 452 475 504 532 552 582 606 626 647 669 690 706 728 744 771 785 808 832 847 870 893 919 947 970 989 1009 1036 1054 