350 20 5 
11
17
13
18
9
15
13
19
17
6
6
11
16
5
14
6
19
12
19
12
5
18
13
5
8
13
17
16
18
13
7
5
10
10
14
10
19
16
14
19
8
8
14
14
8
9
7
14
5
14
9
5
7
9
13
8
6
8
10
14
8
8
12
9
8
8
18
8
8
15
6
12
8
16
19
9
7
12
18
15
9
9
5
10
9
18
8
7
17
14
5
9
9
6
7
10
12
17
17
5
17
19
15
20
8
6
13
5
19
6
7
19
7
20
17
18
19
19
8
10
17
7
8
8
10
15
16
18
15
16
19
9
5
20
16
20
17
18
20
10
20
16
14
16
8
7
20
20
12
6
20
9
13
9
13
5
6
11
15
7
8
10
16
12
13
10
17
19
10
13
16
16
20
17
15
15
20
10
5
10
13
18
20
12
13
14
11
6
19
19
12
17
16
9
16
6
17
14
10
11
12
14
10
15
8
18
19
8
18
6
14
10
13
16
16
10
10
13
10
20
9
14
16
10
15
20
12
14
8
7
19
18
14
13
8
14
10
9
16
18
11
18
6
13
5
7
16
13
12
15
18
7
17
5
17
9
12
19
10
14
11
14
20
18
9
19
19
6
18
17
15
7
6
7
5
10
13
15
12
11
10
11
11
6
19
14
8
5
15
15
20
12
17
10
5
17
20
7
20
15
8
15
9
13
12
12
19
11
12
16
12
13
13
9
13
11
6
19
14
7
18
15
16
16
19
19
14
7
9
17
17
17
19
13
20
13
5
9
8
6
10
19
9
10
12
17
16
12
19
12

27 51 65 94 107 123 139 152 179 209 232 247 272 282 305 322 334 363 373 