200 100 6 
7
11
17
17
7
18
17
19
11
10
16
15
10
9
15
16
12
7
8
11
13
18
20
9
17
8
11
7
12
20
16
9
14
13
20
7
14
19
10
15
19
14
6
14
15
15
14
18
19
17
17
15
10
14
17
19
19
15
18
15
10
12
15
10
19
17
15
6
17
12
10
9
9
14
6
17
8
17
10
10
20
8
6
7
18
8
16
6
15
16
19
16
14
8
9
17
18
17
14
13
19
18
13
7
10
8
7
10
17
16
6
7
8
20
18
20
13
18
14
18
12
7
15
17
18
11
14
15
8
11
9
14
9
17
9
16
16
17
13
7
16
18
8
9
11
6
14
12
11
7
11
20
9
13
14
15
16
9
10
10
8
9
9
14
6
14
9
19
12
11
11
16
13
13
18
14
6
7
19
17
14
10
10
18
13
16
13
6
19
10
20
15
8
9
14
19
17
7
9
10

18 44 62 77 104 127 147 161 184 207 221 235 258 286 308 333 356 373 400 427 445 473 486 502 532 554 575 593 623 647 676 696 725 750 779 804 833 851 879 901 921 939 957 978 996 1021 1041 1068 1082 1103 1130 1158 1181 1204 1233 1245 1274 1295 1317 1335 1359 1383 1400 1420 1444 1465 1491 1506 1525 1538 1552 1575 1604 1622 1646 1663 1686 1707 1723 1749 1768 1797 1813 1843 1864 1876 1889 1909 1939 1957 1977 2004 2027 2043 2069 2094 2115 2140 2159 