300 30 5 
10
7
19
10
18
19
19
11
14
14
16
7
11
6
15
5
20
7
13
9
10
12
9
11
9
20
18
7
8
8
18
6
17
11
11
13
18
19
17
5
19
8
8
11
10
11
15
8
11
9
14
20
19
15
12
7
7
16
20
16
9
5
8
9
11
5
6
10
7
5
10
13
14
17
5
18
15
11
13
20
10
19
5
12
6
9
14
5
16
15
13
15
5
18
15
8
17
10
11
7
9
16
7
11
6
16
14
20
19
15
16
16
10
15
10
9
9
16
7
13
10
9
7
14
19
7
16
10
12
5
18
14
15
13
15
7
5
14
11
9
14
15
16
20
16
18
5
19
5
12
16
7
14
5
9
20
13
11
18
9
17
12
20
6
19
19
11
9
17
18
20
10
8
18
6
8
7
7
15
18
18
7
16
11
20
11
12
8
9
7
13
12
11
7
8
6
11
11
17
9
18
5
18
13
9
16
8
20
6
19
15
15
7
6
16
17
20
5
7
20
16
18
9
11
16
15
6
8
16
13
12
16
18
15
12
11
8
18
17
16
20
17
13
16
14
20
6
17
6
8
18
15
10
5
15
14
10
12
6
19
10
16
17
20
8
7
10
13
14
16
6
20
10
7
18
15
13
6
12
20
17
15
6
17
15
8
6
13
15
5
17
15
16
12
10
14
11
5
5
9

27 51 66 89 118 135 156 182 198 217 230 249 267 280 310 336 347 362 375 405 425 444 459 476 491 506 536 552 574 