200 40 6 
11
13
8
14
6
9
9
12
14
20
15
11
19
6
10
10
7
11
15
16
7
14
8
10
12
15
14
20
10
16
19
10
20
18
18
19
11
6
18
18
17
7
14
18
20
14
16
10
17
20
15
10
8
11
6
10
10
17
19
12
20
17
20
14
16
19
15
6
10
9
14
14
18
19
13
6
6
11
6
11
6
10
13
15
14
10
18
16
15
7
17
13
8
16
8
13
7
14
12
9
20
9
11
7
6
8
10
12
20
13
12
14
12
19
15
14
10
8
9
10
13
10
19
15
11
13
6
8
12
9
19
14
9
20
13
14
13
10
14
18
16
12
6
7
16
10
12
11
8
6
9
8
10
10
8
7
8
16
9
20
9
18
8
20
18
11
9
8
6
8
20
6
7
17
12
18
11
14
6
10
19
9
11
16
9
17
17
15
8
10
11
17
20
16
20
12
9
18
11
20

20 41 67 83 103 122 151 173 197 216 245 262 286 300 321 348 370 382 402 423 439 456 485 504 527 547 569 588 618 646 670 699 724 744 765 783 805 830 843 