200 40 5 
15
8
14
15
19
20
8
18
18
9
19
9
9
19
6
11
13
20
12
10
15
7
8
13
19
17
6
13
18
8
20
20
13
9
17
18
18
5
20
18
20
12
16
13
6
13
7
14
8
11
12
6
5
20
14
16
12
15
18
7
14
20
15
6
7
17
16
17
17
9
6
19
5
15
12
7
20
20
15
10
5
13
13
17
15
9
13
7
9
18
16
10
15
17
6
7
8
7
20
18
7
9
20
11
15
11
14
14
10
17
6
9
11
18
6
19
18
14
13
11
17
17
8
14
13
8
16
14
7
20
20
15
11
13
8
19
8
8
14
9
17
12
5
18
20
17
15
20
9
10
7
18
13
5
18
12
16
17
5
18
11
15
8
15
6
12
10
20
9
14
5
18
17
12
18
12
6
19
16
13
11
6
18
6
5
6
7
10
15
19
14
13
13
17
8
10
16
14
16
20

30 50 65 88 101 113 142 169 184 213 241 268 295 324 350 374 391 410 436 448 465 482 505 519 536 555 584 607 623 636 665 693 723 733 756 770 782 808 826 