20 150 7 
12
12
10
20
9
17
14
7
19
11
10
7
16
19
8
8
11
10
17
9

19 45 75 96 120 145 172 192 212 231 254 273 295 316 346 369 385 400 417 435 465 482 496 515 542 568 584 607 622 648 678 704 720 739 762 788 816 841 862 882 902 928 949 963 992 1020 1035 1051 1079 1095 1113 1133 1162 1178 1200 1228 1251 1268 1294 1322 1342 1364 1393 1419 1449 1467 1497 1513 1527 1542 1558 1575 1591 1607 1623 1640 1659 1687 1704 1730 1754 1770 1792 1813 1838 1863 1879 1902 1923 1937 1952 1971 1995 2025 2051 2072 2100 2117 2131 2149 2165 2184 2207 2229 2244 2267 2287 2306 2320 2335 2364 2392 2407 2422 2437 2463 2480 2502 2527 2549 2574 2588 2606 2620 2634 2652 2680 2710 2740 2770 2800 2828 2854 2873 2888 2917 2935 2955 2981 3008 3027 3045 3066 3082 3103 3131 3158 3173 3203 