350 40 6 
9
9
13
8
10
11
6
11
16
8
17
18
16
16
13
9
20
14
11
6
12
11
14
17
17
18
10
17
12
16
9
14
19
17
19
8
15
16
12
11
20
19
14
9
14
19
13
7
11
8
11
12
10
19
20
15
10
18
14
16
8
6
11
20
8
9
17
7
17
13
14
16
8
17
19
12
11
9
13
9
6
15
18
10
15
15
17
20
6
20
11
6
20
19
16
11
18
11
6
7
11
8
11
7
15
6
11
11
15
19
8
9
18
17
6
17
13
13
19
15
10
8
8
19
10
13
15
6
8
15
16
14
6
13
9
11
20
15
18
9
10
10
12
18
11
17
12
18
15
7
14
15
18
10
19
7
18
11
8
13
15
14
6
19
20
13
14
19
14
12
9
11
6
14
20
10
7
7
10
19
15
12
14
15
18
18
12
11
15
18
20
15
15
11
14
18
11
6
18
18
7
11
14
9
9
13
6
17
9
13
16
18
12
8
7
11
14
14
17
12
16
6
13
17
9
8
11
6
9
7
16
20
16
10
13
19
6
6
9
9
18
20
6
17
11
8
12
18
12
14
15
10
7
8
20
7
14
20
18
13
18
7
12
13
18
9
13
8
19
20
9
7
19
18
11
11
11
16
19
14
10
17
17
19
14
19
8
17
18
6
7
15
10
6
18
13
7
8
17
19
10
13
14
15
14
12
15
14
15
10
10
16
14
6
13
8
17
14
8
9
17
20
10
8
8
11
20
8
13
13
12
15
17
18
11
14
13
10
14
10
15
7
13
9
15
11
18
7
14
18

26 38 68 84 97 110 130 142 160 182 207 237 250 280 308 324 343 367 394 421 439 462 482 496 511 538 563 577 595 610 624 654 675 705 732 756 777 797 814 