10 150 7 
19
11
14
11
19
14
7
11
17
17

25 54 74 103 133 156 180 210 225 252 271 289 307 321 343 364 381 410 438 460 474 499 515 545 565 591 617 646 661 688 705 725 750 766 796 813 831 846 864 882 912 940 959 983 1009 1031 1045 1073 1092 1120 1139 1163 1183 1199 1227 1245 1274 1292 1320 1334 1354 1380 1397 1419 1437 1464 1478 1496 1517 1533 1553 1583 1603 1627 1646 1674 1703 1725 1741 1761 1777 1805 1829 1845 1865 1888 1903 1922 1946 1969 1997 2012 2034 2063 2077 2102 2120 2148 2163 2178 2200 2224 2249 2267 2294 2309 2326 2351 2373 2392 2417 2436 2462 2482 2511 2530 2548 2563 2590 2615 2644 2670 2695 2720 2745 2761 2783 2809 2827 2841 2865 2881 2911 2940 2966 2983 3007 3031 3053 3075 3090 3109 3138 3164 3185 3200 3225 3240 3260 