200 50 7 
18
13
19
8
18
16
17
19
14
7
18
17
13
18
15
17
17
14
7
16
15
15
13
18
15
10
14
8
11
19
18
20
20
9
20
10
20
15
19
14
14
16
7
10
15
20
14
7
11
20
19
12
10
14
19
18
17
15
14
20
15
12
19
14
13
18
20
15
16
13
12
12
18
11
20
10
20
8
16
15
8
18
7
13
15
13
7
11
18
12
14
19
12
10
8
13
10
9
13
19
12
18
12
7
17
10
14
18
13
12
19
11
19
10
15
17
8
20
20
15
15
8
8
7
10
8
13
11
14
13
15
15
17
17
17
19
9
20
9
12
8
17
16
12
13
19
19
8
8
8
12
18
19
10
16
8
11
20
20
12
14
14
16
14
16
18
8
9
7
20
13
20
8
12
17
16
12
15
13
20
12
18
12
9
9
14
12
16
16
15
15
8
7
19
10
8
15
14
19
11

27 56 79 97 118 139 164 187 205 227 247 275 290 306 334 362 386 416 430 444 468 483 499 515 535 560 580 602 630 660 674 702 730 753 776 795 824 840 857 887 906 934 954 971 991 1015 1042 1070 1097 