300 150 7 
17
16
17
19
13
19
20
13
16
9
13
13
16
7
16
18
20
20
18
11
13
8
7
10
13
9
7
9
20
15
18
10
20
14
14
9
9
14
17
12
14
11
15
7
13
10
20
8
18
14
7
17
12
15
7
15
7
13
20
20
16
18
19
15
12
13
14
13
14
12
13
11
15
16
15
10
11
18
10
10
18
19
20
13
9
13
9
12
13
19
18
14
8
19
16
16
20
16
7
18
16
13
9
9
13
18
14
17
14
20
12
15
14
9
15
12
12
20
9
18
17
17
19
10
19
20
13
16
10
8
13
11
10
17
17
17
9
11
17
14
11
20
12
16
10
14
16
11
19
14
13
19
19
19
13
13
11
9
13
9
19
20
20
19
7
18
9
10
14
17
17
18
13
14
11
20
17
20
20
9
16
7
13
12
11
7
16
18
11
17
20
14
14
18
19
11
11
14
15
12
20
8
20
8
20
15
11
18
12
17
9
19
7
13
9
16
12
15
15
7
10
10
20
14
7
19
12
11
7
10
10
12
14
15
18
11
17
11
12
15
15
13
13
9
20
17
18
7
10
20
13
19
10
18
14
20
17
10
15
14
8
7
13
19
12
16
20
18
19
8
11
13
13
11
19
9
11
15
17
18
15
12
16
20
18
17
20
13
20
9
15
11
16
13
18
20
19
14
18
18

17 31 48 77 104 132 161 177 200 229 258 279 301 318 334 351 375 396 419 433 460 477 505 519 540 568 595 619 636 656 685 709 736 752 777 794 816 830 858 875 901 916 946 974 992 1022 1050 1070 1090 1113 1136 1151 1175 1198 1226 1240 1257 1276 1290 1314 1341 1366 1388 1418 1439 1467 1481 1510 1534 1550 1578 1604 1628 1653 1676 1701 1723 1737 1766 1795 1810 1829 1849 1863 1888 1902 1930 1956 1971 1986 2014 2032 2059 2082 2103 2124 2149 2163 2193 2211 2233 2259 2287 2310 2338 2366 2380 2410 2434 2455 2477 2495 2519 2547 2570 2589 2610 2630 2659 2674 2689 2709 2739 2756 2772 2802 2827 2856 2883 2903 2926 2955 2983 3010 3037 3057 3079 3107 3130 3151 3177 3201 3230 3254 3269 3292 3322 3343 3365 