100 100 7 
19
9
11
11
9
15
12
14
18
12
13
14
20
15
20
7
11
18
17
7
17
9
19
10
19
8
10
9
12
18
9
13
20
14
9
13
12
16
18
15
11
8
11
7
19
17
20
15
7
7
7
13
11
11
19
17
12
12
7
10
16
16
12
7
10
7
16
15
12
12
15
14
12
19
7
11
14
13
7
19
18
20
11
10
19
17
16
10
18
16
15
7
14
20
17
12
7
17
16
17

26 55 80 105 134 153 183 210 224 252 269 292 322 348 367 390 409 438 458 477 503 529 559 588 605 628 658 682 707 727 745 767 787 815 829 843 860 881 901 926 952 981 1002 1021 1045 1060 1085 1111 1133 1159 1179 1208 1234 1255 1271 1285 1302 1316 1338 1359 1373 1388 1410 1435 1456 1483 1503 1520 1542 1563 1586 1610 1624 1643 1671 1696 1721 1749 1763 1778 1792 1808 1837 1861 1889 1914 1929 1944 1969 1997 2027 2051 2075 2100 2126 2141 2168 2193 2209 