350 150 7 
13
13
7
14
7
13
7
19
11
14
12
10
12
19
19
19
19
14
8
16
7
10
12
12
12
19
12
17
14
15
13
15
20
7
14
7
17
14
15
13
9
20
19
15
11
14
15
15
16
13
20
15
16
20
10
14
12
9
10
9
10
7
17
15
8
16
18
13
7
19
13
15
8
18
7
16
17
17
20
15
20
16
7
18
16
14
9
16
12
11
13
20
13
16
7
12
10
8
7
16
10
8
19
17
20
10
10
11
18
14
8
14
9
8
17
16
17
18
17
7
20
15
19
9
20
14
13
20
9
10
18
15
13
19
12
8
8
12
8
10
10
11
14
18
17
9
7
10
9
7
16
16
18
9
12
19
17
13
12
7
13
8
17
20
17
13
18
18
12
12
12
18
14
9
20
15
11
18
13
7
20
18
19
8
16
19
16
7
16
14
8
20
16
16
10
17
10
10
19
9
14
18
16
15
7
17
10
20
13
11
9
19
8
9
15
10
11
8
20
12
8
7
17
11
13
7
18
16
9
12
7
10
14
20
16
14
10
19
11
10
11
18
8
9
18
17
8
20
9
8
7
15
14
7
14
15
7
18
13
7
13
18
11
11
15
7
16
8
17
18
15
19
9
13
7
13
19
12
14
17
16
8
19
19
10
9
8
16
17
8
7
19
18
10
20
12
13
17
19
14
11
18
19
13
18
14
10
13
8
20
9
11
19
15
10
8
7
17
7
20
12
12
17
11
11
14
8
9
12
16
16
13
13
7
15
9
10
17
11
12
9
17
12
13
7
11
15
9
12
13

28 56 70 88 106 132 156 184 202 223 247 263 278 294 318 334 363 392 418 433 452 467 491 519 537 554 576 591 611 634 655 679 699 720 741 757 785 808 829 846 866 886 900 914 942 961 989 1011 1030 1059 1081 1095 1119 1143 1164 1181 1208 1230 1253 1282 1309 1331 1358 1386 1413 1431 1448 1474 1492 1516 1540 1565 1588 1614 1642 1667 1689 1703 1733 1751 1769 1786 1804 1820 1845 1859 1879 1900 1920 1942 1959 1988 2006 2033 2059 2074 2090 2115 2139 2157 2174 2200 2219 2237 2261 2288 2310 2340 2369 2396 2416 2438 2460 2490 2506 2522 2536 2556 2575 2591 2618 2634 2664 2684 2700 2721 2747 2773 2800 2819 2838 2856 2883 2907 2936 2961 2991 3014 3036 3063 3083 3098 3112 3126 3142 3159 3186 3202 3229 