350 50 7 
18
15
15
20
7
19
19
19
20
12
18
13
9
14
13
8
20
18
8
7
11
12
9
9
13
10
17
15
18
10
14
7
17
20
10
16
13
11
8
9
16
11
20
13
15
19
19
16
18
11
7
11
19
17
8
11
11
16
20
17
18
19
11
13
19
7
14
7
15
18
17
15
8
17
13
9
16
10
20
13
8
16
12
9
7
7
9
15
20
9
20
14
16
17
7
14
11
16
19
8
16
8
18
7
19
9
12
8
11
11
20
19
11
13
17
14
20
20
8
7
13
12
17
15
10
20
20
19
18
16
9
19
15
12
7
17
8
9
13
10
10
18
18
16
16
17
20
14
8
16
17
13
19
14
9
16
9
7
11
9
12
13
20
20
14
13
12
12
8
14
16
11
20
11
18
10
14
7
15
11
10
16
8
10
7
8
10
17
12
15
17
7
18
15
16
14
12
16
15
13
19
7
19
10
16
14
11
15
12
19
8
8
20
17
9
11
10
12
10
13
19
20
16
13
15
16
19
9
15
14
18
7
12
18
16
11
7
9
19
13
12
12
15
13
10
14
8
18
15
20
12
10
15
18
17
15
10
17
7
19
8
13
9
8
14
8
12
10
15
17
11
20
16
13
7
18
13
12
11
9
17
13
18
15
18
18
12
10
20
8
11
18
15
9
18
18
20
15
15
16
12
15
15
11
19
18
20
18
19
15
20
18
13
14
11
14
7
17
11
8
16
7
15
11
9
17
16
19
13
10
17
11
16
9
9
11
19
10
12
11
17
11
8
8
18
11
16
17
10
10

19 47 67 89 104 132 161 178 197 221 249 276 305 334 351 373 389 414 429 443 471 491 519 543 562 587 602 623 647 677 701 727 756 783 797 822 842 872 901 926 940 964 981 998 1028 1047 1064 1094 1109 