400 10 5 
8
20
8
19
10
10
11
6
14
15
16
12
12
20
18
5
6
8
19
9
5
12
19
9
19
20
18
8
11
16
18
10
14
12
16
11
8
5
20
19
18
13
6
9
9
17
20
6
14
9
18
12
15
15
17
7
7
20
19
18
18
15
14
12
19
7
15
12
9
20
17
19
15
17
13
18
19
20
20
12
10
16
12
13
18
11
7
10
7
12
10
11
10
8
12
7
15
13
14
15
6
14
10
13
13
16
14
14
20
20
11
14
17
7
9
19
20
6
14
13
13
6
15
12
13
18
5
18
11
6
20
10
8
12
8
10
20
5
17
5
19
11
16
20
10
20
18
6
15
9
13
5
16
8
9
11
18
7
17
5
13
10
10
7
5
6
19
16
13
7
13
16
7
15
12
7
15
16
15
15
9
12
13
12
8
11
17
19
16
13
7
9
14
16
7
14
7
20
18
9
14
13
10
6
10
9
7
14
7
19
7
5
12
7
6
9
13
6
14
9
17
13
16
5
7
17
20
5
5
13
14
13
17
16
17
15
19
17
8
17
10
20
19
16
14
17
15
5
7
19
9
7
12
14
20
17
14
5
8
6
6
11
14
18
12
8
10
19
10
14
8
8
16
13
10
9
9
20
16
7
14
8
9
20
9
10
10
6
13
20
13
8
20
20
11
18
9
13
12
11
7
10
14
12
17
20
5
6
20
6
18
7
10
14
7
9
16
7
10
11
10
6
8
20
6
17
12
5
14
6
16
14
18
11
19
20
5
18
11
18
7
16
13
13
19
13
11
13
9
14
13
8
15
18
19
17
20
10
10
17
5
13
13
5
19
10
14
9
5
15
5
18
10
9
8
18
17
13
12
8
13
7
11
6
19
17
6
7
6
7
13
16
5
8
12
6
18
15
8
17

21 31 46 67 89 114 130 142 155 