300 10 5 
10
9
8
7
8
7
20
18
9
14
16
5
7
15
14
12
16
17
20
5
6
11
16
6
7
20
10
18
16
9
16
8
14
15
13
12
5
10
11
10
5
13
12
9
9
19
19
12
18
13
8
15
20
13
12
16
14
18
9
11
16
5
14
11
8
19
10
14
14
12
6
8
17
12
8
10
17
8
5
20
14
11
7
9
16
17
15
19
9
20
13
7
9
5
14
10
16
13
5
19
9
20
13
19
5
19
13
18
5
5
13
12
12
19
8
12
20
16
19
8
16
17
13
13
18
18
7
12
15
5
6
5
15
12
7
19
9
9
18
9
14
20
18
11
5
12
20
15
7
18
14
5
11
19
18
6
5
20
18
9
11
18
6
12
9
10
13
16
5
7
16
5
5
11
13
9
15
16
18
11
17
14
8
5
18
16
19
9
9
18
7
10
13
14
13
14
13
7
6
19
17
5
15
16
16
19
5
14
19
5
11
7
10
14
10
13
14
17
9
14
6
6
13
6
14
15
18
5
5
11
11
19
5
11
6
18
9
20
19
19
10
20
7
11
10
8
12
7
5
13
11
13
20
6
13
5
20
14
14
9
7
14
19
9
10
17
13
17
6
5
15
15
10
5
13
15
9
5
5
10
16
14
18
15
11
11
14
16
9
19
8
16
13
7
7
11
6
14
14
7

20 50 67 88 112 135 152 179 208 