10 150 6 
9
8
18
15
10
16
18
11
18
13

23 50 77 99 129 146 170 197 224 244 267 281 303 320 334 356 384 403 418 431 445 465 487 507 528 543 564 585 606 625 642 659 672 686 713 739 756 771 793 819 836 848 869 886 911 927 957 979 1006 1020 1039 1054 1077 1104 1117 1129 1142 1169 1189 1215 1230 1252 1276 1301 1314 1341 1365 1389 1407 1432 1455 1476 1503 1526 1542 1565 1582 1595 1624 1640 1662 1678 1696 1720 1736 1762 1784 1801 1820 1846 1862 1881 1893 1913 1940 1968 1980 1992 2022 2037 2053 2065 2095 2112 2142 2170 2200 2221 2245 2259 2283 2295 2314 2343 2369 2381 2411 2433 2451 2467 2484 2510 2523 2550 2572 2588 2610 2633 2648 2675 2687 2711 2732 2746 2761 2781 2808 2837 2862 2880 2894 2919 2942 2967 2982 2995 3024 3050 3066 