350 150 7 
13
12
18
7
15
13
13
9
13
16
13
19
13
12
17
19
16
14
20
11
11
10
13
13
14
19
9
14
7
19
7
17
16
12
18
9
20
17
18
16
16
7
18
8
8
16
10
14
16
7
7
14
15
16
17
7
8
7
18
14
15
17
17
7
15
11
13
8
20
13
11
17
14
12
20
17
7
18
18
16
7
18
14
12
15
19
7
20
15
7
13
7
9
18
15
7
8
15
13
15
16
15
12
18
18
19
15
19
11
18
8
19
11
11
7
14
12
16
9
8
9
20
13
9
7
8
15
8
20
17
13
10
9
17
7
9
8
11
15
13
12
15
18
16
18
15
12
19
11
7
14
10
8
10
8
18
9
16
15
13
10
9
17
8
17
19
15
8
18
20
15
18
15
7
9
12
13
20
8
18
12
12
18
20
18
14
8
7
7
16
8
9
16
20
11
14
16
17
7
16
19
11
10
9
9
7
15
18
15
16
18
13
16
17
11
13
19
18
7
8
7
15
11
18
15
15
12
17
19
17
9
18
18
14
10
17
13
18
16
17
17
13
8
7
12
7
8
17
14
13
20
10
7
9
10
7
14
8
18
14
11
9
11
15
19
15
9
7
17
14
7
15
11
15
20
18
10
10
20
14
12
10
20
20
15
20
19
17
17
7
17
20
15
8
9
11
15
10
13
7
15
15
18
11
9
14
17
7
9
11
19
15
17
7
15
19
13
8
16
15
7
7
20
12
15
8
12
13
19
13
15
12
17
15
20
17
12
20
15
16
19
15
13
14
13
17
11
18
15
17

17 45 69 95 116 130 147 164 194 216 243 268 298 315 340 358 384 411 439 456 473 495 517 542 566 583 597 620 640 655 669 683 705 731 748 767 784 804 828 847 877 893 913 929 943 967 982 996 1012 1037 1051 1070 1084 1108 1127 1146 1168 1195 1213 1235 1257 1287 1304 1334 1364 1392 1415 1433 1449 1476 1506 1520 1549 1565 1595 1622 1639 1669 1690 1707 1732 1753 1770 1792 1811 1831 1853 1883 1899 1921 1935 1964 1990 2020 2034 2052 2071 2096 2122 2139 2162 2182 2198 2213 2238 2263 2279 2302 2322 2349 2371 2400 2419 2433 2454 2475 2489 2516 2533 2550 2573 2592 2609 2629 2657 2673 2700 2717 2745 2768 2787 2813 2827 2854 2870 2887 2914 2935 2959 2988 3003 3020 3046 3066 3084 3113 3133 3158 3173 