200 150 7 
11
20
19
20
13
15
18
16
11
10
18
15
19
17
14
18
17
18
8
13
19
16
14
9
10
17
10
9
15
18
15
11
20
17
7
16
16
17
10
13
19
19
19
11
14
8
18
7
20
19
12
14
20
17
19
17
17
11
16
9
17
8
13
19
19
8
8
15
15
19
10
10
11
11
18
13
15
8
14
9
19
20
11
20
10
13
13
8
20
19
11
14
12
17
7
13
10
14
15
7
14
7
19
7
11
15
10
12
10
12
7
13
8
7
8
11
13
10
19
13
7
13
10
8
16
9
8
10
11
9
11
18
16
15
18
7
7
12
20
11
20
7
18
9
7
8
18
20
20
16
19
16
12
20
16
11
7
7
11
20
15
7
7
14
9
9
20
11
9
18
20
10
9
13
15
18
13
15
18
19
17
14
18
20
17
20
20
13
8
17
13
10
12
18
20
18
18
20
14
18

14 28 52 70 86 109 123 143 163 179 204 226 247 264 278 305 323 346 364 387 416 440 466 485 510 527 553 570 599 627 653 678 699 718 740 758 781 808 823 848 862 878 904 923 944 962 988 1009 1038 1067 1089 1112 1134 1163 1183 1209 1232 1249 1275 1301 1322 1345 1364 1386 1411 1438 1461 1491 1508 1530 1545 1571 1599 1624 1638 1666 1681 1710 1731 1755 1780 1808 1824 1847 1865 1885 1899 1920 1937 1958 1981 2011 2025 2054 2084 2108 2127 2151 2176 2194 2221 2249 2272 2301 2331 2358 2387 2412 2440 2462 2478 2498 2527 2550 2578 2603 2621 2644 2671 2685 2707 2723 2737 2767 2787 2802 2829 2858 2874 2891 2914 2936 2950 2980 2996 3016 3045 3070 3093 3123 3143 3157 3184 3207 3232 3248 3274 3290 3315 