100 100 6 
16
11
15
19
16
9
12
6
9
17
19
10
9
10
14
12
20
12
17
20
14
16
11
8
11
9
18
19
15
13
18
8
11
14
16
14
10
14
9
20
8
13
17
10
8
8
12
19
15
15
13
13
20
19
11
18
13
8
6
6
15
7
15
6
7
16
19
17
20
7
14
10
18
18
7
18
13
19
16
16
18
19
15
13
20
6
16
12
13
15
18
14
10
6
16
11
13
10
11
7

19 39 54 79 107 127 156 182 205 223 250 275 298 317 336 351 364 379 397 426 439 469 495 511 527 547 576 594 619 648 677 705 734 746 766 791 807 834 860 888 903 919 938 951 972 994 1009 1025 1051 1079 1099 1124 1148 1160 1188 1209 1228 1250 1279 1307 1322 1350 1364 1379 1404 1425 1444 1473 1497 1509 1521 1539 1567 1586 1616 1646 1672 1700 1718 1730 1749 1779 1795 1821 1840 1857 1879 1905 1923 1946 1964 1978 1993 2007 2020 2037 2067 2088 2109 