300 10 5 
15
8
13
16
15
15
6
9
14
19
19
8
10
17
12
8
6
9
13
8
20
7
7
16
9
16
7
10
12
11
11
14
15
19
18
13
17
10
20
19
18
16
18
7
9
20
15
5
19
11
15
14
13
15
15
14
19
9
5
14
10
17
9
10
11
5
20
6
17
9
7
13
6
14
16
11
8
6
9
11
18
7
17
19
8
14
16
15
18
5
5
11
13
8
17
5
14
5
9
18
9
19
8
16
17
20
20
11
17
13
18
20
10
5
12
15
14
12
18
12
12
15
15
9
13
9
13
6
15
12
11
8
15
16
14
18
12
11
6
17
10
18
19
7
5
14
7
10
6
19
14
14
11
13
11
16
17
12
20
20
5
17
18
18
12
9
17
12
16
10
15
20
12
12
19
12
9
10
11
13
10
8
11
11
20
8
18
9
19
8
15
9
9
13
20
7
8
6
10
7
18
10
6
12
15
20
10
10
15
16
14
14
16
6
17
13
18
7
11
10
9
5
5
12
19
8
11
15
11
14
16
10
13
18
19
17
11
17
17
11
15
9
10
7
18
19
9
10
12
18
14
12
12
12
14
5
11
9
14
18
13
10
11
12
8
11
14
11
7
12
14
6
17
12
7
14
6
7
9
12
9
19
20
8
20
5
19
12
9
9
6
8
5
17
20
7
10
13
16
18

28 46 66 81 95 105 124 149 164 