20 100 7 
11
10
20
14
16
8
13
10
19
16
12
20
18
19
9
9
13
12
11
8

28 48 65 93 116 137 159 183 200 225 240 262 277 304 321 349 370 398 423 452 468 483 507 529 549 572 592 616 631 651 666 691 708 737 767 797 812 842 867 884 913 941 963 987 1015 1045 1060 1087 1112 1138 1156 1184 1210 1236 1253 1279 1301 1330 1356 1376 1391 1414 1433 1454 1473 1493 1519 1543 1558 1574 1588 1607 1630 1652 1679 1698 1718 1741 1760 1781 1803 1823 1845 1873 1888 1913 1928 1946 1970 1986 2015 2043 2060 2086 2100 2129 2147 2167 2191 