400 150 7 
17
10
14
12
20
7
10
8
19
8
12
19
8
7
10
17
20
9
9
10
14
10
20
14
13
18
10
13
17
10
17
12
10
9
19
11
17
10
18
19
13
13
12
8
15
16
11
20
7
14
19
14
13
7
15
13
8
13
18
8
8
7
20
20
17
18
8
13
19
19
13
7
12
13
7
11
9
19
8
15
11
7
16
8
11
11
19
18
7
12
10
8
19
11
8
20
20
7
15
14
9
8
13
12
8
11
17
11
9
15
19
14
7
19
12
20
7
18
20
17
7
17
20
19
18
8
12
7
18
9
10
13
8
10
20
11
8
12
10
12
16
20
7
14
14
10
11
17
16
19
20
8
15
19
14
19
8
15
8
7
18
17
13
18
8
7
18
15
8
11
20
8
18
16
16
15
20
14
14
17
9
11
7
19
14
11
7
19
17
19
17
12
17
15
15
13
10
19
11
8
8
14
10
7
19
12
16
17
10
13
9
14
9
8
20
11
8
17
8
18
12
11
7
13
20
7
7
19
14
11
12
20
19
9
10
11
18
13
17
11
10
16
19
11
13
17
9
11
8
13
11
14
19
9
16
14
18
8
11
18
10
7
15
10
10
13
7
13
16
17
13
13
19
13
7
7
15
10
15
15
18
20
11
9
13
7
18
11
14
18
10
8
13
11
20
10
12
9
20
12
17
17
18
8
11
20
13
19
18
20
12
19
17
7
10
20
17
16
11
7
17
17
12
12
8
17
8
20
18
9
17
14
11
14
14
14
15
14
19
9
16
20
11
19
7
19
18
15
20
13
18
17
15
13
9
14
17
18
17
11
14
14
8
11
19
16
16
15
18
12
13
19
11
10
14
10
13
19
15
8
11
11
7
11
19
19
7
8
13
17
15
12
16
15
17
7
9
19
18
12

23 45 72 102 126 144 165 192 215 239 265 279 304 331 355 370 386 411 430 448 468 490 504 520 547 572 601 626 655 674 689 707 727 747 762 789 814 841 862 880 908 928 949 964 984 1001 1024 1050 1080 1097 1120 1142 1162 1188 1206 1224 1246 1264 1280 1308 1325 1347 1370 1400 1429 1447 1468 1497 1516 1538 1555 1569 1589 1613 1636 1665 1684 1709 1731 1759 1775 1801 1822 1836 1855 1874 1903 1929 1955 1974 2003 2031 2055 2081 2109 2138 2153 2183 2210 2237 2252 2276 2297 2326 2348 2364 2392 2412 2429 2446 2474 2496 2513 2531 2545 2573 2592 2619 2639 2664 2684 2705 2725 2741 2760 2776 2793 2817 2844 2867 2893 2911 2939 2956 2981 3009 3030 3050 3072 3102 3132 3157 3183 3212 3232 3249 3265 3282 3302 