200 20 5 
7
9
16
8
12
7
11
16
13
20
10
10
16
12
18
17
16
11
18
8
5
13
6
14
20
20
8
15
19
11
9
14
16
9
17
18
19
7
20
14
16
5
6
6
17
10
15
15
20
11
18
6
17
14
11
20
15
15
7
16
7
19
9
5
8
11
10
5
13
11
16
14
12
12
19
13
17
14
12
17
10
18
14
17
20
7
9
16
6
19
12
15
12
5
12
20
7
9
19
10
19
11
10
9
9
15
9
7
6
16
14
15
12
8
13
17
7
16
8
11
19
8
15
6
12
9
9
19
5
9
19
8
13
15
8
6
15
7
18
13
10
8
16
18
17
20
8
15
19
16
15
11
12
5
7
13
13
7
8
11
11
20
19
7
20
14
18
13
7
12
20
6
19
14
7
17
16
16
7
18
14
17
7
11
11
20
13
10
9
6
18
19
15
17
10
16
14
17
17
6

13 43 70 94 123 137 156 181 201 229 256 270 285 306 333 350 366 390 412 