30 150 5 
16
7
18
15
11
11
13
17
8
9
8
11
15
7
9
5
8
9
5
20
19
5
14
16
6
19
11
8
8
20

18 43 69 99 120 138 157 174 203 221 237 250 280 290 304 331 355 373 399 428 449 467 489 517 543 573 591 620 646 669 698 711 739 750 760 783 799 826 837 860 870 887 907 929 948 962 981 1011 1027 1048 1071 1097 1119 1149 1167 1185 1197 1226 1256 1282 1296 1310 1340 1355 1383 1397 1416 1430 1453 1482 1508 1529 1556 1579 1592 1619 1647 1669 1685 1711 1725 1736 1759 1773 1790 1818 1833 1847 1859 1869 1880 1891 1921 1944 1966 1984 1998 2023 2052 2062 2083 2096 2109 2139 2164 2189 2202 2222 2252 2270 2292 2311 2339 2355 2379 2405 2415 2433 2459 2482 2500 2512 2535 2547 2564 2576 2596 2610 2639 2661 2691 2705 2727 2755 2771 2784 2797 2810 2835 2865 2888 2916 2939 2951 2968 2983 3012 3022 3051 