400 10 5 
16
17
13
15
7
8
12
10
5
20
19
15
19
13
15
10
20
11
17
9
5
20
15
9
9
5
12
17
19
14
10
13
18
19
12
14
20
17
16
16
20
14
13
12
6
19
10
15
6
14
15
11
11
19
16
12
17
20
7
14
7
17
17
13
6
17
12
12
20
17
14
10
8
12
10
18
14
12
15
19
13
15
18
15
8
14
13
7
18
11
8
7
5
9
7
14
20
16
20
17
15
16
14
17
7
6
17
10
19
13
8
12
19
7
17
15
19
13
16
19
18
19
7
6
19
14
5
10
19
10
12
6
13
8
7
11
10
5
11
10
13
17
13
20
14
14
20
18
5
7
17
6
10
19
13
18
10
10
17
8
13
7
12
17
5
15
16
18
9
17
14
11
20
14
20
18
7
11
20
16
6
20
6
10
18
20
17
19
18
18
6
15
8
14
13
11
17
13
20
12
12
17
20
6
15
12
7
14
6
6
8
17
14
13
9
5
18
13
11
17
19
17
9
9
13
8
6
13
7
11
8
19
11
14
5
17
7
20
13
15
19
8
8
13
20
10
18
17
17
7
19
20
20
13
20
13
19
12
15
13
16
16
6
13
13
15
7
5
20
14
15
15
6
9
12
12
18
18
7
5
8
10
18
20
15
14
14
19
20
19
17
5
20
5
6
20
11
13
20
11
14
17
20
5
6
16
13
6
14
14
18
9
15
13
15
9
10
13
16
19
6
5
19
12
10
18
14
15
13
15
20
10
12
6
20
10
13
6
18
19
17
6
10
20
14
8
19
11
14
18
17
5
18
9
13
9
12
14
8
6
11
14
13
9
8
5
7
20
17
18
20
11
19
17
8
16
13
5
20
18
19
20
9
18
16
8
8
6
16
18
11
17
13
18
9
18
8
20
6
12

20 32 44 71 95 107 132 156 170 