400 150 7 
12
14
11
8
10
9
10
11
10
17
19
8
15
18
11
15
8
8
14
10
17
13
20
15
18
10
14
19
17
20
19
17
18
9
10
8
7
19
20
10
16
11
9
19
11
16
12
19
8
14
17
16
8
19
12
10
18
14
7
18
10
18
10
7
9
8
10
15
14
10
10
8
20
16
12
16
20
9
9
17
12
18
7
20
11
18
12
16
17
10
18
10
16
18
10
7
13
14
8
18
7
10
10
19
14
9
7
19
8
20
20
9
8
10
11
7
19
10
13
14
11
18
12
17
13
10
9
13
17
9
10
12
14
17
19
18
19
16
20
8
14
17
8
16
17
16
18
12
18
11
14
7
16
18
18
9
10
12
10
20
19
7
11
7
11
8
15
12
18
11
15
20
10
7
10
18
16
12
9
14
15
18
18
7
8
10
18
7
19
14
20
11
8
8
16
9
14
11
7
8
7
19
7
8
14
16
14
18
9
16
14
15
20
12
16
7
12
7
17
18
10
9
12
17
18
17
12
11
20
13
12
14
19
12
19
18
8
12
15
17
9
20
16
11
20
11
14
20
16
20
10
13
15
8
19
16
10
7
20
12
9
20
9
11
12
14
15
19
8
12
13
7
18
18
19
7
7
7
13
12
18
18
18
17
18
11
9
8
18
18
17
12
20
12
11
18
8
18
14
12
19
12
10
7
16
13
20
8
12
9
17
14
20
7
12
16
12
12
13
15
10
12
14
10
14
20
15
15
15
9
12
15
7
14
10
10
17
10
15
20
10
9
10
20
8
11
19
16
19
11
15
9
14
7
7
13
9
10
18
18
19
9
7
19
19
19
15
8
11
12
15
10
7
7
13
16
18
15
18
8
20
13
19
16
20
20
17
19
17
17
14
10
14
16
8
14
17
13
20
12

18 37 61 87 102 130 149 173 201 226 252 275 297 327 350 374 396 421 450 467 495 522 539 560 575 602 629 658 688 710 725 741 761 782 812 828 849 875 892 915 945 966 991 1009 1034 1055 1077 1104 1124 1138 1167 1182 1203 1230 1250 1271 1295 1313 1333 1357 1373 1401 1428 1444 1466 1480 1501 1524 1548 1567 1591 1607 1621 1644 1662 1684 1710 1729 1755 1782 1799 1815 1838 1856 1876 1904 1928 1947 1973 2000 2027 2049 2071 2099 2122 2143 2169 2186 2203 2229 2257 2272 2290 2318 2338 2355 2376 2401 2430 2457 2483 2506 2531 2559 2587 2605 2635 2661 2686 2705 2733 2749 2764 2794 2811 2836 2851 2876 2898 2923 2940 2962 2980 2995 3015 3036 3057 3075 3101 3116 3145 3159 3173 3196 3226 3252 3269 3296 3313 