10 150 5 
19
17
5
19
7
15
10
13
9
8

28 56 68 91 119 140 158 188 209 237 261 272 283 296 309 339 357 386 399 418 444 463 478 498 522 532 550 569 599 610 633 658 670 693 721 737 754 768 798 817 827 843 871 892 906 933 957 970 1000 1021 1034 1049 1069 1096 1124 1154 1164 1190 1215 1245 1261 1285 1305 1333 1354 1366 1381 1401 1428 1452 1471 1497 1514 1526 1548 1572 1602 1615 1633 1645 1668 1682 1709 1732 1753 1781 1806 1831 1844 1864 1875 1894 1910 1928 1943 1957 1975 1994 2024 2046 2066 2096 2126 2156 2186 2210 2239 2269 2285 2310 2339 2355 2379 2394 2405 2420 2431 2448 2473 2487 2516 2528 2541 2567 2578 2602 2614 2633 2656 2678 2698 2711 2735 2765 2792 2816 2828 2848 2866 2890 2909 2936 2964 2989 3012 3027 3053 3068 3090 