200 40 5 
11
5
10
15
6
15
10
19
8
11
9
14
19
8
10
19
11
8
7
5
12
20
5
5
16
17
7
10
16
17
18
5
10
12
17
5
5
17
9
8
17
8
16
20
18
10
10
5
15
18
20
7
5
6
5
7
18
17
17
5
15
19
16
12
13
12
15
5
19
20
5
9
6
14
8
6
11
14
16
20
9
9
13
8
19
12
5
9
20
16
17
17
11
12
8
6
10
12
12
9
9
16
20
14
16
8
9
14
5
14
5
9
18
20
8
16
11
16
13
19
15
6
13
6
13
5
19
9
9
20
16
7
15
14
15
15
6
11
11
18
9
18
15
12
18
11
15
7
8
10
6
12
11
9
15
11
13
5
8
13
19
12
19
8
12
5
14
19
17
17
6
11
14
16
8
5
16
7
9
20
16
17
6
14
15
19
14
10
18
20
14
12
16
13
13
20
9
13
10
20

24 46 56 69 79 101 124 146 176 205 231 252 263 285 296 318 336 354 372 383 411 437 460 477 492 507 520 540 566 577 598 623 647 662 679 706 733 748 764 