100 150 6 
8
10
11
12
14
15
7
9
13
9
20
11
6
18
9
8
19
14
8
9
8
9
15
17
8
12
6
7
11
16
16
13
10
18
19
14
13
19
14
6
11
14
13
19
8
14
19
18
15
15
20
9
17
9
10
17
11
14
10
18
11
19
13
16
17
14
18
11
12
10
9
7
12
10
10
19
12
8
16
18
13
16
14
14
14
13
18
16
14
18
16
15
10
8
15
17
20
18
7
13

12 25 50 77 91 105 122 151 166 186 211 233 260 289 313 341 361 384 410 431 454 476 496 526 548 566 579 602 616 640 655 677 695 716 728 748 778 805 826 848 867 885 903 918 933 957 970 1000 1016 1029 1053 1083 1103 1118 1145 1173 1189 1219 1236 1265 1284 1313 1334 1359 1387 1406 1435 1456 1483 1511 1534 1557 1584 1604 1631 1660 1679 1706 1719 1740 1755 1772 1794 1809 1825 1849 1866 1892 1908 1935 1948 1967 1982 1997 2017 2047 2059 2080 2099 2119 2135 2162 2182 2208 2232 2257 2279 2297 2324 2339 2367 2388 2413 2441 2460 2476 2493 2512 2540 2563 2578 2608 2628 2652 2676 2706 2723 2741 2771 2796 2822 2834 2862 2888 2916 2934 2963 2975 2997 3021 3033 3052 3069 3081 3094 3119 3135 3160 3172 