400 100 5 
11
18
9
14
17
5
12
15
19
14
20
17
15
5
8
16
17
16
17
17
11
12
14
6
7
10
10
17
12
8
11
11
16
18
12
7
13
9
14
19
7
19
10
15
12
18
11
18
13
9
10
9
13
13
9
16
7
9
19
6
5
20
20
12
14
6
5
15
15
9
11
6
14
13
17
14
10
15
19
20
7
10
13
18
9
14
18
14
15
16
17
15
18
18
5
18
14
5
12
12
16
13
11
16
16
20
16
20
17
17
8
15
7
10
18
5
8
7
19
6
6
9
11
20
12
11
8
20
7
8
10
7
7
13
6
9
6
16
15
9
8
18
18
11
20
17
17
10
18
17
19
18
5
11
9
13
11
6
20
11
18
6
5
8
13
18
5
9
8
10
6
7
8
9
9
15
6
7
18
9
14
18
10
8
19
15
19
17
6
11
17
15
6
7
6
6
10
19
14
7
13
9
13
20
8
14
6
5
7
5
13
9
5
5
15
17
9
11
17
9
5
19
6
8
12
19
5
11
5
8
10
13
13
6
12
9
17
10
15
19
12
18
11
20
14
15
12
20
14
10
11
13
18
5
13
14
12
19
11
13
6
10
18
17
18
8
11
14
11
20
14
18
16
6
18
16
18
10
8
11
12
17
9
5
18
9
13
8
13
14
14
5
6
16
12
12
17
7
19
11
13
20
9
10
9
10
12
6
9
13
11
12
8
10
20
9
16
7
14
16
8
12
8
11
13
18
18
5
5
11
10
8
16
19
10
18
15
5
15
14
10
17
14
16
12
12
18
17
18
8
9
12
20
6
15
7
19
9
11
6
20
13
9
12
11
8
8
20
11
15
5
16
13
12
7
15
16
15
12
20
16
19
20
5
10
19
13
17
14
12
14
5
6
20
9
17
7
11
10
6

24 43 56 68 97 119 129 145 157 169 185 206 234 254 270 281 311 321 333 360 390 414 435 457 467 480 491 520 538 554 570 598 608 635 659 689 713 723 739 767 778 799 809 830 846 857 867 877 905 921 947 963 991 1004 1018 1028 1051 1068 1096 1113 1123 1149 1161 1184 1196 1221 1235 1265 1277 1291 1305 1315 1342 1372 1394 1410 1436 1456 1475 1497 1523 1542 1557 1576 1595 1624 1636 1666 1691 1719 1731 1753 1765 1782 1793 1803 1818 1834 1854 