20 100 6 
6
11
18
12
13
6
18
17
20
12
19
12
10
19
9
18
8
7
13
18

22 51 72 98 127 147 167 188 213 228 247 271 294 321 341 353 366 381 404 426 439 460 476 501 517 529 555 580 595 624 643 662 677 695 711 737 756 771 796 824 844 870 889 901 930 954 976 988 1003 1015 1031 1045 1073 1100 1121 1146 1163 1181 1203 1222 1235 1258 1288 1307 1323 1347 1366 1393 1409 1427 1440 1459 1472 1487 1513 1543 1565 1580 1595 1623 1641 1655 1667 1692 1704 1725 1740 1766 1779 1802 1822 1848 1871 1896 1921 1941 1966 1988 2001 