100 150 5 
11
18
7
10
12
7
20
19
17
19
11
9
10
10
20
9
12
9
20
14
10
12
9
19
18
17
9
5
11
13
6
11
14
14
5
10
18
17
14
20
12
5
6
18
7
16
12
18
17
16
17
18
6
20
11
13
16
12
12
5
15
14
14
19
6
11
18
11
6
17
10
19
15
18
19
5
20
5
6
18
14
12
17
10
20
5
18
10
10
5
20
5
7
18
13
6
11
15
7
20

30 55 77 88 115 132 150 164 186 196 222 249 272 290 314 341 363 376 400 410 424 440 462 481 491 509 530 541 556 586 609 620 632 656 679 695 720 731 756 780 808 818 842 853 881 901 924 939 954 968 993 1004 1017 1044 1056 1077 1098 1124 1134 1158 1181 1195 1217 1227 1256 1272 1296 1322 1342 1354 1380 1390 1418 1443 1462 1481 1499 1526 1543 1567 1597 1622 1632 1657 1685 1714 1743 1770 1793 1812 1834 1860 1887 1905 1915 1942 1961 1976 1992 2011 2027 2052 2065 2091 2111 2124 2141 2168 2184 2203 2221 2249 2274 2289 2299 2318 2346 2370 2387 2402 2417 2431 2441 2456 2477 2488 2502 2516 2530 2555 2570 2600 2615 2635 2651 2670 2697 2710 2725 2748 2758 2778 2805 2830 2852 2873 2895 2914 2925 