350 50 6 
17
16
11
20
11
19
9
15
19
16
9
7
16
13
6
9
10
19
6
13
18
17
9
18
15
20
20
8
11
13
9
6
16
11
11
15
15
6
7
20
19
9
18
8
12
8
12
18
7
6
17
6
6
16
9
14
7
8
11
9
18
12
17
12
11
6
13
10
7
14
16
16
14
15
16
11
6
20
20
14
8
18
16
6
6
8
14
18
19
19
20
12
16
14
16
17
15
15
14
19
14
16
11
13
17
7
18
20
13
8
20
13
18
11
6
18
13
13
20
11
10
20
18
20
7
16
9
10
7
6
8
20
20
9
18
17
9
7
6
15
9
13
20
9
15
19
12
8
16
15
19
11
19
18
6
16
14
20
18
8
19
16
6
17
10
13
17
20
12
9
14
12
18
20
12
6
14
13
6
11
17
19
14
11
15
10
7
8
14
14
9
15
9
11
15
15
6
19
19
17
8
8
10
10
12
15
10
12
9
12
19
10
6
13
19
11
8
16
7
13
18
15
17
14
17
18
14
14
18
14
18
11
16
13
19
15
16
6
11
11
10
18
13
20
14
7
20
16
15
13
19
20
16
14
13
19
13
15
18
16
13
13
15
18
19
19
13
7
14
19
13
15
13
13
18
9
17
20
7
14
14
14
13
6
20
11
9
10
9
16
19
10
17
13
9
6
15
7
18
12
17
9
18
19
16
15
19
18
9
19
8
8
12
18
7
10
6
12
20
7
13
13
7
10
20
7
16
12
7
16
11
19
18
9
17
19
18
12
6
16
8
20
6
14
13
10
15
11
18
20

13 26 38 54 70 98 113 136 149 176 201 224 241 271 287 303 326 342 359 376 398 412 427 456 485 512 531 561 579 597 610 628 645 675 694 709 728 756 784 809 821 837 850 869 881 908 935 955 979 