350 100 7 
14
10
13
15
14
13
9
14
9
16
20
17
11
8
8
8
13
16
8
17
11
18
10
11
17
11
7
18
14
14
15
14
8
15
17
18
18
10
10
19
8
13
17
14
11
12
15
20
16
15
11
12
20
20
20
8
9
10
8
10
18
12
18
9
8
10
9
16
8
17
10
11
20
19
11
11
17
14
7
20
20
18
9
14
15
20
9
7
9
11
10
16
16
10
9
9
12
19
20
10
9
18
8
13
8
16
20
13
10
20
16
7
20
14
7
9
8
8
17
7
20
11
10
17
16
10
18
9
11
12
10
8
11
15
9
19
10
16
11
9
14
14
11
16
14
15
8
7
19
9
13
20
18
8
20
19
10
8
7
9
15
17
14
9
13
17
16
15
9
14
9
13
8
20
13
11
11
7
11
7
12
7
14
10
8
18
7
8
17
19
11
15
15
18
10
20
18
11
10
20
10
19
11
11
7
13
11
12
9
14
12
18
15
12
13
13
16
7
7
13
13
11
18
10
19
19
15
15
18
9
19
13
11
19
10
13
15
12
8
14
10
11
20
13
20
11
17
10
11
18
19
15
9
18
9
7
13
9
18
13
16
7
20
14
10
16
10
11
19
9
19
14
12
12
11
18
8
15
15
12
19
12
7
16
20
7
11
10
11
7
14
14
20
15
17
20
11
10
19
19
14
16
16
17
13
11
8
10
19
10
14
15
19
16
8
7
7
16
11
18
17
15
8
7
13
8
14
10
14
14
12
11
19
9
8
17
10
9
7
14
12
10
19
9
7
7
11
13
11
12

20 38 58 78 104 123 139 165 184 198 216 232 252 272 300 329 353 377 402 417 440 457 474 501 531 552 568 589 618 641 661 691 708 729 758 781 798 825 855 872 894 920 949 968 992 1019 1036 1053 1069 1097 1113 1142 1171 1197 1214 1229 1253 1267 1283 1298 1323 1346 1360 1375 1389 1406 1428 1442 1470 1499 1516 1545 1566 1592 1621 1637 1664 1680 1695 1714 1744 1762 1780 1795 1824 1854 1873 1899 1924 1940 1963 1985 2003 2023 2053 2074 2091 2109 2139 