400 10 5 
17
15
6
12
12
10
6
13
19
16
15
11
10
8
16
12
14
10
19
17
11
17
17
10
15
19
11
11
15
20
6
17
10
7
7
16
11
7
15
15
18
5
8
7
20
19
17
7
18
16
7
11
8
5
5
14
7
16
12
14
5
14
6
15
19
15
8
19
15
20
7
8
11
12
12
18
14
16
10
11
10
11
15
8
13
14
10
14
12
19
12
5
13
16
18
11
20
14
18
12
16
11
19
17
6
13
18
6
15
8
19
17
14
18
20
15
20
20
8
17
7
19
19
8
16
17
17
12
5
14
12
19
7
18
14
16
12
15
19
10
15
19
18
15
6
12
14
9
20
15
8
15
16
10
8
15
7
8
12
11
14
5
15
17
10
19
13
15
19
12
6
7
6
9
18
15
10
18
20
13
5
7
18
17
16
14
19
19
8
14
10
14
7
12
19
13
18
20
11
6
20
10
20
20
12
17
9
9
18
12
15
19
15
19
13
14
13
8
14
11
13
11
20
16
8
11
15
15
8
14
14
11
8
18
5
9
9
20
15
20
6
18
6
19
10
12
18
14
17
16
14
15
12
7
17
6
9
9
11
16
19
8
14
8
5
12
16
14
5
10
14
8
15
11
18
6
14
10
8
10
18
14
14
8
15
9
10
10
19
16
16
7
10
12
20
5
5
16
13
12
8
11
11
13
19
16
11
19
20
5
8
9
10
10
20
13
13
10
7
19
12
6
6
12
7
16
8
8
15
5
5
10
10
15
17
12
11
10
8
19
18
5
9
19
16
11
8
6
14
19
15
9
14
20
20
8
17
13
17
11
10
20
16
16
20
14
5
12
16
15
17
12
17
17
20
17
12
10
19
11
9
9
10
5
15
18
19
18
16
11
8
5
16
5
5
7
12
15
18
5

27 51 75 89 113 127 140 154 181 