200 10 6 
13
20
12
6
14
7
12
6
14
13
6
8
11
19
10
8
14
6
10
10
14
20
11
15
8
18
6
18
10
11
10
8
10
6
8
14
12
15
11
6
9
20
7
15
13
8
7
6
19
20
15
17
8
6
6
9
6
19
14
15
6
12
8
8
17
14
7
10
9
11
7
11
11
18
6
6
19
19
14
17
6
10
8
15
10
8
17
20
20
7
13
20
20
13
19
8
16
19
14
20
10
19
20
7
20
11
9
10
7
12
20
17
8
8
17
13
20
20
18
15
10
20
16
7
6
11
10
12
18
16
19
11
18
11
9
8
12
14
18
12
16
13
11
14
9
9
14
19
20
7
20
16
15
12
6
13
15
18
19
12
9
19
14
13
18
19
7
8
14
17
14
16
11
20
6
12
14
15
17
7
13
16
10
17
14
15
16
10
13
17
20
14
9
7
6
6
15
8
8
14

24 41 70 95 118 137 160 189 202 