400 10 7 
7
9
18
19
13
19
11
20
15
14
14
7
8
20
17
9
13
19
19
15
19
20
10
10
7
18
13
20
16
18
17
18
14
18
16
18
9
16
18
12
16
12
11
18
13
19
20
18
19
12
12
13
8
7
16
10
20
17
10
9
14
18
14
17
12
11
11
20
15
7
8
18
16
15
10
19
8
20
10
12
17
16
18
9
13
16
15
16
13
10
14
18
12
12
9
14
15
20
10
8
18
10
11
13
12
11
20
17
20
13
16
17
11
19
9
15
15
7
10
15
18
13
14
11
15
18
20
20
13
7
17
13
17
15
10
12
19
11
19
19
16
8
9
12
14
19
15
8
18
19
11
11
8
9
7
14
13
10
19
9
10
11
8
16
18
20
11
18
15
9
8
17
10
11
13
14
19
19
8
11
20
10
18
13
8
14
9
7
12
20
15
8
13
14
20
13
11
8
14
15
14
10
13
14
9
18
16
8
12
17
7
19
8
19
19
12
14
20
10
12
15
12
13
9
13
8
17
19
14
11
14
8
8
11
18
11
20
7
19
13
10
8
19
19
7
13
11
13
15
18
10
10
13
8
17
20
13
9
10
8
16
12
20
13
11
20
20
17
9
8
12
7
10
9
9
8
13
18
9
9
19
18
16
11
11
14
15
18
19
19
13
16
15
12
12
19
13
17
17
17
17
9
19
9
20
18
12
11
7
7
19
11
12
8
8
17
10
8
9
14
10
10
8
16
17
13
18
12
10
16
19
14
9
12
10
16
7
19
15
18
14
7
11
8
20
20
20
14
10
7
15
8
20
12
20
9
17
9
16
11
12
11
13
13
15
12
20
11
10
19
12
20
10
7
9
16
20
15
15
17
7
7
16
10
9
7
17
20
15
11
18
7
19
19
11
14
10
11
19
20

17 36 63 91 113 142 163 193 220 