300 40 7 
16
14
14
17
14
18
13
8
8
20
19
18
15
20
18
16
9
7
8
14
10
19
7
14
12
19
12
11
18
15
8
15
16
13
15
20
7
15
10
11
10
18
18
16
19
8
10
15
16
12
20
13
10
17
15
10
9
8
15
11
15
16
11
14
14
19
9
15
11
11
17
19
18
16
19
15
7
11
7
10
14
10
14
16
16
19
16
15
9
15
8
18
14
8
14
14
17
13
14
12
19
19
7
17
8
8
8
11
13
10
18
7
20
17
16
20
18
9
8
11
16
19
10
20
8
14
17
19
12
18
15
15
7
18
13
15
10
17
17
18
20
15
15
14
17
16
13
19
18
10
18
20
10
18
15
13
13
17
14
17
13
7
11
16
8
11
11
15
14
19
20
18
12
8
7
7
15
9
16
20
17
14
19
16
8
18
10
10
19
17
16
20
20
20
16
13
12
15
16
13
12
9
10
12
13
9
7
10
18
15
16
9
13
12
19
9
11
15
12
11
9
19
12
8
16
12
18
10
15
11
19
17
10
17
14
14
20
14
11
19
19
19
17
20
12
15
15
15
13
7
9
16
11
14
19
15
15
7
8
15
12
19
16
18
16
10
13
7
7
8
16
10
14
10
13
20
7
13
15
16
8
19
13
18
13
17
17
15
13
12
15
18
13
8
16
15
16
17
19
15

28 47 76 106 121 143 171 185 199 213 238 253 282 296 320 340 370 394 408 427 444 462 483 513 529 549 576 596 612 628 642 657 680 696 726 740 754 769 799 