200 40 5 
16
6
7
11
7
6
18
6
16
20
15
5
15
14
7
14
7
18
14
17
5
19
10
14
10
14
5
7
15
14
17
8
20
12
11
20
9
11
19
18
17
19
11
8
20
12
14
6
20
14
20
6
18
6
19
18
17
11
7
7
11
18
5
9
20
15
12
7
12
13
14
17
8
16
14
7
19
8
9
19
17
9
10
9
20
9
9
14
19
10
20
7
7
9
17
20
8
5
18
13
8
20
10
11
14
18
15
10
5
12
16
13
6
12
9
19
20
5
5
9
6
18
19
16
10
10
12
16
8
7
20
13
5
7
15
9
9
19
6
10
19
14
10
13
11
15
9
11
8
19
14
11
20
12
13
9
12
15
15
5
12
13
11
15
11
16
6
18
19
9
13
14
19
7
16
10
8
10
17
9
10
8
13
13
19
16
10
10
5
14
18
12
12
15
14
11
18
5
7
14

21 50 73 90 102 113 141 152 167 186 201 215 229 239 261 291 315 328 339 367 388 404 416 435 461 476 506 536 550 565 582 597 614 632 655 683 693 703 714 