10 150 7 
11
7
8
16
18
13
20
17
15
9

19 35 65 88 104 120 137 160 185 209 225 251 278 304 322 337 355 371 399 429 459 485 514 543 565 579 598 628 645 670 689 717 732 748 770 790 810 840 864 890 919 939 958 976 997 1017 1041 1069 1087 1108 1125 1147 1169 1189 1209 1225 1243 1258 1281 1305 1325 1342 1372 1401 1427 1451 1476 1492 1520 1546 1571 1596 1621 1647 1665 1690 1716 1730 1758 1773 1793 1807 1836 1862 1885 1903 1925 1954 1975 2005 2034 2052 2078 2095 2125 2154 2177 2196 2219 2234 2256 2276 2304 2332 2361 2385 2404 2421 2449 2466 2490 2519 2536 2559 2588 2614 2643 2668 2695 2714 2737 2765 2788 2811 2832 2854 2881 2907 2927 2951 2972 2997 3024 3051 3073 3102 3121 3148 3163 3178 3208 3222 3238 3255 3271 3296 3319 3349 3368 