300 150 5 
18
6
15
9
12
20
5
5
16
11
7
12
17
19
10
18
18
5
19
5
10
13
16
16
6
15
6
15
20
7
11
20
13
5
5
9
17
9
18
7
10
12
9
7
10
15
17
6
6
7
17
14
8
9
8
19
15
19
14
11
10
12
10
18
5
12
5
12
18
15
15
12
11
5
16
5
7
14
18
15
12
5
13
13
5
10
19
12
19
20
14
14
8
7
6
8
18
18
7
9
5
12
18
12
12
17
19
15
17
7
19
5
11
6
15
9
8
7
9
20
11
11
13
17
7
16
7
15
13
16
19
7
18
10
5
15
5
5
10
13
16
18
14
16
12
18
15
11
10
8
18
19
15
16
5
12
15
15
5
15
14
13
17
15
18
17
14
12
13
11
13
7
11
8
10
7
6
17
5
11
18
5
6
17
6
9
13
7
7
13
8
16
12
17
9
9
13
7
7
12
13
10
20
5
10
16
14
19
18
12
10
17
9
7
14
6
8
16
13
10
8
17
9
10
15
20
20
13
10
6
7
7
12
11
7
14
6
18
20
12
8
10
20
5
6
5
16
9
14
12
13
12
9
19
14
20
17
15
8
18
18
5
6
5
19
5
14
12
7
6
19
10
15
19
12
14
18
7
5
20
16
6
5
6
19
12
16
7
8
9
14
18
12
13
12
14
10
16
17
5

30 45 67 86 99 124 138 154 178 208 229 239 257 269 291 310 337 364 383 406 419 436 450 479 506 530 542 557 584 614 631 642 665 695 711 735 761 781 808 834 852 876 890 910 931 946 963 984 998 1016 1026 1042 1058 1075 1087 1117 1137 1150 1160 1181 1198 1216 1238 1267 1286 1302 1317 1346 1372 1389 1411 1428 1444 1460 1472 1500 1522 1546 1558 1577 1597 1610 1639 1662 1674 1703 1713 1731 1751 1768 1780 1807 1818 1837 1848 1872 1893 1911 1922 1935 1965 1983 1999 2014 2034 2058 2073 2100 2116 2128 2153 2176 2194 2219 2233 2255 2272 2289 2315 2329 2353 2377 2407 2423 2438 2467 2487 2498 2510 2533 2549 2564 2584 2607 2618 2639 2669 2694 2723 2737 2764 2787 2811 2831 2854 2873 2892 2920 2948 