300 150 5 
5
8
14
15
20
10
10
18
13
5
15
16
19
6
7
18
10
12
8
14
16
12
13
10
16
8
20
5
20
17
10
19
11
10
20
7
12
15
15
6
10
6
10
9
8
20
18
19
15
19
14
20
13
19
13
13
16
15
13
5
20
17
13
12
9
8
5
14
8
9
20
10
7
20
10
19
12
9
8
6
14
11
20
13
18
19
17
20
5
8
15
10
5
13
15
11
5
11
9
11
16
17
17
5
13
9
7
5
20
14
15
19
17
11
17
17
6
5
17
6
6
11
17
12
15
12
6
7
7
10
9
8
11
14
14
17
20
13
10
9
11
9
16
17
13
11
13
8
18
15
5
13
11
16
13
19
11
7
11
10
8
14
11
11
18
9
19
20
19
7
9
5
6
20
20
10
13
19
16
10
14
12
5
15
14
16
10
7
17
20
7
10
16
13
8
13
12
9
9
7
18
15
14
18
16
7
17
20
7
12
18
14
17
17
10
5
20
18
16
15
8
13
16
16
6
17
9
6
18
6
6
18
10
13
15
8
15
8
17
8
19
13
11
14
19
8
10
6
8
15
7
5
9
10
16
20
19
18
5
14
11
8
19
12
19
9
6
15
11
17
10
14
10
15
19
16
14
8
14
12
16
14
8
15
11
17
13
14
14
6
19
12
16
8
8
15
20
12
10
14

17 27 55 69 86 116 140 164 187 206 228 245 262 287 302 317 334 353 367 385 415 442 469 484 506 519 543 566 594 622 646 673 700 730 757 785 801 831 859 873 885 900 921 949 966 991 1017 1047 1074 1100 1126 1138 1166 1179 1201 1215 1245 1275 1288 1310 1336 1354 1377 1406 1424 1447 1467 1482 1508 1523 1535 1548 1577 1602 1630 1642 1667 1677 1707 1731 1743 1764 1784 1802 1820 1838 1862 1891 1908 1938 1953 1974 1984 2011 2025 2055 2079 2104 2133 2161 2171 2189 2216 2239 2251 2261 2290 2310 2328 2348 2365 2395 2424 2453 2477 2505 2534 2564 2594 2604 2620 2636 2657 2667 2680 2707 2729 2747 2777 2795 2821 2834 2852 2865 2878 2907 2935 2958 2977 3002 3026 3044 3061 3082 3095 3110 3124 3148 3170 