400 10 7 
13
7
7
17
13
9
8
18
12
10
18
19
9
11
11
20
15
20
7
16
15
8
7
13
14
20
16
15
19
20
14
15
12
9
16
7
10
8
8
19
11
7
18
11
18
17
20
13
12
9
7
17
18
8
11
17
19
14
7
10
10
16
12
18
13
7
12
15
8
7
16
18
12
8
16
20
16
11
15
12
12
15
13
7
19
19
18
20
19
16
18
18
14
8
8
15
12
9
16
7
13
14
12
14
16
12
14
11
17
7
12
18
19
9
14
8
18
11
10
13
15
16
7
10
13
13
12
7
14
12
14
20
7
15
8
10
17
19
19
10
15
14
17
8
16
15
13
15
18
19
19
10
8
18
15
13
16
7
16
20
7
16
8
11
8
9
19
17
18
20
13
16
13
8
10
8
10
11
11
18
20
15
18
12
8
20
8
9
8
11
14
8
16
18
12
15
13
16
7
8
15
7
18
9
14
9
15
11
20
8
15
18
14
12
11
10
13
18
18
19
13
19
10
10
8
9
11
7
15
18
20
10
20
11
9
18
7
19
8
13
12
10
12
7
11
11
10
9
8
20
14
9
20
17
12
19
9
9
12
18
19
11
19
14
13
12
18
16
12
10
9
14
16
8
9
12
18
7
10
10
20
14
16
20
19
15
7
11
18
17
15
19
13
7
16
18
13
7
11
12
15
14
8
17
8
17
16
16
19
11
16
16
8
15
17
8
9
7
8
8
8
16
16
11
7
10
19
15
14
8
9
11
17
15
9
13
10
12
15
12
9
13
16
10
14
19
17
8
17
15
11
13
13
9
13
14
16
10
11
14
12
18
16
15
19
19
19
15
10
12
13
9
11
19
20
13
14
19
20
9
15
7
12
10
10
13
15
7
19
13
19
18
10
7
14
17
16
18
15
20

19 43 59 78 100 126 154 174 192 