100 100 5 
17
17
12
8
16
18
12
15
19
14
12
18
14
5
10
11
13
5
17
19
9
6
5
19
7
20
17
7
17
19
15
20
8
14
8
12
10
16
12
15
17
7
20
20
13
5
5
9
19
9
8
7
5
14
9
9
20
18
13
14
19
9
7
13
14
19
12
9
11
11
5
5
15
18
5
9
20
12
12
6
10
9
11
7
12
6
9
8
20
5
6
11
17
10
14
9
8
8
15
6

30 49 74 88 98 116 128 143 164 190 210 227 244 258 285 306 323 333 360 376 406 428 452 482 510 525 548 578 608 629 654 665 683 708 738 752 779 796 808 830 844 863 891 904 919 947 976 988 1008 1030 1041 1058 1072 1099 1127 1156 1181 1195 1221 1233 1248 1269 1296 1306 1322 1351 1371 1394 1424 1452 1475 1490 1517 1537 1557 1586 1607 1627 1653 1666 1687 1700 1725 1739 1765 1789 1806 1817 1831 1847 1858 1868 1882 1911 1934 1957 1979 1997 2018 