30 100 7 
13
18
18
17
17
20
18
10
15
20
11
9
7
16
16
15
16
9
12
19
11
10
8
20
13
9
20
16
14
9

21 36 55 83 102 116 135 161 187 214 235 253 271 292 321 336 363 389 404 420 435 462 484 507 532 557 585 609 626 647 667 687 713 739 767 781 805 823 853 878 894 913 929 949 968 994 1009 1032 1054 1074 1094 1119 1137 1156 1178 1197 1212 1234 1249 1274 1296 1320 1344 1358 1373 1392 1421 1439 1453 1476 1494 1516 1541 1562 1576 1591 1614 1634 1661 1680 1709 1729 1753 1773 1803 1820 1839 1862 1883 1913 1935 1964 1987 2001 2015 2043 2058 2075 2105 