10 150 5 
17
12
16
6
16
15
11
11
17
11

11 36 58 82 103 125 139 162 183 196 220 234 253 266 295 323 333 344 356 376 389 403 423 442 460 473 503 533 558 569 592 609 638 649 666 692 704 728 754 764 794 811 828 846 863 877 897 922 939 961 986 1007 1034 1059 1080 1094 1114 1132 1148 1177 1203 1218 1238 1257 1282 1310 1323 1345 1368 1390 1411 1434 1457 1482 1498 1511 1523 1549 1570 1586 1611 1629 1653 1668 1689 1713 1743 1759 1787 1801 1820 1833 1847 1859 1881 1892 1918 1938 1967 1982 2000 2027 2043 2061 2085 2109 2126 2156 2185 2214 2241 2256 2281 2308 2320 2335 2363 2388 2400 2429 2441 2466 2486 2508 2519 2544 2574 2598 2611 2629 2659 2683 2696 2715 2736 2762 2783 2796 2826 2848 2869 2895 2914 2935 2946 2959 2970 2986 3008 