350 20 6 
20
17
8
11
7
20
17
12
9
19
13
10
20
10
7
16
17
18
18
8
7
13
20
6
8
9
11
15
13
16
10
19
6
6
10
17
10
20
12
8
13
13
6
8
12
7
13
15
17
20
10
13
6
17
19
15
15
14
6
17
11
15
17
18
14
13
15
19
6
10
19
18
20
8
10
18
18
12
6
9
9
10
20
11
6
9
9
16
17
13
10
15
13
8
14
15
10
13
11
8
7
10
11
16
9
11
8
17
13
9
6
9
7
15
20
8
10
19
20
6
12
17
17
9
13
8
17
12
11
11
9
8
7
10
19
16
8
7
9
11
8
16
20
16
7
11
19
7
7
7
15
13
12
14
14
7
10
15
17
18
7
12
17
7
13
15
9
20
13
13
19
13
18
11
15
10
12
16
20
19
16
13
6
8
11
8
15
7
18
13
7
11
19
20
8
16
12
8
17
17
8
13
11
15
18
12
11
9
19
14
16
19
14
20
10
16
17
12
16
19
7
10
7
16
17
12
6
13
7
17
14
18
16
7
14
15
10
19
17
20
11
10
16
17
9
7
6
13
18
8
19
8
16
6
15
9
15
8
17
7
11
18
6
19
7
20
18
16
10
6
16
13
18
10
19
7
9
18
16
12
8
15
20
14
8
17
19
20
9
6
18
11
13
11
16
20
20
15
8
11
7
18
8
7
9
12
8
9
17
17
20
16
9
9
20
17
18
20
18
6
16
12
15
20
13
7
9
12
14
16
18
17
19
15
18
6
10
8
13
15
6
19
8
11
10
18
20
18
6
18

19 43 64 91 117 141 163 187 204 234 254 276 297 324 339 354 382 396 418 