300 150 6 
20
14
10
8
16
20
20
10
16
14
19
13
9
7
17
6
16
12
18
13
15
13
9
15
14
12
9
16
8
6
7
11
14
18
7
9
20
10
14
13
13
14
15
18
14
15
11
12
15
7
11
9
10
8
15
7
14
15
13
10
14
9
11
7
20
9
13
11
10
9
18
6
17
11
10
16
11
18
11
15
12
6
8
14
13
11
20
6
13
20
11
8
10
10
6
12
6
6
16
14
10
16
7
19
18
17
14
8
14
11
8
18
19
9
15
15
11
19
16
18
6
18
19
17
7
14
19
12
7
7
14
7
13
14
10
14
11
19
16
6
9
7
9
14
8
13
10
12
13
16
12
11
9
13
18
17
17
16
8
17
15
15
17
18
14
15
9
11
7
6
15
20
13
10
15
14
6
12
19
20
19
7
19
7
10
17
8
12
8
15
10
10
18
12
9
14
14
8
7
20
18
15
13
15
9
8
8
10
9
8
19
8
16
10
6
13
9
10
8
14
13
18
10
11
8
16
6
8
8
20
11
9
17
18
11
9
9
10
18
6
7
8
7
15
15
13
8
18
10
18
10
13
15
7
14
12
14
14
11
20
20
8
14
6
17
7
18
12
18
12
13
11
11
6
11
9
11
18
6
7
7
17
15
18
12
19
18
20
6
14
6
10
8
20
20
19
6
19
8
19

24 53 83 108 130 155 181 200 217 245 257 283 305 320 332 347 371 391 415 444 465 482 502 530 551 578 603 617 632 649 665 677 701 720 738 753 780 802 825 848 864 884 906 918 948 962 975 989 1004 1023 1041 1069 1097 1125 1153 1183 1198 1221 1251 1266 1278 1291 1310 1328 1340 1355 1382 1394 1418 1448 1467 1491 1503 1532 1554 1582 1600 1625 1640 1661 1690 1703 1717 1735 1747 1767 1787 1813 1832 1862 1886 1905 1926 1943 1960 1988 2018 2044 2067 2086 2103 2116 2139 2169 2199 2219 2245 2273 2291 2306 2327 2349 2376 2388 2416 2428 2443 2462 2485 2497 2518 2530 2552 2570 2593 2613 2625 2641 2671 2696 2709 2739 2756 2771 2801 2828 2845 2859 2879 2897 2926 2938 2956 2972 2993 3013 3042 3070 3084 