10 150 5 
13
6
13
17
7
20
20
16
8
12

26 39 50 60 78 102 120 146 157 183 194 209 232 247 267 286 311 325 341 368 380 394 405 433 447 474 486 506 531 546 567 583 612 622 643 661 681 693 717 747 764 792 802 832 855 879 902 918 939 949 973 998 1028 1048 1071 1092 1112 1133 1156 1184 1213 1230 1242 1259 1283 1312 1325 1350 1371 1401 1426 1445 1458 1487 1498 1524 1552 1580 1595 1617 1631 1657 1673 1698 1717 1732 1759 1788 1803 1826 1844 1868 1891 1916 1933 1948 1975 2005 2027 2039 2065 2084 2098 2124 2140 2162 2187 2202 2220 2242 2266 2284 2312 2333 2360 2370 2389 2408 2424 2442 2452 2479 2490 2508 2526 2540 2570 2592 2602 2615 2639 2658 2673 2693 2707 2721 2747 2764 2789 2819 2849 2875 2902 2931 2943 2972 2997 3015 3042 