200 40 7 
9
10
13
13
16
20
16
18
13
15
9
12
7
9
12
13
18
11
7
19
11
10
19
14
18
16
17
12
12
8
18
14
18
16
20
17
11
8
18
20
15
16
14
11
20
20
10
17
16
8
12
11
9
8
13
11
7
12
20
10
14
17
13
20
17
16
8
7
20
16
17
7
15
10
8
14
8
10
7
11
20
8
11
10
13
19
17
11
8
12
7
15
17
15
10
19
15
12
11
18
16
14
7
12
11
7
8
14
15
18
7
14
15
16
17
11
14
15
13
15
7
14
14
16
20
12
7
10
13
20
17
20
18
9
9
19
7
8
10
16
17
13
15
19
19
7
20
9
11
8
8
13
11
13
7
11
18
12
9
15
16
14
15
8
20
18
19
7
7
7
16
9
20
10
17
14
14
13
10
7
17
12
18
8
7
15
8
18
19
19
20
15
16
11
13
13
7
11
7
15

22 37 58 88 106 136 150 174 193 210 235 254 284 302 329 349 374 401 426 454 470 500 529 546 562 592 620 650 676 693 709 731 747 770 787 811 825 842 863 