200 100 6 
7
14
15
8
9
7
7
17
6
14
10
14
10
12
9
11
18
12
14
16
13
8
16
7
13
14
8
19
18
9
19
19
19
18
6
14
18
10
8
16
15
12
6
17
16
15
17
19
19
6
17
7
12
19
14
8
14
16
20
9
18
17
12
10
20
18
20
17
10
8
6
11
14
20
16
17
15
6
7
8
20
10
10
20
9
14
17
16
6
8
6
9
19
20
9
6
16
13
17
7
19
11
14
16
14
15
6
15
14
13
15
12
17
18
11
9
15
19
9
6
20
13
17
9
14
14
20
19
15
11
13
11
8
19
9
9
18
18
17
13
13
12
16
13
13
8
16
17
11
10
9
9
14
9
18
18
17
13
12
16
13
7
7
20
18
19
8
7
9
12
17
19
14
20
18
18
17
15
7
9
9
12
12
16
9
16
10
18
15
10
14
11
11
14
10
16
17
7
6
8

22 45 59 89 108 137 155 175 193 220 235 263 283 302 320 346 358 372 385 405 428 453 481 501 513 538 559 578 591 604 618 645 660 684 699 723 743 757 775 801 821 838 859 874 903 915 930 945 962 981 1000 1016 1040 1055 1068 1091 1110 1140 1164 1191 1216 1228 1240 1268 1283 1305 1335 1364 1386 1408 1422 1449 1465 1487 1513 1536 1551 1579 1604 1632 1656 1676 1689 1715 1743 1761 1783 1800 1812 1838 1858 1878 1898 1913 1935 1956 1979 2007 2027 