200 10 7 
14
7
10
15
9
17
20
20
15
12
11
11
20
11
12
16
11
19
13
11
14
20
19
7
7
14
19
10
20
13
7
11
19
11
10
16
13
12
11
13
17
18
8
14
7
9
11
12
7
14
8
9
16
8
12
11
7
19
11
14
8
8
11
12
10
18
14
19
7
17
18
14
14
20
16
16
19
18
16
12
15
8
7
12
12
14
10
16
7
8
16
8
7
19
13
11
14
16
9
14
16
18
15
20
10
20
11
9
11
14
7
20
19
17
11
8
13
13
15
7
10
18
12
11
18
7
19
15
11
19
8
13
7
14
7
18
17
19
10
14
19
18
12
11
10
16
14
9
16
11
16
17
20
18
18
19
20
7
7
20
14
10
7
17
18
15
18
19
16
12
7
9
14
9
19
7
13
17
11
8
14
7
17
14
11
12
10
20
10
18
19
18
16
18
19
18
16
17
13
12

23 47 67 88 117 137 153 172 200 