350 20 6 
20
8
18
11
8
14
11
18
18
17
10
17
9
8
16
13
20
17
9
6
14
20
7
20
18
16
9
11
16
6
20
8
12
15
14
6
9
19
19
12
7
19
6
17
15
7
14
8
6
7
14
14
7
9
17
18
17
15
18
14
16
10
9
7
15
6
17
10
14
7
13
16
8
10
8
15
11
18
12
15
16
15
18
6
9
7
14
17
20
17
15
20
8
14
17
9
9
7
12
17
11
14
19
13
19
15
15
8
19
15
7
11
8
18
20
14
15
19
14
18
11
12
10
20
11
20
20
10
14
11
11
10
10
14
11
17
9
20
7
17
18
6
20
15
20
16
20
10
18
19
14
11
7
8
20
13
7
6
10
10
17
11
19
6
11
18
16
17
11
20
19
18
7
11
7
8
6
16
11
15
17
14
11
8
9
12
17
13
13
13
8
9
20
15
14
7
19
8
15
19
7
8
16
10
6
12
12
17
12
14
9
7
18
18
16
19
9
10
12
8
19
13
16
13
13
13
10
13
9
12
13
18
9
10
14
15
16
10
19
13
8
6
7
15
16
8
12
11
19
14
15
13
19
14
7
20
17
7
20
10
7
8
6
17
19
12
13
11
18
16
7
6
7
18
15
8
7
12
19
17
14
19
8
14
14
20
9
13
12
18
15
14
19
12
8
11
18
6
8
6
9
13
12
12
15
20
10
19
11
15
11
7
19
15
14
15
9
10
18
20
16
15
14
14
16
11
9
8
9
10
15
9
20
16
6
9
9
17
12
16
6
18
9
7
16
17
9
10
12
12

30 60 74 100 130 149 174 195 220 235 258 288 302 318 346 367 386 408 428 