300 100 5 
13
8
5
16
8
10
5
11
19
15
14
10
14
13
12
5
12
5
14
18
14
6
7
5
20
16
5
10
16
11
16
17
14
9
5
9
18
9
20
17
16
13
6
11
17
15
19
17
20
15
19
12
20
16
19
19
9
20
11
17
17
5
13
11
16
6
16
16
6
9
15
17
16
18
12
18
17
11
8
18
19
9
7
8
8
16
15
14
6
19
18
19
19
14
13
11
12
7
16
10
12
18
14
18
12
20
7
8
6
10
5
13
14
12
19
12
19
12
5
15
18
19
20
7
12
14
8
12
9
20
11
17
13
12
11
12
10
12
16
5
6
5
16
12
15
14
15
16
12
13
11
14
5
13
7
6
6
13
5
20
16
5
10
13
16
15
13
8
20
19
16
16
11
18
18
7
13
8
19
13
11
12
10
17
8
10
20
8
8
19
14
12
8
19
20
6
14
19
11
14
18
15
12
18
13
11
18
6
16
18
7
11
9
16
9
19
18
16
19
20
10
8
9
11
9
20
19
18
14
16
14
5
10
10
15
18
18
7
10
16
17
5
18
17
13
16
18
10
11
9
11
18
5
20
15
9
11
17
13
12
8
14
14
6
6
11
16
9
20
13
16
13
7
7
13
8
15
6
11
15
12
12
6
11
16
15
7
16
7
19
12
10
20
5
18
9
13
9
6
14

15 27 44 59 76 105 131 153 180 199 211 241 259 272 287 310 325 338 368 396 418 436 446 472 500 521 543 553 566 577 600 612 638 656 679 694 717 741 759 780 804 815 839 867 895 916 938 955 972 986 1003 1013 1023 1050 1075 1101 1127 1143 1163 1177 1197 1218 1235 1256 1280 1299 1322 1340 1358 1386 1402 1417 1435 1447 1462 1477 1502 1516 1532 1548 1567 1584 1614 1625 1648 1664 1691 1702 1722 1741 1762 1789 1813 1833 1860 1876 1888 1903 1924 