400 150 5 
8
20
7
8
13
7
9
15
11
12
16
13
9
14
7
17
6
15
11
16
16
7
19
13
20
11
13
5
7
18
10
9
5
20
13
18
8
5
16
16
12
17
7
19
16
7
9
14
15
11
13
9
16
7
17
6
10
18
16
6
12
19
5
13
13
7
11
19
15
18
8
12
9
18
9
11
5
10
15
18
6
14
10
13
15
10
5
16
16
8
18
13
18
18
7
11
6
20
10
19
8
6
9
13
10
9
13
11
14
15
16
20
19
16
12
20
5
9
6
17
14
8
11
17
17
6
9
11
9
20
17
11
13
10
11
10
6
11
12
13
20
13
20
12
14
8
10
6
9
12
12
19
11
8
17
10
17
8
18
5
13
15
8
17
20
5
7
10
7
19
12
7
15
13
19
18
15
14
13
11
5
10
15
13
17
16
14
16
9
16
10
17
12
12
8
15
5
16
5
7
19
6
7
19
7
6
6
14
13
12
11
11
15
12
8
6
6
10
9
11
18
5
9
7
12
19
8
12
10
19
11
8
19
15
20
7
19
17
20
8
17
7
15
14
16
10
14
8
19
11
10
20
20
15
8
15
6
13
16
15
9
5
19
5
15
20
12
13
13
5
6
8
19
10
14
12
16
11
10
10
16
13
10
17
7
7
14
17
18
18
9
18
12
15
20
6
14
13
6
12
11
11
18
6
11
11
18
14
6
7
19
20
20
8
16
11
18
5
20
5
8
9
10
12
9
8
7
19
10
19
10
12
6
10
19
11
17
18
18
10
12
7
17
14
9
20
5
10
15
16
16
19
16
11
11
5
9
9
19
20
9
14
17
5
6
11
14
13
12
8
6
9
8
19
12
16
5
8
15
7
20
17
12
20
17
15
20
5
19
10
16
17
20
5
18
14
19
6
13
5

30 46 63 90 107 121 136 149 160 172 196 213 241 269 287 298 323 344 363 385 413 423 446 463 477 507 525 555 566 592 609 631 646 671 701 713 743 773 803 823 852 877 887 899 926 937 955 982 1009 1030 1060 1079 1094 1122 1134 1160 1173 1186 1209 1234 1252 1271 1296 1312 1334 1352 1372 1395 1413 1426 1436 1461 1488 1498 1511 1536 1562 1576 1602 1616 1640 1650 1661 1677 1697 1720 1739 1767 1785 1815 1828 1855 1875 1885 1902 1929 1941 1964 1982 2008 2037 2066 2077 2104 2130 2154 2177 2189 2200 2225 2247 2275 2299 2329 2340 2352 2382 2412 2436 2458 2477 2496 2521 2538 2563 2581 2592 2612 2632 2646 2671 2698 2712 2730 2759 2784 2807 2819 2841 2855 2877 2890 2910 2937 2956 2974 2989 3001 3028 