300 10 7 
10
9
14
14
10
12
8
7
19
20
15
16
15
9
14
8
9
17
11
18
17
13
17
9
7
17
16
7
8
14
8
13
11
14
19
12
11
12
13
19
17
17
18
9
19
12
12
18
20
14
13
18
15
20
7
7
15
7
19
13
15
14
19
9
9
18
17
9
20
10
19
20
15
13
19
14
12
18
15
16
11
9
10
14
9
12
14
11
19
18
15
9
13
14
9
18
14
20
20
17
14
8
14
17
20
13
12
13
19
14
15
18
8
10
15
19
16
19
11
11
15
13
20
13
13
19
16
15
19
7
8
17
19
16
7
19
7
19
13
15
18
7
11
11
19
16
14
13
9
11
16
14
8
9
14
13
8
18
9
7
12
17
15
12
13
19
18
13
7
20
10
16
14
19
19
8
14
8
7
20
9
13
11
18
18
11
15
17
17
20
11
19
20
13
19
13
7
20
9
10
7
7
13
15
9
18
12
9
13
8
7
7
13
18
14
7
15
11
19
19
20
13
14
15
13
17
14
12
19
13
16
19
15
10
18
16
17
9
16
14
19
15
7
18
12
17
15
12
15
9
20
11
10
10
13
11
12
18
15
17
12
11
16
16
12
18
16
7
19
11
10
13
13
9
9
11
7
18
19
17
16
20
9
15
11
16
14
18
14
19
14
16
16
17
7
13
18
20
18
13

29 47 76 94 108 133 155 171 195 