200 100 5 
18
5
16
6
19
14
9
8
7
6
7
13
16
7
13
8
16
11
18
9
15
12
18
9
12
15
20
6
16
18
12
16
9
17
18
19
5
15
18
6
13
18
5
19
5
16
17
8
17
9
12
14
9
5
6
8
16
16
8
13
18
18
7
10
13
20
14
18
17
16
11
7
10
8
8
14
14
10
13
13
18
19
20
8
18
17
13
13
17
13
19
13
13
9
15
12
6
6
12
10
16
10
10
19
8
15
7
20
20
15
11
15
13
15
18
17
17
10
15
17
20
16
15
12
8
14
12
15
13
16
20
20
10
19
9
18
12
16
10
14
14
6
17
6
10
8
14
15
15
7
5
12
20
16
19
19
12
9
6
11
10
8
14
9
6
6
15
11
16
18
8
20
5
8
9
9
17
19
16
11
20
16
5
6
7
6
7
9
16
19
6
8
20
8
18
15
13
8
20
7

18 34 47 70 83 95 115 142 161 191 208 226 236 250 266 287 307 321 335 362 377 396 406 426 454 477 505 534 556 575 588 606 626 645 662 672 692 713 732 753 778 793 808 838 864 881 907 926 939 966 987 999 1024 1049 1060 1088 1111 1141 1154 1169 1185 1195 1223 1246 1261 1290 1307 1327 1339 1367 1377 1406 1423 1437 1465 1476 1502 1522 1546 1563 1593 1611 1641 1652 1675 1703 1728 1758 1771 1792 1803 1829 1839 1852 1865 1880 1902 1915 1942 