400 100 7 
18
13
13
19
7
9
19
20
10
9
18
17
19
7
18
14
20
19
17
19
19
9
17
16
14
12
20
8
20
18
15
7
18
9
19
10
12
11
7
9
12
10
16
14
13
19
18
14
18
19
7
19
8
19
10
15
11
16
9
16
13
10
12
13
10
14
20
8
11
7
12
19
16
14
10
20
17
13
9
16
19
9
12
14
18
10
15
19
7
14
13
13
10
8
11
14
15
9
16
8
19
18
20
15
15
17
17
20
20
13
7
11
20
20
12
18
20
10
8
12
15
7
14
15
20
16
11
20
20
8
19
8
12
17
19
18
17
8
17
7
9
7
20
16
15
10
17
16
14
13
13
10
20
7
19
8
17
13
13
9
17
17
17
20
13
13
15
14
13
20
15
19
13
14
16
14
17
16
15
9
16
9
8
8
15
13
20
13
18
16
7
10
17
12
10
14
16
17
16
9
15
9
10
12
15
19
9
15
19
9
14
17
20
10
12
17
11
16
8
19
16
7
8
13
8
17
20
13
15
17
18
7
10
18
16
11
12
13
9
14
9
7
10
8
14
11
20
16
13
16
9
19
20
15
9
12
13
8
12
13
7
13
8
14
7
12
13
18
8
10
13
7
18
7
14
15
15
11
20
19
15
16
17
9
11
15
10
10
18
18
7
18
10
18
8
17
12
7
17
7
8
13
7
20
10
14
12
16
15
13
15
12
18
17
10
20
16
9
18
18
9
8
9
7
14
19
19
7
16
14
14
8
19
9
16
14
16
12
10
17
11
17
11
17
19
9
8
8
20
11
15
20
12
9
9
9
17
16
18
14
13
14
20
20
18
10
9
9
16
15
15
18
13
15
20
16
11
19
18
9
7
12
19
18
8
11
19
12
12
8
11
12
16
7
9
18
16
13
9
11

23 50 69 87 107 122 148 175 197 215 229 257 281 296 321 350 367 381 405 420 434 462 484 511 526 552 572 596 626 654 670 695 720 749 770 793 809 829 855 877 895 918 944 971 990 1017 1036 1055 1084 1100 1114 1132 1149 1166 1183 1201 1222 1252 1280 1299 1329 1351 1369 1398 1425 1440 1454 1468 1493 1513 1527 1556 1580 1610 1634 1651 1665 1695 1715 1731 1746 1768 1785 1805 1820 1842 1856 1885 1901 1921 1937 1963 1980 1997 2027 2042 2057 2077 2099 