350 100 5 
6
17
15
9
13
10
5
19
10
15
15
6
15
11
15
10
15
19
20
9
17
14
8
12
9
6
13
18
6
15
9
8
6
8
15
6
17
16
16
6
20
11
18
10
12
5
16
14
6
6
18
12
20
6
14
15
19
18
15
10
11
16
5
9
6
16
13
8
5
20
19
19
15
18
5
14
11
6
9
6
17
13
18
7
12
16
15
16
18
13
5
20
7
13
14
18
14
17
17
7
18
14
20
18
20
11
16
8
6
8
20
10
8
17
12
20
16
19
19
7
15
15
7
9
18
13
13
11
6
18
20
11
16
5
13
11
11
14
11
18
19
16
8
18
18
10
9
10
9
8
19
12
18
15
14
17
19
8
8
12
6
12
13
12
6
18
6
6
12
20
15
19
11
9
14
6
9
15
17
17
15
6
6
7
19
5
17
5
20
7
10
13
5
6
5
19
14
12
6
12
15
5
20
19
6
9
13
14
19
8
10
16
10
7
5
17
9
10
8
11
11
18
8
6
12
9
18
6
14
12
5
19
11
9
16
10
12
8
13
18
9
14
14
17
18
16
6
16
13
6
12
12
17
16
12
15
19
13
14
15
15
9
11
5
9
6
13
16
20
15
6
10
19
9
20
11
14
11
19
14
8
16
20
17
14
10
13
16
18
9
17
20
9
12
17
8
17
7
18
13
8
6
17
14
9
17
5
6
8
16
20
17
15
17
8
17
10
7
19
18
17
5
17
15
19
12
14
6
11
18
7
9
14
20
5
7
18
13
7
11
6
6
15
19
13
16
17
19
12
16

13 24 38 55 74 101 124 141 165 184 203 220 250 264 282 309 321 333 343 355 374 384 413 425 441 458 475 491 506 531 551 580 603 627 655 666 692 715 738 753 768 778 805 821 832 850 860 875 893 910 939 949 959 969 994 1020 1032 1052 1076 1096 1110 1126 1154 1180 1192 1212 1226 1255 1275 1305 1332 1346 1376 1406 1436 1464 1489 1508 1529 1551 1575 1593 1618 1638 1658 1674 1692 1707 1717 1728 1751 1775 1804 1827 1844 1870 1882 1912 1929 