10 150 6 
15
9
6
17
16
9
17
9
16
20

30 47 70 98 110 128 143 159 184 213 225 249 265 286 303 323 353 367 392 414 442 455 480 506 527 546 558 582 599 623 649 672 685 710 727 739 763 790 811 827 843 857 880 901 919 945 962 980 999 1017 1032 1056 1070 1084 1112 1130 1146 1166 1183 1196 1225 1255 1267 1279 1307 1320 1341 1371 1386 1410 1428 1444 1457 1484 1504 1531 1554 1582 1600 1628 1640 1664 1678 1692 1722 1737 1763 1790 1811 1833 1855 1876 1904 1932 1947 1959 1977 2006 2021 2040 2070 2084 2105 2122 2150 2179 2192 2211 2235 2262 2290 2320 2335 2358 2386 2398 2420 2436 2466 2481 2510 2523 2552 2568 2581 2596 2618 2631 2647 2668 2688 2714 2736 2766 2781 2793 2815 2834 2857 2871 2899 2911 2927 2947 2962 2983 3008 3029 3052 