350 20 5 
16
20
17
18
6
20
11
18
11
20
16
6
5
15
10
14
6
7
9
16
8
5
16
13
12
13
16
19
20
5
9
20
13
7
14
7
16
20
8
14
11
12
14
7
12
12
20
7
14
7
17
20
7
8
5
17
17
6
11
16
8
9
11
19
19
13
19
19
6
20
7
5
7
17
7
10
16
18
16
6
20
13
6
19
5
15
16
6
6
16
20
18
13
11
20
12
11
13
9
15
14
12
16
17
7
10
18
5
8
9
8
18
16
17
14
5
10
17
8
18
18
18
19
17
10
18
13
7
13
16
7
17
18
19
9
8
18
15
7
18
13
10
19
5
10
12
20
18
14
6
5
15
15
5
16
5
9
7
13
12
16
13
5
19
8
17
12
20
18
10
15
7
7
13
10
6
9
6
13
18
8
8
16
20
19
17
20
6
16
18
12
19
14
13
12
11
8
15
16
12
13
17
17
14
14
9
20
13
7
6
19
13
17
13
16
9
7
13
6
12
8
10
18
20
13
7
19
19
12
5
14
8
12
12
5
13
9
7
9
18
10
5
13
11
17
13
13
6
19
18
15
15
9
7
8
7
6
5
18
18
10
10
13
15
7
20
20
14
18
14
17
14
11
11
19
20
16
17
15
18
15
7
5
7
11
18
5
20
17
12
18
15
12
7
5
11
5
16
5
8
15
7
5
7
18
14
14
16
6
17
15
7
19
5
18
13
6
19
18
19
6
6
10
20
8
19
15
19
16
10
16
19
9
10
12
6
7
9
5
8
10
20
20
12
6
19
14
7
17
17

11 34 62 74 99 120 150 175 201 217 246 267 293 319 346 364 382 412 422 