200 150 6 
8
19
11
16
6
14
20
6
17
9
6
14
14
15
18
19
6
13
18
10
17
16
10
6
14
18
8
18
11
18
9
17
16
6
11
16
8
11
9
7
11
10
7
18
6
9
20
19
8
7
11
20
8
18
11
14
10
13
6
17
6
13
13
15
6
20
7
9
14
12
8
10
20
10
10
19
20
8
9
6
15
7
15
10
15
13
9
9
20
17
16
18
18
7
20
9
12
20
8
18
14
9
16
18
18
13
11
15
6
7
11
10
12
14
11
13
8
20
14
20
13
18
9
19
12
15
9
13
10
16
19
7
16
13
20
9
14
14
11
14
10
16
10
6
20
10
9
7
17
10
9
17
16
8
10
7
7
12
7
20
14
8
13
20
7
20
20
8
17
6
12
7
11
17
17
6
7
19
13
19
9
11
18
6
12
10
13
15
17
19
9
13
20
15
14
13
13
11
20
6

16 37 57 75 93 109 124 143 170 187 211 235 247 259 286 301 328 353 371 401 413 435 449 461 488 511 527 553 580 593 621 642 664 692 704 732 757 777 804 823 837 856 871 888 909 927 955 985 1006 1022 1044 1064 1094 1114 1127 1147 1169 1190 1214 1236 1256 1280 1310 1332 1359 1385 1400 1417 1432 1453 1483 1502 1520 1539 1563 1589 1602 1619 1645 1658 1679 1698 1710 1738 1758 1786 1800 1830 1842 1864 1891 1905 1923 1939 1958 1970 1998 2023 2043 2062 2090 2104 2125 2146 2165 2193 2219 2232 2253 2278 2303 2331 2356 2371 2396 2414 2431 2453 2483 2500 2519 2535 2562 2576 2597 2622 2646 2672 2698 2710 2730 2753 2783 2805 2832 2862 2874 2891 2912 2934 2962 2985 3001 3018 3045 3073 3096 3126 3143 