300 30 5 
8
20
5
18
16
8
11
18
13
12
9
17
14
5
9
20
14
20
18
5
19
19
10
20
9
18
11
14
14
18
9
12
15
19
18
16
19
9
7
11
6
20
11
18
9
16
9
18
8
9
11
17
12
19
8
8
18
10
13
14
11
6
16
6
5
17
17
12
11
11
17
11
9
13
7
19
19
13
17
9
5
18
8
16
13
9
8
7
9
7
14
18
11
16
18
13
20
7
7
14
16
6
17
11
14
16
6
12
19
6
8
18
15
7
18
8
16
11
17
9
6
18
5
19
7
8
8
10
19
13
15
15
10
18
14
18
13
5
16
6
19
17
7
20
13
16
17
19
12
19
12
7
17
19
11
7
5
8
10
20
10
10
14
6
18
7
17
8
14
20
12
8
10
7
5
8
7
20
12
8
9
7
17
8
18
18
8
8
14
7
15
19
17
7
15
11
14
12
17
6
10
5
19
10
16
16
11
5
5
13
12
16
15
15
7
20
18
6
19
14
11
12
16
15
16
13
8
7
7
10
7
19
7
15
12
20
13
20
17
19
15
17
8
18
6
5
6
20
7
9
5
15
18
16
20
17
16
18
17
17
6
9
10
8
15
11
16
15
9
10
14
10
14
9
9
6
6
16
7
15
11
17
5
5
13
11
20
16
7
14
19
17
18
17
19
11
8
17
7
18

30 43 68 94 104 124 138 150 171 195 214 233 256 266 294 311 340 353 370 385 412 423 443 472 495 519 531 543 566 