200 40 7 
18
9
15
15
10
8
13
17
8
9
9
15
9
17
12
11
14
16
7
20
18
14
20
13
14
10
12
13
12
11
18
13
18
9
18
20
15
14
18
10
14
14
16
12
17
9
15
20
9
19
16
8
11
14
18
7
19
14
8
10
18
20
9
10
8
19
10
19
8
16
16
15
8
15
12
8
11
16
17
15
17
13
17
16
9
10
16
16
7
15
12
12
7
14
17
18
20
16
7
8
19
15
17
17
9
7
17
16
18
17
8
14
19
20
17
10
17
16
13
20
7
17
7
12
8
7
20
11
18
20
15
16
8
7
10
20
9
11
7
13
15
15
8
17
16
14
17
16
7
16
15
17
14
18
12
10
7
10
12
18
14
11
16
17
20
9
16
20
17
10
19
20
8
16
9
13
8
15
13
17
14
14
20
10
13
20
13
10
9
18
7
14
13
15
11
18
14
12
15
12

18 37 61 89 117 142 156 185 214 234 263 291 317 347 366 387 417 436 458 488 517 533 549 579 595 613 632 651 672 695 713 739 768 795 818 840 860 875 903 