10 150 5 
7
11
6
15
7
8
13
18
7
16

23 42 72 82 111 124 150 164 186 210 230 241 269 299 314 342 353 365 385 399 426 456 483 499 515 538 564 586 614 633 644 664 690 716 743 762 792 802 820 841 858 877 890 909 928 941 963 990 1010 1038 1052 1066 1078 1091 1109 1120 1143 1173 1187 1206 1226 1237 1262 1281 1309 1326 1337 1359 1386 1400 1410 1421 1450 1463 1483 1511 1538 1560 1572 1595 1614 1632 1650 1677 1695 1711 1732 1743 1768 1794 1807 1835 1851 1876 1887 1915 1930 1949 1977 2000 2011 2026 2045 2074 2084 2112 2133 2147 2168 2186 2204 2223 2242 2261 2283 2302 2329 2343 2370 2391 2416 2429 2459 2470 2488 2504 2523 2534 2545 2558 2586 2611 2639 2657 2679 2696 2715 2729 2754 2781 2793 2811 2838 2849 2871 2901 2911 2932 2944 