200 10 6 
16
11
6
16
10
13
14
10
12
13
20
14
6
11
17
11
7
18
17
20
14
20
20
16
17
14
20
11
16
8
20
14
19
17
12
13
11
8
6
15
7
9
17
6
13
18
14
7
20
9
19
19
7
11
19
13
17
20
8
6
15
14
9
16
7
19
12
10
10
15
15
17
16
15
17
10
7
16
13
20
14
13
16
7
12
11
16
9
11
9
13
15
11
7
14
19
6
11
10
11
8
9
14
11
19
13
18
13
9
11
16
6
19
11
11
16
9
9
18
11
6
15
19
6
11
11
18
19
10
8
15
16
11
16
16
20
19
10
9
19
8
8
16
14
15
14
18
10
18
19
14
10
19
19
10
11
19
16
20
6
7
9
9
15
20
6
15
9
17
8
6
7
8
9
10
9
6
8
20
7
19
17
13
15
9
17
12
11
15
11
18
7
20
11
12
13
19
10
18
15

27 55 85 115 133 162 184 207 219 