300 40 6 
15
6
8
18
7
20
19
13
7
14
11
10
15
17
6
15
18
9
20
17
17
12
17
9
12
15
7
8
16
16
18
11
17
6
11
16
10
9
17
11
14
13
9
14
12
14
12
14
11
12
18
14
12
12
9
16
14
6
6
10
9
12
19
12
14
15
10
9
11
6
18
9
20
10
19
6
13
16
13
10
14
13
20
19
14
14
18
6
15
13
20
13
16
15
11
19
9
11
19
8
6
12
12
14
13
17
11
19
15
20
20
9
6
17
18
11
18
10
13
10
12
9
16
15
20
18
12
19
18
18
18
17
20
13
6
11
19
14
8
15
14
6
10
17
13
8
15
9
7
10
19
13
7
8
6
9
12
20
7
13
15
19
9
8
17
7
7
7
18
16
12
6
9
13
19
18
19
18
7
13
6
10
15
6
17
7
12
18
12
8
7
14
6
6
10
11
19
14
17
17
19
6
10
6
14
11
7
19
12
8
20
10
17
8
13
12
14
10
11
20
16
8
16
9
8
11
12
11
13
7
8
12
7
7
15
6
18
19
11
19
19
13
15
11
12
19
9
11
20
20
19
8
14
14
17
16
18
14
12
16
13
17
14
7
13
11
9
20
13
19
16
18
20
19
20
19
9
7
19
15
20
8
15
13
14
9
15
16
14
7
11
14
11
6
7
18
7
8
6
10

18 39 68 87 112 126 139 151 168 197 214 229 244 266 284 308 333 358 386 400 424 441 454 481 511 533 550 562 591 611 638 657 673 702 722 744 773 786 803 