300 30 7 
10
12
7
12
9
7
16
14
9
13
20
7
7
15
8
8
9
15
18
16
7
14
13
12
17
18
15
7
15
13
9
15
16
20
12
10
7
18
8
11
12
15
13
20
7
14
8
9
15
13
15
16
20
10
9
9
11
15
11
13
11
9
20
7
19
19
7
9
13
8
10
11
16
18
11
20
17
7
17
7
7
9
16
19
15
17
9
17
10
17
19
14
8
17
13
20
14
17
20
12
18
17
16
13
18
11
18
12
10
15
13
11
15
13
17
14
20
17
17
13
7
12
7
14
17
8
13
11
18
8
17
15
8
9
10
12
18
7
16
17
7
18
20
7
20
19
12
13
19
8
17
14
13
8
15
16
13
10
9
17
7
8
17
9
12
16
16
13
11
7
20
14
16
11
14
17
17
15
16
13
10
20
7
14
14
11
14
12
17
16
10
8
8
19
10
15
9
18
14
13
12
19
14
20
11
13
9
8
10
10
16
8
17
10
10
20
10
17
15
9
7
15
7
7
11
16
10
15
9
20
13
15
9
18
18
20
14
16
15
13
19
14
17
17
8
15
9
9
7
7
10
10
19
11
18
18
13
7
20
10
11
12
14
12
15
10
11
8
17
12
9
17
7
20
11
16
16
13
20
12
7
9
9
7
15
16
9
7
19
15
14
8
10
17
9
18
20
20
9
19

24 50 77 104 118 133 155 174 203 229 246 266 282 306 321 349 375 391 412 437 461 483 508 528 548 578 597 627 645 