350 50 5 
14
16
9
17
16
11
6
14
12
20
17
7
18
12
12
6
9
16
8
5
14
5
11
7
14
7
16
6
5
15
14
13
8
19
14
7
16
18
7
8
8
16
12
11
9
15
9
11
20
15
10
5
16
7
13
14
20
20
8
17
7
17
14
12
6
8
14
12
7
8
12
5
11
8
20
6
8
10
13
13
8
20
11
7
12
11
7
11
6
16
18
8
5
16
7
11
18
7
17
6
11
20
14
13
13
19
18
18
7
7
14
20
13
6
19
20
10
10
18
8
10
20
5
19
7
20
19
20
18
6
16
14
20
15
19
8
6
9
13
6
14
12
6
8
10
13
10
18
18
11
20
12
9
7
10
10
20
20
9
14
15
16
18
12
12
17
5
15
13
19
13
10
20
17
13
18
9
19
9
10
12
7
8
15
11
18
8
5
6
8
18
17
17
11
15
9
10
17
12
8
11
9
10
7
18
15
10
8
16
14
7
20
15
5
19
9
8
13
7
12
19
10
5
5
15
16
16
11
5
7
15
13
8
18
13
19
16
13
5
20
8
6
12
9
20
14
15
18
7
15
15
7
20
15
10
18
19
6
12
11
6
13
6
20
12
7
13
7
6
20
6
12
9
20
17
15
19
9
19
18
17
16
9
15
16
18
9
16
19
5
11
18
5
8
9
7
15
16
19
11
12
12
5
10
10
15
13
16
20
15
8
17
14
10
12
10
17
9
11
7
8
7
6
7
10
19
16
12
9
19
5
8
9
12
11
5
5
16
8
19
15
8
20
7
6
18
16
17
13
12

27 56 67 89 100 117 130 143 167 184 214 225 241 258 284 307 320 350 376 392 422 441 468 498 522 541 566 592 622 638 668 682 711 722 733 763 779 808 824 846 875 893 911 923 946 957 973 999 1012 