200 20 6 
12
18
6
7
8
17
11
7
11
9
8
16
20
7
19
14
6
9
18
11
13
14
6
8
14
10
16
11
15
20
13
11
14
14
14
14
7
12
9
6
9
14
9
20
8
18
8
19
6
9
19
10
14
17
16
9
13
6
15
19
8
7
19
14
9
7
8
20
18
13
15
15
13
10
17
10
6
11
14
9
9
12
17
18
6
20
18
8
18
20
7
13
20
8
6
20
19
19
19
17
12
20
16
12
11
20
10
12
19
17
18
13
18
17
12
7
13
8
6
18
19
17
19
17
16
16
15
16
12
6
9
11
20
16
10
9
18
10
6
14
13
19
15
8
10
14
16
7
6
15
10
17
9
10
12
9
9
19
20
9
18
6
18
11
14
9
10
12
6
11
11
7
14
12
14
14
11
8
20
10
8
18
7
13
17
14
9
12
7
8
7
10
8
16
13
12
10
18
18
8

17 30 53 80 110 125 140 156 185 199 228 252 269 286 304 318 341 357 386 