10 150 7 
13
7
9
18
13
9
9
19
7
7

28 47 74 98 121 149 173 187 209 224 244 274 296 323 338 359 383 406 420 449 477 503 532 550 568 584 601 629 651 670 699 725 741 758 782 803 822 849 872 886 916 937 964 979 1007 1028 1058 1086 1110 1129 1155 1180 1195 1209 1238 1266 1282 1307 1330 1356 1371 1394 1422 1441 1459 1485 1505 1524 1543 1567 1591 1609 1625 1641 1667 1695 1720 1749 1770 1793 1807 1827 1850 1878 1908 1936 1951 1971 1999 2019 2042 2065 2090 2118 2143 2165 2180 2199 2221 2237 2263 2281 2303 2326 2354 2376 2402 2421 2441 2456 2479 2501 2531 2555 2582 2611 2637 2651 2676 2702 2720 2734 2752 2773 2803 2822 2848 2866 2890 2910 2932 2956 2980 3002 3027 3046 3068 3092 3121 3145 3168 3196 3213 3239 3266 3289 3311 3327 3353 