200 10 6 
8
16
11
11
18
19
20
20
14
8
9
14
13
20
7
13
6
14
6
7
12
16
6
11
14
11
16
8
9
19
19
14
20
7
17
10
15
16
10
10
20
13
8
20
11
15
10
19
10
7
19
8
20
6
19
9
15
15
14
6
7
19
19
9
9
19
8
10
18
13
8
17
15
6
17
18
10
15
8
7
7
19
9
9
11
13
18
19
6
15
17
16
12
6
6
19
14
13
8
14
11
20
11
15
15
15
12
19
17
16
19
11
9
12
19
18
11
6
13
10
7
8
12
10
17
19
6
15
9
7
8
9
7
7
9
7
17
7
6
18
17
7
10
7
13
9
10
15
19
7
11
15
20
11
15
7
12
6
17
18
18
11
12
7
12
12
8
13
13
13
7
12
8
15
16
17
14
7
20
20
16
12
11
12
20
7
15
11
13
10
13
8
20
11
6
6
14
17
17
20

26 53 74 100 126 139 151 168 198 