100 100 6 
13
16
6
20
13
14
9
12
17
10
9
11
12
12
6
9
17
6
16
13
10
8
16
18
10
17
8
20
13
14
11
7
14
11
7
16
17
11
6
10
8
16
11
6
16
20
6
8
9
9
13
10
11
8
11
18
14
18
13
11
19
6
16
8
6
19
18
8
10
20
6
15
18
20
8
10
18
7
9
9
8
18
20
13
14
15
19
19
14
20
15
14
20
6
9
9
14
16
13
16

14 40 64 86 107 136 152 178 196 210 230 254 272 289 315 330 360 386 405 421 439 465 485 507 526 539 554 575 597 611 641 658 686 714 739 768 785 804 819 833 851 868 885 913 935 955 974 1000 1024 1044 1067 1086 1098 1125 1151 1173 1190 1218 1231 1257 1280 1310 1340 1354 1382 1409 1426 1448 1467 1479 1495 1515 1533 1562 1579 1597 1609 1639 1657 1684 1707 1735 1765 1777 1795 1810 1837 1861 1880 1895 1909 1937 1967 1983 2009 2032 2053 2065 2081 