300 30 5 
19
20
8
5
14
17
19
15
5
19
19
10
18
15
12
9
18
10
11
10
10
20
5
10
14
5
13
16
16
6
10
9
5
19
8
16
14
15
14
17
6
8
16
14
7
13
5
17
19
14
12
19
15
19
10
12
18
16
7
12
15
7
11
9
14
14
19
10
18
18
8
20
7
12
18
19
10
19
8
11
14
18
11
15
12
12
20
17
10
14
11
12
15
19
10
15
6
13
17
10
17
19
11
14
16
6
17
16
19
8
13
14
12
15
18
6
8
6
10
19
15
6
16
8
10
19
15
18
20
9
10
9
20
9
14
8
11
14
5
14
9
5
12
20
20
12
7
15
12
10
20
8
8
16
13
10
5
14
18
11
17
9
6
15
19
12
9
10
13
12
6
5
20
17
13
19
15
17
20
20
15
15
10
9
14
20
12
8
11
13
11
19
20
6
13
20
5
20
19
12
17
9
12
13
13
20
8
20
5
7
16
11
10
13
19
13
9
11
20
11
18
6
18
15
6
6
8
16
18
10
6
5
12
12
15
13
12
6
6
15
13
5
18
13
20
13
9
14
16
13
12
11
18
20
16
10
15
19
13
10
19
5
10
15
9
14
8
15
8
16
13
11
16
19
20
18
6
5
20
18
12
16
14
16
20
12
11
11
6
5
5
12
16
14
5
16
14
5
13
9

11 21 41 63 77 106 133 162 188 215 230 256 272 290 304 315 344 373 396 412 438 465 486 515 537 547 567 583 597 