350 20 5 
11
19
20
5
20
13
19
15
19
11
9
15
9
9
13
20
9
13
18
20
15
6
11
20
17
15
18
6
5
8
10
18
19
7
19
8
12
10
15
20
11
16
19
19
11
9
15
6
9
12
18
5
11
8
7
6
17
12
5
14
11
10
6
6
12
9
5
17
13
11
14
14
5
15
17
9
7
8
7
7
13
13
8
18
20
18
12
17
7
6
16
11
16
15
12
13
13
19
19
11
16
8
10
20
9
15
12
9
7
12
13
14
13
9
14
18
18
12
16
12
12
6
13
7
13
13
19
15
14
12
18
12
11
9
9
14
16
8
12
10
19
14
8
5
17
9
10
13
13
14
13
16
6
18
18
7
9
13
5
19
7
12
13
12
9
6
20
6
16
18
8
20
17
7
18
17
18
19
5
13
14
16
9
20
15
20
8
6
13
8
8
18
17
11
11
20
15
8
19
17
20
5
10
17
12
13
17
12
7
17
7
8
12
10
12
18
15
18
7
10
15
20
5
20
19
17
19
12
7
5
14
10
17
9
8
6
9
10
14
14
8
9
8
6
16
20
16
15
12
6
7
11
9
11
20
16
6
6
14
11
8
6
12
7
17
6
11
14
17
20
16
14
14
5
15
16
16
7
11
5
16
7
15
18
19
19
12
14
17
18
20
10
10
19
7
16
11
20
11
14
13
5
17
5
16
12
5
13
6
9
7
12
18
12
8
7
19
6
7
8
12
14
13
16
6
5
5
14
7
12
16
17
5
20
7
11
6
5
19
6
10
20
10
11
11
15
10
17
19
11

11 28 43 64 92 102 126 142 170 189 206 236 255 280 297 320 337 362 385 