350 150 7 
7
7
15
19
7
20
17
16
16
16
15
10
8
14
16
8
10
18
17
10
8
19
19
18
18
12
11
17
9
8
19
20
17
17
14
20
13
10
15
8
10
14
10
11
9
15
14
11
13
20
13
13
8
18
9
16
16
15
9
8
19
14
14
8
11
20
20
16
8
14
20
12
8
9
9
20
13
7
8
8
12
13
18
18
11
7
13
20
17
20
19
13
8
19
17
9
13
14
16
8
10
17
18
14
10
12
11
12
12
17
16
8
14
14
13
13
9
20
16
16
15
18
14
11
16
19
8
8
11
14
12
9
12
7
12
13
19
10
19
8
18
11
13
10
9
11
20
17
20
13
16
11
11
17
18
20
20
12
15
15
14
20
8
12
19
12
8
8
15
11
17
16
11
9
8
11
7
20
16
8
12
10
17
11
10
9
16
7
17
8
15
11
14
18
15
16
11
15
8
8
19
11
7
8
11
8
7
14
15
14
17
13
15
20
14
9
8
16
11
8
15
14
8
17
9
15
17
14
10
16
17
16
12
19
12
14
14
11
10
7
16
17
19
9
14
16
10
11
20
10
9
10
7
10
20
12
14
13
16
15
8
18
20
17
16
14
20
16
10
18
10
9
12
11
7
13
18
8
15
14
15
14
18
11
15
11
7
19
14
18
9
17
12
17
15
18
9
10
11
9
7
20
17
15
12
18
19
12
16
13
15
15
17
14
13
14
16
14
12
9
19
18
11
17
8
8
8
17
16
14
12
13
13
7
15
10
9
8
19
13
10
13
12
15
12
12
16
8
13
11

22 52 80 107 131 161 187 217 234 264 293 314 343 361 385 413 428 456 477 503 532 557 576 599 618 637 661 682 696 720 741 764 788 803 831 852 866 885 909 923 950 980 1000 1018 1036 1058 1073 1092 1119 1142 1169 1193 1211 1231 1250 1264 1289 1306 1336 1365 1389 1413 1427 1452 1475 1493 1517 1540 1563 1578 1607 1626 1640 1661 1684 1710 1728 1745 1763 1786 1806 1824 1843 1865 1892 1921 1936 1957 1987 2011 2041 2060 2082 2104 2127 2141 2161 2181 2210 2237 2257 2277 2298 2319 2338 2366 2395 2420 2450 2478 2497 2526 2540 2565 2584 2602 2622 2640 2665 2686 2710 2728 2754 2782 2807 2836 2859 2877 2898 2923 2942 2960 2989 3011 3034 3059 3073 3090 3109 3130 3155 3172 3196 3221 3250 3269 3285 3305 3335 