400 150 5 
10
8
13
14
12
15
17
16
18
12
13
17
14
10
20
11
7
15
17
11
16
5
11
12
11
7
10
9
10
15
9
13
6
14
13
13
20
11
5
9
5
15
19
14
12
16
10
15
5
13
7
6
5
9
5
5
13
12
12
18
18
7
10
19
18
6
20
5
15
10
14
20
16
8
10
6
9
12
14
8
7
18
9
14
17
6
7
20
12
10
19
11
13
8
12
17
20
9
11
15
7
6
20
9
12
13
11
17
12
6
9
13
20
5
15
11
14
19
10
18
16
9
8
10
18
12
10
15
5
15
10
18
19
5
14
17
18
7
14
8
13
5
19
7
20
16
16
5
19
7
6
6
17
16
18
10
9
10
10
6
14
16
8
6
11
17
5
19
8
13
10
17
20
19
19
13
15
9
5
5
7
11
18
8
7
8
10
16
10
9
20
13
6
20
14
20
6
16
17
7
8
9
8
7
9
6
18
7
14
9
6
19
20
7
7
16
10
9
8
6
13
18
17
12
20
18
19
19
14
10
9
5
9
17
15
15
20
7
7
13
7
8
10
5
17
19
12
7
18
11
19
19
11
13
9
11
18
19
16
11
10
9
5
6
19
15
8
19
13
14
11
8
19
14
9
5
6
6
10
20
7
6
20
15
10
18
19
19
7
15
12
20
18
20
14
18
13
9
11
10
13
18
6
15
10
18
12
10
11
10
8
16
18
17
18
19
19
8
8
12
11
14
16
7
14
18
12
15
17
7
15
12
10
13
15
10
5
13
11
12
8
5
15
17
9
5
6
6
15
9
15
12
6
8
19
11
6
12
6
7
6
19
12
18
13
5
14
18
10
7
13
20
5
16
6
17
6
10
7
16
20
11
17
13
16
5
14
9
19
10
5
17
20
20
11
19
15
19
13
14

29 43 73 100 115 136 147 164 175 192 221 247 273 283 308 323 335 352 364 377 399 416 440 460 477 492 504 532 558 569 587 614 625 639 667 697 726 747 767 794 808 829 847 862 890 913 942 957 967 990 1007 1017 1040 1062 1092 1111 1128 1140 1170 1198 1210 1231 1242 1265 1291 1314 1326 1342 1367 1392 1403 1423 1449 1465 1478 1501 1516 1528 1551 1567 1591 1603 1619 1630 1647 1657 1686 1701 1717 1745 1756 1774 1803 1832 1849 1871 1884 1898 1908 1923 1950 1968 1984 1995 2011 2036 2059 2088 2116 2131 2160 2190 2211 2233 2262 2289 2319 2349 2378 2392 2415 2439 2461 2476 2490 2502 2530 2547 2560 2577 2588 2599 2613 2629 2639 2667 2694 2705 2734 2751 2772 2785 2815 2843 2873 2895 2913 2938 2962 