10 150 6 
19
19
10
12
13
20
11
10
18
8

17 46 71 88 108 138 168 183 200 214 244 262 279 306 335 357 376 396 422 438 451 466 480 506 526 552 570 582 596 615 630 642 657 684 712 729 743 757 775 797 823 838 853 879 891 916 943 961 987 1000 1021 1044 1059 1075 1087 1104 1130 1143 1156 1185 1209 1229 1257 1273 1290 1316 1340 1366 1392 1413 1438 1454 1475 1489 1510 1535 1555 1580 1604 1617 1630 1647 1662 1674 1691 1715 1736 1750 1764 1786 1802 1823 1836 1853 1881 1896 1922 1936 1949 1976 2004 2024 2054 2069 2084 2097 2118 2143 2171 2198 2223 2240 2259 2288 2311 2336 2348 2378 2390 2403 2425 2454 2479 2503 2527 2548 2577 2594 2608 2629 2652 2675 2690 2716 2731 2753 2770 2784 2810 2839 2855 2881 2902 2924 2948 2962 2989 3019 3049 