10 150 6 
18
8
15
12
18
15
19
13
14
6

16 33 56 85 103 119 133 151 173 191 212 236 265 286 303 333 352 382 400 423 442 461 479 493 514 531 549 579 593 606 625 642 655 677 702 724 752 773 796 826 844 862 875 895 914 931 961 988 1012 1042 1064 1082 1101 1123 1139 1153 1183 1205 1235 1263 1276 1296 1325 1352 1370 1393 1420 1438 1453 1472 1499 1512 1526 1545 1569 1581 1611 1641 1669 1699 1711 1725 1748 1762 1790 1820 1837 1863 1887 1899 1916 1933 1948 1961 1975 1994 2019 2032 2046 2076 2105 2127 2146 2175 2189 2208 2225 2254 2279 2299 2327 2352 2376 2405 2430 2454 2473 2494 2506 2524 2547 2574 2591 2611 2631 2648 2671 2685 2711 2737 2761 2790 2810 2839 2854 2882 2895 2914 2941 2962 2981 3000 3023 3053 3080 3110 3136 3166 3187 