200 40 7 
19
11
16
8
18
17
17
8
16
17
13
7
14
12
13
17
14
14
20
11
18
14
9
18
18
9
12
11
18
9
12
8
16
14
17
12
10
9
8
16
13
17
7
11
12
16
8
7
12
13
11
11
10
10
12
10
12
13
13
20
19
9
19
19
12
13
15
16
15
20
18
7
10
19
19
11
11
18
14
17
9
20
7
14
14
18
19
15
8
8
20
20
15
11
16
15
9
17
18
18
18
17
19
16
7
11
19
12
20
16
20
10
16
19
18
16
17
10
12
15
12
13
15
7
12
10
15
13
11
13
18
10
13
15
20
20
9
19
16
14
10
13
12
10
8
10
10
17
16
17
17
12
8
10
13
14
17
9
17
19
17
10
16
16
16
10
19
19
7
9
8
19
8
16
7
13
14
9
8
17
10
18
11
7
11
15
10
16
7
18
15
11
15
9
19
19
7
20
7
19

20 39 58 85 101 131 159 187 205 230 246 271 296 325 349 363 385 415 443 473 488 503 526 551 571 586 605 619 642 660 674 696 716 746 763 780 798 825 839 