200 50 7 
9
20
20
20
8
17
14
14
10
10
8
18
20
20
13
17
7
7
11
20
17
16
19
10
12
12
9
8
8
17
19
13
16
17
14
16
17
15
15
15
17
18
19
14
20
18
7
16
12
7
8
7
8
9
19
17
7
14
8
17
15
12
18
17
12
11
11
9
9
10
17
15
18
19
13
20
20
13
19
18
12
13
15
9
20
19
20
11
14
18
16
14
19
11
14
14
10
16
18
17
17
10
17
19
10
17
10
18
8
8
12
14
15
9
15
7
7
20
15
16
16
20
19
17
15
20
13
7
9
9
15
11
20
14
19
8
15
13
8
16
17
11
15
7
12
16
10
13
18
9
8
13
8
12
18
13
20
13
15
16
18
11
18
10
7
18
11
8
9
14
12
15
10
7
12
9
11
11
13
14
12
15
16
12
13
14
16
12
8
13
20
13
14
20
7
10
17
11
9
11

19 33 56 74 98 114 132 148 166 188 205 234 252 269 297 326 353 377 394 408 424 441 460 477 493 511 538 556 574 596 610 638 656 677 702 731 751 776 797 820 850 880 904 921 946 963 989 1016 1042 