400 100 5 
8
5
18
13
13
8
18
18
16
11
8
19
9
20
15
5
16
11
19
17
19
9
6
18
6
16
20
18
10
11
8
15
17
7
16
20
17
19
15
5
7
20
18
10
14
12
5
16
16
12
6
12
11
7
9
18
8
9
14
5
8
7
17
16
16
9
17
20
7
6
19
19
14
14
7
12
15
14
11
8
8
16
14
5
10
17
8
16
13
7
9
8
7
18
15
17
13
17
11
7
8
9
6
19
12
18
16
18
5
19
10
20
19
15
5
19
8
15
10
5
14
18
11
19
14
18
10
11
15
9
8
19
12
20
16
15
10
7
6
20
8
17
10
14
7
17
18
15
12
9
7
9
19
19
14
14
6
17
9
6
15
8
15
17
10
16
10
13
15
5
15
10
15
18
20
12
12
15
13
17
14
8
7
20
19
17
8
17
7
6
6
10
20
7
8
9
11
20
10
6
20
5
5
12
19
14
14
7
11
17
14
17
7
20
18
14
7
20
19
20
8
10
8
14
7
13
11
19
7
8
10
18
17
14
15
17
11
11
18
7
12
13
13
7
15
19
16
14
6
20
6
14
17
20
7
12
15
18
16
6
5
5
16
9
13
8
5
18
16
19
6
20
6
13
18
10
13
15
9
13
9
10
8
8
11
12
11
10
5
15
15
11
13
18
6
19
16
12
14
7
9
14
20
6
18
8
5
19
10
15
5
19
7
13
19
10
14
10
13
17
17
10
16
11
8
7
19
7
19
17
20
8
15
18
19
20
7
6
14
10
13
11
12
8
9
6
14
12
17
7
19
9
10
13
11
11
14
13
14
15
14
15
14
13
10
9
10
7
14
16
5
7
15
12
6
20
7
12
17
5
13
10
6
9
9
16
8
6
6
11
17
17
9
14
20
13
17
10
19
7

24 50 70 83 97 121 144 166 195 208 233 257 273 303 316 332 359 375 404 434 450 477 489 506 527 551 571 593 608 624 653 675 703 728 738 755 781 798 820 836 862 883 905 928 955 984 1002 1021 1050 1080 1095 1116 1139 1163 1189 1206 1232 1260 1287 1308 1335 1362 1389 1410 1428 1438 1461 1478 1494 1504 1517 1541 1562 1574 1592 1602 1613 1628 1653 1666 1684 1696 1720 1743 1755 1782 1797 1822 1833 1847 1863 1890 1910 1926 1947 1970 2000 2011 2030 