350 150 6 
20
10
14
16
14
8
6
13
9
7
16
15
8
20
15
7
17
16
15
20
9
7
16
11
8
10
14
13
10
19
11
17
16
11
15
18
9
8
19
6
20
10
19
11
13
7
6
14
11
12
20
6
15
12
16
14
7
14
12
15
12
11
7
14
8
8
7
7
11
15
17
19
18
16
14
9
8
8
18
15
12
16
17
19
8
13
6
15
13
16
12
11
10
20
16
13
20
13
8
14
20
13
9
10
7
19
14
20
16
6
16
16
18
12
16
18
14
7
18
18
15
15
8
17
19
13
11
11
19
10
16
19
15
16
16
8
20
14
7
10
17
10
15
12
6
14
14
10
16
19
14
7
14
9
12
7
13
9
6
13
9
9
9
19
19
16
11
17
17
7
19
16
14
12
12
10
17
13
16
19
19
6
20
18
20
20
14
14
15
11
10
18
17
17
16
9
19
10
20
8
17
16
18
20
9
11
12
7
15
8
8
17
12
6
12
14
13
9
11
16
13
13
11
9
10
11
13
20
16
18
13
12
11
7
13
18
11
10
9
6
20
17
8
12
16
13
12
11
19
7
19
16
11
9
7
19
16
19
12
11
12
7
20
16
9
18
19
8
9
9
20
13
10
16
15
6
8
12
15
20
10
7
14
10
17
7
20
11
8
17
7
7
17
10
16
16
10
15
7
11
6
18
20
12
13
13
12
17
14
9
18
7
14
9
19
20
6
14
7
19
16
10
14
8
10
6
12
15
20
13
18
6
12
12
8
9
9
13
16
12
20
11
6
7
9
18
14
20
10
8

14 33 62 85 115 128 140 156 176 197 209 227 243 265 294 313 325 339 351 377 406 433 446 460 472 487 504 533 547 570 593 616 630 652 677 700 715 727 757 775 791 816 843 855 868 894 908 926 954 976 995 1022 1047 1064 1093 1105 1128 1149 1171 1194 1215 1228 1256 1281 1297 1322 1344 1369 1386 1412 1427 1454 1483 1510 1522 1535 1557 1577 1599 1623 1637 1662 1686 1698 1718 1734 1760 1785 1814 1829 1847 1861 1880 1894 1915 1932 1960 1987 2008 2023 2049 2067 2096 2123 2136 2148 2164 2188 2206 2231 2244 2272 2301 2323 2350 2378 2395 2414 2429 2457 2481 2511 2524 2539 2569 2591 2604 2627 2656 2682 2701 2717 2729 2744 2758 2783 2804 2826 2842 2865 2892 2915 2944 2967 2986 3007 3031 3060 3084 