200 40 5 
18
8
20
5
19
8
12
12
6
13
6
12
7
14
5
17
11
17
16
16
12
6
10
17
17
8
5
20
17
15
19
13
9
9
14
18
13
10
9
7
12
17
6
7
7
14
9
6
18
17
12
5
12
20
5
6
12
12
5
16
12
12
18
5
11
10
7
18
14
6
10
6
6
8
15
7
8
9
11
18
8
5
12
17
7
16
7
18
16
7
17
5
13
8
18
6
15
20
7
12
14
19
7
17
14
9
9
20
18
8
20
11
5
6
6
12
7
17
9
14
20
16
19
11
12
11
13
9
14
14
6
10
6
9
8
16
9
12
12
5
14
18
10
10
16
11
20
14
17
15
19
18
17
15
17
10
16
14
9
6
16
16
12
18
14
17
6
11
18
9
16
19
20
15
7
7
18
12
12
15
16
18
13
5
15
13
5
10
17
8
16
5
12
18
17
13
13
18
7
10

29 46 68 79 93 114 137 167 195 219 244 271 296 320 335 353 383 403 414 441 464 491 516 546 558 577 604 625 650 673 689 712 742 753 764 774 798 828 841 