300 10 6 
6
9
8
14
9
10
18
20
9
18
8
6
19
17
12
7
19
17
13
16
14
7
12
10
14
9
13
11
8
19
6
14
9
8
8
15
12
11
6
10
19
19
13
14
9
15
11
19
17
6
11
7
13
9
8
17
13
10
9
9
12
11
19
7
18
17
12
7
17
9
20
8
16
7
6
13
13
11
19
7
17
6
18
11
16
7
14
15
10
13
16
14
20
11
8
17
9
7
12
15
8
6
10
6
8
12
14
18
17
7
20
14
11
11
10
13
17
10
6
14
10
15
6
18
17
13
7
6
10
14
11
15
20
8
16
12
12
18
19
8
18
6
14
11
18
12
7
7
15
11
14
8
19
16
11
18
20
12
16
14
11
10
11
18
8
13
8
20
13
17
20
9
15
17
20
11
14
8
6
10
19
19
17
12
10
12
7
10
19
19
15
20
19
6
12
17
6
20
16
13
13
20
12
17
14
14
12
10
14
20
13
11
7
15
10
7
13
12
20
12
9
14
9
7
10
17
20
19
15
18
14
14
6
10
6
16
15
16
6
17
9
9
8
20
18
18
16
8
17
14
9
15
6
17
10
16
13
8
10
19
19
11
6
19
16
12
8
11
16
19
11
8
12
8
17
15
15
13
10
16
20
12
6
13
13
18
20
19
19
9
14
19
9
18
15
7
16
7
11
18

24 46 64 87 115 145 165 178 199 