20 100 5 
5
20
13
5
9
20
13
8
20
18
17
12
7
16
8
20
8
8
19
14

21 42 52 63 92 107 127 139 160 189 212 234 244 270 297 311 322 342 354 384 408 425 443 462 484 498 527 537 557 568 591 613 627 648 660 675 686 713 728 743 767 786 816 844 862 887 912 938 964 988 1006 1031 1045 1056 1079 1094 1115 1125 1135 1165 1189 1216 1231 1256 1282 1294 1316 1343 1362 1381 1397 1409 1428 1454 1484 1500 1524 1547 1570 1583 1602 1630 1652 1680 1701 1729 1743 1753 1764 1790 1810 1830 1856 1882 1911 1928 1947 1966 1996 