350 50 5 
17
16
15
8
17
14
10
7
16
9
20
10
16
7
11
11
7
13
12
11
10
5
13
12
11
14
15
13
5
5
14
6
20
19
11
7
11
7
12
13
16
6
18
5
10
16
11
19
14
5
9
5
6
7
20
19
20
17
11
10
6
9
16
10
10
18
5
13
19
5
17
9
12
16
7
7
13
16
9
20
12
12
9
8
5
17
17
6
13
5
20
19
19
6
19
11
9
19
20
16
18
14
17
20
12
16
13
9
15
13
12
6
6
10
19
13
14
12
13
11
13
18
16
16
6
6
16
16
9
16
18
9
15
12
20
5
7
13
11
18
11
18
12
17
7
7
15
12
10
15
17
11
13
17
9
9
20
17
13
18
19
16
6
15
20
6
18
6
6
15
8
12
7
20
17
12
5
12
5
13
17
18
19
14
5
9
6
5
8
13
20
9
15
12
8
12
6
5
19
13
16
15
14
13
11
13
19
17
8
16
13
7
10
14
13
12
12
18
14
13
7
20
11
13
20
11
16
7
15
16
15
20
14
20
20
14
17
20
10
6
9
12
15
19
13
10
5
13
11
5
11
9
12
14
12
5
11
5
6
7
7
15
14
17
7
6
18
7
14
18
14
20
16
7
19
10
19
14
5
8
9
9
20
17
13
17
14
11
11
18
18
5
6
10
8
12
20
14
15
16
12
13
7
19
20
9
17
18
20
19
20
6
15
6
17
13
18
7
9
5
13
11
13
9
19
10
5
15
13
18
5
16
19
15
14
10
13
10
17
19
7
16
10
15
20
20
10
20
20
7

27 49 73 94 114 126 142 159 183 203 222 237 267 291 312 326 354 377 401 419 440 463 476 502 516 545 567 585 615 632 662 689 707 723 741 766 782 793 809 836 860 890 908 934 959 980 991 1011 1031 