350 30 5 
16
17
11
8
19
13
13
20
8
18
15
12
15
19
11
10
6
5
15
11
13
9
12
11
10
12
10
16
13
11
15
10
6
11
16
9
6
7
6
15
20
11
5
7
17
17
9
7
13
10
18
18
12
16
17
17
19
9
19
19
8
14
14
18
9
13
10
8
11
12
18
18
6
15
11
20
14
11
20
13
6
12
14
13
16
20
13
20
8
5
16
12
18
17
14
9
17
16
18
16
9
18
8
6
7
5
8
11
16
9
19
6
7
18
11
19
19
14
8
11
16
8
8
18
5
12
7
6
6
11
15
6
10
18
17
18
16
6
5
18
14
18
15
10
10
5
18
12
12
6
9
14
19
9
20
13
7
6
16
18
16
8
10
20
5
19
5
14
7
10
9
19
15
16
15
15
5
13
11
16
19
19
9
5
9
18
11
6
18
9
17
20
7
13
10
17
18
15
11
19
6
9
14
5
13
9
12
15
18
18
13
8
16
15
15
9
10
9
6
19
13
11
19
20
19
19
8
6
9
12
11
8
19
11
9
17
15
6
13
18
7
11
17
11
11
16
20
17
14
7
12
15
16
5
14
10
12
18
12
10
18
19
14
5
8
7
20
14
13
15
11
14
14
18
14
18
12
15
15
6
14
20
6
15
19
14
9
15
10
18
13
5
6
12
12
19
12
6
7
20
15
12
14
13
14
13
13
19
11
20
9
14
16
7
12
13
14
16
13
10
6
11
20
15
11
15
12
9
7
16
10
11
13
20
13
6
15
5
6
8
17
7
10
19
13
10
5
16
9
17

30 45 67 84 114 140 160 173 189 210 229 244 261 283 303 320 345 371 394 424 441 458 486 497 520 543 556 584 597 