200 10 5 
6
15
20
5
18
15
17
15
12
15
19
9
19
5
15
13
15
9
11
8
5
11
18
20
12
10
14
7
14
18
7
10
17
6
6
12
7
15
15
8
18
19
15
20
12
9
17
11
6
12
8
14
15
14
8
6
8
15
5
13
5
14
17
14
6
16
16
10
7
14
15
13
5
19
20
16
19
7
7
16
11
6
17
15
8
5
20
9
19
5
11
9
13
8
19
13
13
20
11
7
10
6
8
6
12
8
12
5
14
6
7
18
6
14
15
18
8
7
12
19
7
19
7
18
13
7
20
14
14
10
13
12
8
12
18
12
14
10
14
11
5
15
11
11
14
13
8
17
6
12
10
13
10
18
17
15
15
20
13
8
16
11
17
15
9
11
6
5
20
16
18
11
18
10
11
18
13
10
7
19
11
13
6
16
5
9
18
10
9
6
5
5
13
15
12
9
5
8
11
11

29 43 69 79 100 124 136 157 167 