400 10 5 
13
9
19
7
18
14
15
18
9
17
14
11
12
19
14
11
14
6
7
6
19
18
20
16
16
6
18
16
16
19
7
5
9
5
5
7
15
19
15
15
7
10
11
8
14
5
9
7
11
16
19
10
19
12
5
14
12
5
14
19
20
19
7
19
18
14
20
17
12
5
9
15
11
17
15
19
12
5
8
10
9
9
15
13
8
8
18
19
18
6
20
7
6
6
15
11
14
10
7
14
19
12
5
10
13
13
18
17
13
13
18
9
15
10
19
5
10
12
6
7
10
16
13
18
16
20
6
5
7
19
7
5
10
16
10
9
5
8
11
12
10
19
16
14
5
12
8
12
17
17
7
18
12
13
17
14
8
20
20
7
20
15
12
14
11
9
17
19
11
8
19
11
9
16
9
16
18
5
6
10
5
15
13
13
16
19
7
19
8
16
19
11
13
6
13
18
13
14
17
17
7
6
18
6
19
12
6
8
16
13
20
6
14
14
18
15
14
11
8
7
7
14
8
8
10
18
18
7
7
8
19
9
17
10
14
6
16
14
15
13
6
14
11
8
5
6
11
17
14
13
11
20
12
7
14
7
19
10
20
8
19
15
15
6
18
12
18
18
9
16
11
7
12
14
19
8
16
14
19
9
9
16
9
17
17
19
11
15
16
5
11
10
8
11
12
13
16
19
20
19
20
8
18
14
10
6
18
15
8
15
15
17
5
14
9
7
13
9
7
8
9
12
14
7
14
20
18
8
20
9
13
15
10
15
14
11
9
14
19
20
6
17
10
17
11
13
20
13
8
19
11
10
6
7
6
6
13
17
11
14
7
20
20
16
20
13
5
5
15
14
12
15
16
12
10
15
20
6
17
11
10
7
15
14
16
14
10
16
13
11
12
7
15
13
17
14
9
10
15
5

23 45 55 78 105 125 143 164 188 