20 150 7 
20
7
19
12
10
19
9
15
9
16
15
8
19
11
13
10
17
13
8
13

20 41 58 75 100 124 141 155 178 203 223 244 269 295 316 338 354 368 392 411 436 459 473 493 514 528 545 563 583 604 625 645 669 695 719 744 763 779 805 825 851 878 894 915 929 950 970 984 1007 1034 1064 1082 1105 1126 1140 1167 1196 1214 1238 1257 1271 1298 1314 1332 1352 1379 1405 1419 1438 1455 1477 1503 1518 1546 1563 1586 1613 1635 1656 1678 1697 1720 1737 1757 1784 1806 1827 1841 1870 1885 1903 1917 1946 1964 1982 2000 2020 2048 2077 2091 2105 2127 2145 2162 2183 2198 2217 2235 2264 2280 2297 2313 2338 2366 2395 2416 2437 2459 2473 2492 2515 2529 2558 2581 2610 2630 2657 2677 2707 2730 2758 2778 2792 2819 2839 2860 2883 2903 2918 2935 2955 2981 3007 3028 3048 3067 3096 3122 3152 