20 150 5 
16
8
14
14
20
20
14
18
13
11
18
11
19
5
17
19
9
6
18
8

28 58 81 93 104 129 157 170 197 216 229 252 268 291 312 333 351 362 389 403 413 424 452 471 481 492 515 530 560 586 597 623 653 666 683 711 731 746 759 773 784 808 830 847 870 897 924 948 969 998 1011 1031 1053 1080 1107 1132 1146 1160 1190 1200 1215 1225 1249 1270 1298 1315 1337 1350 1374 1402 1425 1445 1455 1476 1506 1525 1543 1554 1573 1588 1610 1622 1646 1660 1681 1709 1731 1747 1761 1775 1788 1805 1821 1846 1866 1887 1905 1931 1944 1967 1981 1992 2019 2038 2068 2088 2111 2137 2161 2188 2209 2226 2243 2254 2264 2293 2310 2321 2339 2353 2367 2395 2419 2431 2444 2455 2473 2499 2523 2547 2568 2585 2607 2635 2653 2674 2695 2717 2741 2759 2782 2806 2830 2842 2858 2871 2900 2913 2926 