200 100 7 
9
15
9
8
13
16
10
16
17
17
17
18
11
8
11
10
9
7
7
12
20
18
20
9
12
18
12
16
9
17
14
13
15
20
8
12
20
14
20
20
14
13
10
16
7
7
12
12
9
14
16
15
18
19
18
14
17
11
9
16
13
17
7
7
15
20
12
16
18
14
17
19
10
7
11
13
16
19
7
16
19
12
15
20
9
7
19
14
7
19
8
13
9
9
20
10
8
14
14
10
8
17
10
19
11
12
13
19
12
16
11
13
10
19
18
15
10
15
11
7
17
9
18
10
16
10
19
20
9
15
9
13
7
20
12
13
10
16
8
9
11
17
9
17
7
20
19
9
13
9
9
7
9
18
20
17
20
12
18
8
8
12
13
20
18
18
11
12
12
18
12
11
20
7
18
15
8
15
7
16
10
18
8
12
15
11
18
15
15
15
19
18
19
8
10
9
10
20
18
15

18 37 59 82 102 129 146 170 195 224 238 256 277 297 311 341 370 399 421 447 473 495 514 532 554 584 605 625 651 671 699 718 740 755 774 799 823 849 865 890 917 944 958 985 1006 1020 1037 1060 1076 1105 1127 1141 1159 1180 1206 1223 1241 1263 1281 1301 1319 1337 1356 1386 1401 1425 1441 1465 1488 1510 1524 1554 1574 1596 1625 1642 1665 1691 1705 1733 1747 1774 1804 1834 1864 1887 1915 1942 1962 1986 2007 2036 2051 2080 2095 2111 2136 2158 2184 