350 30 5 
10
11
18
13
9
14
18
15
11
15
10
7
19
19
10
20
8
5
16
10
8
11
12
13
13
8
18
14
14
20
16
5
9
9
17
15
16
15
17
10
17
10
18
15
10
18
14
15
13
20
14
18
16
7
10
11
9
17
18
16
8
11
13
8
5
18
15
6
11
16
16
5
5
11
11
20
9
11
20
5
18
18
14
17
18
7
12
14
7
19
6
19
13
16
15
10
5
15
20
7
5
9
7
9
15
8
13
15
6
7
20
13
15
7
10
15
5
19
10
13
15
6
8
15
5
12
15
19
17
7
8
13
19
19
14
14
8
11
16
8
11
13
6
16
12
11
8
5
17
20
12
17
10
19
14
14
9
6
20
10
18
17
18
14
15
20
12
11
7
11
11
6
16
20
18
6
18
6
17
11
14
16
9
17
15
16
17
6
16
5
8
8
14
7
12
18
16
5
10
9
20
15
7
18
11
6
15
6
8
16
13
8
5
17
10
6
7
6
8
15
18
19
17
5
16
16
12
18
14
15
17
15
8
17
12
19
6
10
7
9
6
18
19
5
13
13
7
8
8
13
13
18
8
7
8
8
13
20
11
6
18
8
6
6
9
8
18
18
8
7
16
6
5
18
12
10
14
14
8
14
12
14
6
6
9
9
5
9
15
10
17
5
19
10
20
5
18
12
17
6
10
7
19
6
12
10
17
13
17
10
20
17
11
15
12
5
13
16
16
17
13
12
5
8
9
12
18
5
8
5
17
8
19
17
7
16
19
16
8
9
13
11
5
8
11
10
7
20
12
6

29 44 73 92 103 127 156 168 188 211 221 248 263 275 293 305 334 358 386 399 422 436 449 466 492 520 531 551 572 