200 10 5 
11
18
9
19
20
14
12
17
17
6
14
18
14
18
20
19
19
9
9
18
9
20
20
16
9
18
20
7
7
14
15
13
16
15
12
10
16
14
13
7
8
13
18
7
14
6
9
10
20
17
10
16
13
10
19
11
13
19
15
8
17
5
12
16
16
13
12
9
16
5
12
18
11
16
20
15
19
10
15
18
20
15
12
11
9
11
19
17
18
18
12
17
20
17
12
6
18
20
17
11
10
9
17
13
19
5
14
19
6
6
13
18
10
9
6
12
20
13
14
10
15
8
20
10
9
8
9
10
14
12
19
5
8
20
20
13
7
6
6
11
14
19
10
19
14
9
18
11
7
10
11
13
12
13
14
10
6
20
9
18
12
13
10
18
18
13
12
13
15
10
5
14
19
7
15
12
9
6
6
15
9
9
17
19
17
9
20
10
5
11
5
7
5
16
14
8
14
12
18
19

16 35 48 65 81 98 124 145 175 