350 20 5 
6
14
9
18
12
10
15
19
8
9
12
16
10
10
18
14
17
16
14
7
18
16
10
12
5
13
17
13
16
6
5
6
8
14
13
12
5
12
19
9
6
20
14
20
5
6
10
5
12
5
17
7
7
11
20
15
12
11
10
12
9
7
13
15
13
19
16
13
10
9
5
18
9
15
15
9
14
6
20
9
13
20
5
18
14
5
17
9
13
13
6
15
5
17
9
9
13
6
9
12
19
10
15
7
9
18
8
5
14
20
6
19
14
6
20
15
12
6
8
18
15
11
14
16
10
12
19
13
17
16
15
17
9
5
7
15
15
5
17
19
12
6
9
10
7
17
20
7
11
6
19
19
10
13
10
20
19
16
17
18
16
7
11
6
19
20
6
19
18
16
18
9
16
6
5
7
14
15
14
18
18
13
8
20
7
11
18
6
5
5
13
16
19
5
5
16
9
13
19
10
11
12
19
16
19
10
18
18
13
6
10
7
10
19
16
12
13
14
13
12
10
19
13
17
16
16
5
10
20
10
8
13
16
15
11
15
12
12
7
18
12
16
15
14
9
16
19
19
5
12
5
14
9
18
10
11
17
18
18
9
11
18
11
20
11
18
19
15
19
19
13
16
17
19
7
16
9
12
9
19
5
15
16
5
10
10
11
6
13
18
6
8
6
13
5
6
20
14
19
7
16
6
13
19
6
9
8
5
18
16
10
18
7
13
7
9
6
20
10
11
13
7
7
13
14
18
14
11
17
9
19
16
12
15
12
19
18
9
11
20
11
18
13
8
19
16
18
17
20
6

22 46 68 85 107 118 128 142 169 180 197 227 251 266 286 309 327 354 384 