400 10 6 
13
11
18
20
20
13
19
14
8
16
16
11
15
20
9
19
12
15
17
15
14
17
12
10
8
19
16
19
20
15
12
19
11
20
20
12
7
7
13
7
6
9
7
19
18
9
13
17
20
12
19
20
19
11
9
11
8
7
14
15
19
7
19
7
6
20
13
18
14
10
12
10
13
8
8
10
7
16
15
17
7
6
11
18
7
14
16
11
17
15
11
8
15
12
9
20
20
16
20
16
15
6
16
11
12
9
17
9
10
16
12
19
16
20
19
11
19
17
8
14
12
12
12
13
11
8
9
11
17
9
10
15
13
18
16
19
10
15
13
11
16
16
8
18
6
13
20
17
7
17
15
19
12
7
12
18
11
11
11
14
13
6
11
17
11
12
8
8
18
11
12
12
6
11
10
10
20
6
19
16
12
12
13
12
6
12
18
14
15
11
15
6
7
17
7
6
17
20
16
10
10
12
9
7
15
17
14
9
14
8
9
13
16
18
13
12
6
17
7
12
17
20
11
8
20
12
8
15
10
15
8
15
13
16
14
16
14
12
16
13
6
12
14
18
13
20
16
14
15
15
10
20
11
19
19
19
6
12
6
9
19
18
10
8
14
16
19
11
20
8
16
8
20
17
14
11
20
10
12
8
20
10
6
20
9
10
18
7
14
11
6
18
16
12
14
20
14
18
7
20
12
10
10
11
19
14
12
15
14
7
20
11
15
19
12
11
13
20
18
17
18
8
11
9
18
16
19
13
8
18
8
16
7
20
9
12
18
13
6
14
12
14
17
15
17
13
18
13
19
11
19
18
15
15
20
6
14
18
6
10
18
10
8
20
8
10
12
6
10
9
9
9
20
18
17
12
17
16
7
19
12
17
20
18
15
11
8
12
10
9
11
12
8
18
16
20
11
7
8
11

17 47 76 92 118 142 160 175 191 