300 40 7 
8
8
15
18
7
20
16
14
17
13
13
18
11
11
13
12
16
15
13
13
8
11
19
12
18
13
9
8
8
11
19
15
19
8
20
7
11
19
16
11
13
10
8
15
20
19
15
9
8
12
15
12
14
20
19
9
18
8
14
18
15
14
15
17
14
11
20
8
16
7
13
8
11
10
9
18
14
17
10
9
18
10
8
15
20
9
13
7
12
14
12
10
16
16
9
20
12
12
17
7
15
17
17
17
7
12
12
11
16
18
8
11
10
17
12
16
17
18
7
19
11
19
18
11
18
13
7
9
7
8
17
8
15
20
12
12
10
11
16
11
17
16
9
16
13
18
9
7
20
16
17
11
11
10
20
15
8
13
8
20
10
15
8
17
20
14
9
16
20
16
15
10
18
12
9
10
18
16
8
15
11
15
16
7
12
18
15
20
14
15
15
15
17
8
11
13
13
8
20
16
17
15
15
18
7
16
17
12
15
19
18
10
12
16
12
12
17
11
11
15
18
8
8
9
15
10
17
9
9
11
8
8
17
20
12
16
7
13
15
14
13
20
15
10
20
18
20
18
14
16
10
14
8
15
14
12
11
19
10
19
15
11
19
12
16
11
12
14
12
18
10
12
12
12
8
10
16
9
8
19
10
18
16
11
8
12
11
8
8
11
9
13
16
13
12
13
9
18
11
19

28 58 73 88 112 134 152 174 203 223 242 258 274 290 318 334 359 382 406 433 452 476 501 516 546 562 587 609 624 652 667 691 719 749 778 797 812 834 853 