350 150 5 
7
9
16
20
14
11
5
6
19
13
14
15
17
13
17
9
7
13
12
12
14
19
7
19
10
20
7
10
15
19
20
11
6
20
12
9
16
6
9
12
10
16
17
15
17
11
14
6
8
16
13
20
8
20
10
12
8
17
12
6
13
7
12
20
19
19
12
5
12
14
6
10
9
9
18
8
7
7
12
13
11
13
5
6
18
5
9
16
18
9
18
14
5
14
11
11
7
14
7
16
13
11
18
8
8
17
8
17
11
11
5
6
9
9
12
11
19
16
13
9
17
19
17
11
14
16
7
8
9
14
20
17
9
6
6
13
16
15
10
20
20
15
15
9
10
14
11
11
19
13
12
13
12
7
17
5
17
6
10
18
18
10
13
18
8
6
11
18
9
11
18
7
10
9
20
13
5
19
8
14
12
18
15
5
12
13
10
20
5
8
11
18
9
10
9
9
19
19
7
15
10
14
7
19
6
19
11
11
19
16
12
12
20
9
15
9
9
14
5
15
19
12
17
17
7
7
16
15
18
6
20
12
12
15
17
16
16
20
12
11
11
14
16
12
19
10
18
17
10
17
8
15
19
12
6
5
20
7
9
12
12
6
8
17
7
6
8
6
16
5
14
5
6
20
10
7
18
11
18
5
8
14
12
13
12
15
17
6
7
5
14
7
10
11
13
5
18
11
20
12
12
13
11
17
11
10
20
5
8
6
6
12
10
14
10
15
6
14
10
14
8
6
6
10
19
14
10
18
5
7
13
12
15
20
10
7
19
9
20
14
15
18
6
15
9
8
9
13
11
16

23 42 68 94 113 126 156 168 182 204 224 236 254 278 291 304 314 337 350 371 386 398 425 453 469 488 504 534 559 586 598 613 641 666 691 706 716 741 755 769 783 795 805 824 838 850 865 890 917 935 953 965 993 1023 1033 1059 1073 1098 1123 1148 1162 1176 1188 1213 1237 1256 1278 1294 1319 1344 1369 1388 1410 1438 1459 1469 1490 1512 1528 1558 1576 1593 1603 1623 1641 1655 1676 1697 1718 1735 1765 1782 1800 1824 1846 1867 1886 1914 1932 1961 1977 1995 2013 2026 2056 2067 2087 2112 2133 2156 2176 2196 2206 2230 2257 2286 2296 2312 2330 2343 2364 2374 2389 2410 2440 2457 2467 2486 2514 2532 2544 2560 2576 2588 2606 2630 2657 2676 2703 2722 2735 2759 2786 2801 2815 2830 2858 2877 2903 