350 40 6 
6
20
15
16
8
10
19
8
19
7
20
11
8
15
6
11
20
14
9
19
16
10
7
11
11
18
15
12
12
8
11
9
13
9
14
14
12
13
17
13
14
6
8
15
11
15
9
19
15
13
14
9
10
6
19
9
20
12
11
18
17
15
18
17
16
6
17
10
8
8
8
11
18
7
18
8
10
18
6
16
18
19
14
13
20
8
16
20
10
7
20
10
10
9
6
19
17
18
17
18
15
20
9
11
20
10
20
17
8
14
7
6
14
9
11
15
9
16
15
10
20
19
20
11
19
14
8
11
10
17
7
12
6
6
8
17
20
13
14
19
19
11
20
6
19
9
20
15
7
15
15
8
19
7
9
19
13
14
14
8
16
10
17
10
10
12
19
20
9
10
13
14
10
20
11
16
20
16
10
15
10
7
16
6
19
14
16
7
6
12
17
10
7
6
9
7
10
6
16
19
13
14
10
13
6
13
16
14
13
19
18
20
13
6
7
18
8
18
16
16
7
8
7
8
6
6
12
10
14
11
18
17
18
12
8
6
15
19
13
10
18
10
14
14
13
17
18
9
7
11
7
8
10
18
11
7
10
10
17
18
17
18
11
12
6
11
20
8
17
6
15
8
11
13
9
13
16
16
6
17
12
18
9
20
10
7
18
7
15
14
15
18
12
7
8
15
10
19
18
13
9
14
8
18
13
15
16
14
14
14
14
14
11
6
17
20
20
15
19
17
14
18
7
8
12
20
15
8
8
15
17
19
18
11
16
15
11
18
15
13
7
19
14
20
17
18
18
17
15
6

19 39 62 82 107 130 157 176 196 209 237 251 278 299 327 346 366 387 408 437 452 475 496 520 541 560 581 603 618 645 667 697 710 736 750 775 795 813 828 