300 20 6 
12
15
16
10
9
17
11
10
11
20
13
14
18
19
17
6
18
18
11
20
18
7
13
14
14
8
9
18
7
20
12
16
8
9
17
6
6
10
17
20
6
19
13
9
16
7
13
6
8
19
7
12
6
10
6
17
16
13
20
19
19
12
20
14
11
16
12
6
10
13
18
11
11
6
7
10
11
13
17
18
14
19
15
18
20
7
15
11
10
10
20
14
17
8
18
11
14
13
13
7
13
16
17
7
15
14
10
6
11
6
20
11
17
7
6
12
9
8
18
13
12
13
8
18
14
9
15
17
10
18
20
18
19
17
10
7
20
10
15
10
20
18
12
17
15
10
15
17
8
12
19
10
8
10
19
9
13
6
13
10
18
8
7
18
13
19
13
11
19
17
19
16
17
15
11
9
7
7
6
12
16
15
11
7
13
9
13
6
14
16
19
12
7
10
9
11
10
14
12
15
15
11
16
19
10
19
8
15
16
18
6
6
17
17
17
19
17
6
7
15
16
9
18
19
8
8
13
9
7
14
15
12
10
10
16
17
9
17
13
14
19
16
6
6
19
15
8
11
17
10
13
7
20
17
17
12
16
13
9
17
12
18
8
14
20
18
18
8
9
8
19
6
6
6
16
11
17
14
20
7
9
14
11
20
13
18
12
8
19
19
20
19
16
9
19
10
17
18
16
17

24 43 60 79 103 129 144 168 184 212 231 247 269 294 313 338 360 379 397 