200 40 5 
8
5
19
9
5
11
6
9
5
6
6
10
5
13
11
14
13
11
19
15
15
5
18
16
18
10
8
19
17
11
18
12
14
12
19
5
10
12
5
19
9
18
10
10
17
8
8
13
20
13
5
8
15
5
14
17
18
20
14
12
16
12
14
14
9
18
8
20
7
7
16
6
5
6
5
6
7
9
20
13
6
17
14
8
10
6
11
14
13
11
15
6
13
6
12
6
18
15
8
15
18
6
17
8
17
10
14
7
13
8
7
7
9
16
8
7
7
14
18
15
12
7
18
9
15
18
6
13
18
10
13
12
20
17
15
18
5
7
13
6
12
11
10
20
6
18
10
13
16
6
10
13
6
16
16
13
13
8
20
9
14
12
15
5
20
16
18
12
9
5
11
10
11
13
20
10
5
14
12
18
11
5
11
14
5
12
16
10
16
15
12
20
17
12
20
17
12
10
19
15

25 50 75 100 122 135 155 174 191 204 225 245 272 299 321 349 366 383 395 412 434 458 486 508 536 564 579 600 617 639 652 669 692 706 734 764 779 804 826 