100 100 7 
9
11
19
19
13
9
10
18
13
13
14
14
16
19
13
8
13
7
19
20
12
9
10
9
13
7
16
19
14
17
20
7
15
12
16
16
14
13
16
12
20
18
15
13
16
15
20
10
11
12
16
8
7
10
7
18
16
13
16
14
8
10
13
18
13
12
11
10
8
11
20
10
14
13
14
10
17
7
11
12
11
18
14
14
16
13
14
8
14
13
16
7
16
15
8
16
19
8
13
13

25 39 58 84 109 125 149 166 185 200 225 245 266 282 301 324 350 373 397 422 446 475 498 523 546 567 596 610 626 646 672 698 722 739 756 778 793 816 839 865 887 916 934 951 970 1000 1028 1056 1072 1100 1126 1145 1165 1193 1220 1247 1274 1296 1317 1331 1357 1371 1399 1428 1447 1471 1500 1524 1554 1582 1600 1617 1647 1672 1697 1714 1735 1751 1769 1786 1802 1824 1850 1877 1892 1906 1933 1959 1976 1996 2013 2031 2051 2081 2103 2133 2152 2180 2201 