100 150 7 
8
10
7
13
11
7
13
17
11
10
15
13
19
17
20
9
17
16
8
12
9
17
13
16
12
15
11
18
15
15
18
18
15
15
7
8
8
15
9
9
8
13
10
8
19
13
17
11
14
16
15
11
9
10
20
7
13
8
12
13
15
11
11
10
16
15
11
19
16
19
19
11
14
16
8
7
19
18
8
8
10
8
16
9
7
14
14
13
9
10
16
17
12
16
15
11
18
14
18
9

24 44 73 91 116 139 164 187 208 227 246 269 283 304 328 354 377 404 419 447 469 498 518 545 561 586 605 632 651 675 703 731 745 769 790 820 839 861 891 912 929 945 962 986 1008 1035 1052 1072 1095 1115 1139 1162 1181 1205 1231 1261 1281 1311 1337 1351 1376 1395 1424 1441 1469 1498 1517 1533 1556 1580 1603 1622 1645 1663 1690 1705 1729 1750 1777 1792 1820 1844 1860 1874 1901 1917 1938 1957 1980 1996 2026 2049 2078 2093 2108 2137 2158 2176 2202 2224 2251 2265 2291 2309 2330 2353 2373 2400 2423 2437 2459 2483 2497 2511 2541 2557 2576 2604 2626 2648 2671 2690 2710 2736 2764 2789 2816 2846 2870 2888 2903 2921 2936 2963 2984 3003 3025 3044 3074 3098 3127 3149 3166 3196 3218 3241 3265 3283 3298 