350 50 7 
8
11
11
7
19
8
14
14
8
7
9
19
16
14
7
14
8
19
10
12
14
12
9
13
19
8
9
8
19
15
14
16
9
9
17
10
11
11
16
11
11
10
14
11
13
10
18
19
18
18
11
9
20
12
18
8
16
11
19
15
11
8
14
19
11
13
8
20
19
15
11
11
12
14
13
11
13
18
8
8
20
7
19
18
8
11
17
12
12
13
15
16
13
9
19
20
19
17
19
9
7
16
9
15
9
12
14
19
14
20
13
7
11
14
9
12
20
9
7
19
19
20
18
10
11
14
13
13
7
14
16
18
7
10
13
15
16
14
14
15
15
10
11
19
20
7
14
8
14
13
7
15
17
14
15
20
18
13
17
17
20
19
8
12
7
10
18
10
17
10
10
14
8
20
9
13
19
19
8
10
20
11
16
9
19
19
18
19
16
8
8
11
14
7
14
14
17
13
9
7
15
9
13
19
7
13
11
7
17
18
11
10
17
12
14
15
17
8
16
17
12
10
9
16
16
9
13
18
18
19
14
20
20
7
16
19
8
13
18
12
20
14
10
16
13
12
18
17
19
12
12
12
9
12
9
20
20
7
20
8
20
14
15
19
14
18
12
12
15
18
11
16
10
9
9
13
10
13
18
12
17
12
11
9
11
10
16
19
20
7
18
10
12
10
8
19
9
9
7
18
10
7
17
20
7
18
17
11
8
14
8
15
13
19
16
15
9
10
19
13
12
19
20
8
13
7
13
11
9
19
16
16
10
19
13
15
9
7
7
18
10
9
17
14
13
16
14
17
11
14

27 41 65 83 97 120 138 166 193 222 247 266 288 304 319 349 367 383 413 442 463 477 492 510 535 560 585 611 626 656 677 700 723 753 769 790 814 841 871 892 911 939 955 972 994 1014 1040 1063 1080 