300 100 5 
6
15
6
14
15
16
17
17
12
9
7
14
18
13
12
14
11
11
19
18
14
16
7
15
17
11
9
12
13
17
11
9
17
19
13
18
9
13
5
20
16
16
20
16
20
18
7
14
10
20
11
19
17
20
5
6
10
20
16
15
8
11
8
17
5
11
7
11
6
19
14
9
16
5
7
16
11
10
8
9
5
5
11
13
10
5
11
19
19
15
17
5
12
12
16
10
11
15
14
16
14
10
20
7
19
16
8
6
14
14
9
8
7
6
10
7
18
12
19
13
19
5
20
6
17
12
11
10
10
7
8
9
7
9
15
8
18
10
14
11
5
20
16
19
5
15
17
10
15
15
19
13
18
12
16
10
13
19
17
9
10
11
14
15
11
10
7
17
19
9
18
7
9
5
6
17
9
8
8
14
11
8
20
10
8
14
14
7
10
9
9
16
19
19
8
10
17
20
19
12
16
7
13
17
17
10
19
11
10
9
7
10
14
13
14
13
14
17
6
8
15
6
13
7
14
7
14
18
18
15
13
17
17
10
20
18
5
10
15
8
16
11
6
6
14
8
8
13
11
15
16
19
20
18
19
5
18
16
7
14
20
20
11
7
12
12
18
17
14
12
17
17
20
20
12
12
5
16
12
20
7
14
20
17
18
5
20
19
7
20
13
6
17
9
5
7
11
19
14
7

16 44 64 85 101 119 133 153 164 188 217 235 249 264 281 297 315 344 356 373 388 416 446 457 471 501 514 526 546 570 600 611 622 645 666 676 686 698 725 740 767 782 805 831 841 854 877 896 926 949 959 985 1013 1034 1060 1086 1105 1135 1154 1179 1209 1225 1238 1254 1272 1297 1325 1347 1366 1390 1401 1417 1438 1453 1471 1501 1517 1538 1548 1563 1593 1617 1647 1660 1684 1696 1726 1755 1767 1781 1791 1812 1836 1849 1866 1883 1902 1918 1938 