200 20 6 
6
18
6
16
11
15
17
6
16
7
7
10
19
15
19
20
8
8
10
19
19
13
12
13
20
18
9
20
6
7
17
19
9
10
18
20
15
10
9
9
16
13
19
11
18
20
13
18
9
18
14
19
9
6
20
10
7
19
14
19
11
6
9
8
16
13
6
20
16
18
8
7
6
13
16
13
13
16
8
17
15
18
14
13
13
13
9
16
17
6
18
20
11
10
11
7
14
8
6
12
14
13
15
16
8
12
14
14
14
8
12
6
10
13
18
8
10
7
9
9
10
15
7
19
19
6
16
16
18
15
13
18
9
20
18
9
6
8
14
7
9
18
20
13
10
14
17
13
14
12
6
13
20
20
9
20
6
13
18
12
16
17
8
7
16
7
9
13
15
7
9
16
16
19
20
10
7
6
18
20
20
17
6
18
11
13
11
16
18
15
12
14
10
17
15
13
16
14
20
8

26 48 70 94 122 139 168 191 203 216 238 264 276 289 305 320 343 361 380 