200 10 7 
14
10
8
18
15
7
12
20
12
15
16
12
15
11
14
7
15
12
8
9
11
9
7
10
14
14
20
12
8
7
15
19
12
7
15
19
8
19
14
20
11
7
10
14
10
8
15
11
20
17
16
19
19
16
13
16
11
7
20
18
18
9
12
13
16
13
10
10
19
14
11
18
19
14
20
18
11
18
14
19
11
18
11
14
15
15
18
12
11
16
15
14
8
11
10
10
12
12
13
10
10
20
17
18
12
10
14
8
9
8
14
8
15
13
17
19
17
11
14
17
8
15
19
11
9
11
11
11
11
10
8
14
17
10
8
17
13
19
7
17
17
20
13
18
13
8
20
18
17
16
8
16
8
8
16
8
13
11
17
11
20
7
19
15
11
16
15
7
15
11
17
9
17
17
11
10
17
17
13
10
15
17
20
7
15
20
17
14
12
17
19
13
18
7
14
8
15
16
16
15

27 50 65 88 117 134 158 185 213 