300 100 6 
9
9
13
19
18
8
8
18
10
12
15
6
13
12
6
11
12
16
13
9
10
17
18
20
10
18
16
12
8
14
17
15
9
11
6
8
16
20
20
14
12
8
15
15
13
18
20
7
9
8
17
20
8
17
16
8
19
18
8
18
7
11
6
9
13
6
10
20
12
15
15
15
10
17
9
6
7
13
8
18
18
9
6
17
13
11
19
6
17
17
9
18
9
7
14
20
16
10
16
16
13
20
19
6
10
13
20
9
19
16
12
9
7
6
9
6
9
17
20
10
6
10
16
12
11
7
13
7
7
8
15
11
13
6
12
12
16
9
12
10
16
8
18
7
13
14
18
8
20
11
7
6
9
15
13
14
16
9
11
11
13
17
15
15
13
12
12
15
9
17
9
8
10
20
7
9
17
10
8
11
12
20
16
20
9
6
6
18
11
20
9
8
16
8
6
10
19
18
15
19
13
8
7
19
18
7
20
11
6
12
17
20
14
7
20
14
11
11
7
8
10
10
16
9
16
17
11
14
15
20
17
11
13
18
14
16
20
7
9
7
17
6
14
7
19
9
20
20
10
15
15
17
12
12
13
12
13
18
8
9
17
18
6
15
16
11
12
9
20
16
20
7
12
12
15
19
13
7
20
13
7
10
8
7
20
14
7
12
20
17
18
19
6
7
10
17
8
7
18
12

26 50 63 75 104 119 145 159 176 196 217 247 269 282 299 323 352 370 397 419 431 455 471 493 516 537 558 580 603 623 636 659 682 707 736 753 766 793 818 836 866 879 895 908 921 943 959 972 989 1016 1028 1046 1075 1095 1111 1135 1165 1185 1200 1213 1227 1242 1259 1286 1300 1312 1334 1351 1368 1388 1400 1422 1449 1478 1505 1530 1558 1571 1584 1597 1627 1651 1680 1701 1724 1742 1754 1766 1784 1811 1828 1858 1885 1915 1929 1945 1965 1992 2017 