300 20 5 
10
9
9
18
11
20
14
13
13
8
18
16
6
5
6
7
5
13
16
19
5
13
11
16
5
13
15
7
6
6
18
5
20
20
15
12
8
12
6
8
13
15
5
5
19
15
5
15
16
18
7
9
13
5
17
18
16
19
20
5
6
6
16
17
20
13
10
8
13
15
12
11
6
14
14
6
8
15
20
8
6
10
7
6
16
13
9
17
7
5
19
20
19
16
17
18
17
13
17
16
16
5
7
15
14
14
5
13
14
13
9
12
14
12
7
19
6
12
9
19
19
13
20
13
20
11
13
18
20
11
12
11
10
7
16
10
14
6
18
17
13
16
14
18
15
16
16
6
6
11
11
17
10
16
16
6
19
16
13
8
6
16
20
17
19
13
13
6
14
15
14
10
13
17
10
17
18
16
8
8
10
17
6
20
20
8
14
8
6
7
8
12
13
20
15
10
19
14
8
9
6
17
16
16
6
7
6
19
15
17
9
18
8
7
19
19
11
13
6
12
6
7
6
5
17
14
8
14
18
19
8
13
13
19
17
11
16
11
9
15
14
14
11
10
9
5
9
5
5
6
17
8
11
9
15
13
12
6
20
5
7
19
6
9
13
13
8
19
18
5
11
13
6
13
20
10
5
18
16
20
12
12
6
6
13
20
12
11
20
6
13
7
11
7
9
5
12
8
13
16

12 22 32 52 64 75 86 109 129 144 156 174 202 221 239 252 264 280 309 