300 100 5 
10
5
9
19
8
12
8
12
5
8
9
15
16
18
14
15
11
14
15
13
6
15
20
8
17
8
18
7
12
19
10
5
18
20
14
11
5
16
5
5
11
11
17
14
10
16
15
13
16
5
15
20
6
13
5
6
5
15
15
10
10
7
7
13
6
12
11
12
9
18
12
18
16
16
20
15
12
5
11
10
6
7
11
9
16
12
19
14
13
12
9
19
19
6
19
9
16
19
8
14
11
8
19
14
13
16
8
11
15
9
9
15
5
13
11
17
12
20
5
7
16
8
9
11
17
9
6
17
7
18
13
8
19
12
19
15
8
17
6
9
10
20
19
20
6
15
7
7
18
13
20
10
6
9
7
10
12
7
8
13
19
17
18
19
10
20
19
13
11
13
6
18
6
14
15
16
16
5
6
17
11
15
8
14
8
9
11
7
10
7
17
20
13
9
14
6
7
10
13
17
14
10
15
14
10
15
6
12
11
8
18
7
14
18
9
12
13
14
12
11
5
19
8
14
12
16
10
9
18
5
7
19
7
18
11
20
14
15
16
15
16
14
17
18
20
15
15
11
13
18
20
14
20
18
6
20
8
16
14
6
20
13
10
10
16
12
16
13
10
7
20
18
6
17
12
10
19
12
17
20
17
12
9
7
16
12
19
14
10
15
18
19
20
9
14
15
16
16
7
16

17 40 54 84 112 133 159 185 199 210 227 246 275 300 320 342 363 390 401 416 429 458 468 490 503 523 535 555 578 602 629 654 670 694 709 730 747 773 799 814 829 847 873 893 923 941 955 973 989 1001 1025 1038 1059 1078 1093 1112 1126 1144 1167 1187 1216 1237 1260 1271 1283 1301 1318 1337 1361 1380 1407 1422 1438 1459 1471 1494 1506 1522 1544 1574 1587 1598 1616 1637 1652 1679 1701 1729 1743 1759 1775 1799 1824 1835 1854 1868 1884 1907 1935 