300 100 6 
16
14
11
6
11
15
15
20
11
7
18
6
12
15
17
13
11
12
17
18
15
6
19
6
7
15
19
9
15
10
16
8
17
8
18
12
19
7
9
16
18
12
7
7
10
15
17
13
14
6
17
9
6
12
16
19
17
20
20
19
14
16
8
17
8
14
13
19
20
13
8
16
17
15
10
14
9
13
19
20
18
7
14
18
13
19
6
9
11
7
13
19
10
6
6
13
16
20
6
12
9
15
16
10
6
15
14
7
12
13
16
14
19
7
17
15
10
14
8
8
6
10
10
8
17
15
8
19
6
15
17
18
16
12
12
14
7
12
8
8
10
7
11
15
11
16
17
6
6
14
12
11
10
7
18
11
17
7
8
8
9
19
18
14
20
18
20
19
20
16
10
20
18
11
13
17
9
8
8
9
17
15
14
9
13
11
15
18
16
12
19
16
16
7
15
18
14
17
13
9
19
7
8
18
16
12
11
15
19
12
18
15
17
15
11
12
20
18
8
18
20
10
9
13
18
18
19
20
20
12
16
18
19
19
19
17
9
11
13
10
15
15
14
19
20
11
8
9
13
6
11
12
17
12
11
13
19
7
19
16
16
6
9
13
9
19
11
8
19
6
9
9
16
6
8
10
19
11
16
14
13
11
17
17
17
15
9
16
11
15
12
14
10
16
20
20
10
19
17
11

21 40 60 74 92 118 130 146 164 192 214 237 265 278 292 305 325 337 364 383 412 431 451 472 485 502 532 547 561 582 608 628 643 673 698 716 736 754 768 792 813 825 852 871 894 908 927 956 980 1007 1023 1050 1063 1077 1089 1112 1140 1159 1188 1217 1230 1253 1278 1293 1307 1329 1356 1384 1407 1433 1459 1488 1508 1525 1547 1559 1587 1615 1633 1649 1667 1687 1703 1724 1753 1768 1793 1807 1822 1839 1865 1882 1904 1924 1939 1965 1994 2006 2030 