300 100 5 
15
12
11
8
17
8
15
8
15
7
10
16
14
7
17
17
11
18
10
7
14
14
17
18
16
20
11
18
12
20
9
16
18
6
15
5
17
20
6
5
6
6
14
12
16
14
8
12
6
5
19
5
11
5
5
7
16
10
13
20
11
19
6
9
7
12
15
14
12
17
9
12
16
12
16
15
14
15
14
12
6
9
12
20
5
18
10
9
7
9
17
17
10
17
7
9
5
7
18
12
9
7
17
20
6
15
8
16
17
20
10
7
20
20
12
11
6
12
7
17
13
11
14
17
18
6
17
9
20
13
18
7
16
14
6
6
15
9
13
8
16
20
6
5
7
15
12
19
6
11
6
7
11
6
14
11
10
10
15
16
13
8
5
6
9
14
16
9
19
16
9
14
19
6
8
15
7
19
20
19
11
6
13
18
8
20
7
7
10
5
8
7
7
14
20
17
13
16
6
6
11
14
18
11
18
20
9
13
13
6
12
20
15
7
5
11
12
12
18
15
11
16
19
5
10
9
7
17
19
10
17
5
14
10
17
7
6
5
16
6
16
18
12
14
9
5
5
9
16
6
7
9
20
17
9
19
15
15
5
14
19
5
10
13
20
12
14
9
6
17
7
19
8
14
12
8
18
8
7
5
11
10
14
13
14
18
18
9
13
10
8
15
6
10
6
7
5
12
16
10

18 44 64 91 111 127 143 153 179 198 223 243 258 280 302 318 333 358 380 393 404 421 445 457 469 480 490 519 532 542 558 576 605 629 651 676 692 719 731 753 769 781 801 823 851 861 873 890 900 923 949 962 977 995 1013 1039 1049 1076 1096 1120 1134 1148 1167 1182 1210 1229 1256 1284 1313 1339 1360 1374 1394 1421 1447 1475 1492 1502 1529 1540 1557 1577 1603 1624 1651 1680 1694 1708 1738 1757 1778 1804 1817 1827 1848 1873 1885 1915 1931 