400 100 5 
9
12
13
13
15
7
7
16
10
13
6
18
20
12
11
19
16
14
18
17
15
19
18
20
14
13
7
9
19
18
18
13
8
13
14
13
7
6
6
12
7
19
6
5
5
15
16
17
6
11
16
10
12
18
17
17
7
17
17
14
15
6
18
6
15
7
19
17
19
7
15
12
6
6
20
13
5
6
7
6
8
5
5
11
18
7
13
7
6
19
13
12
13
18
10
9
5
19
20
17
12
19
9
10
14
11
8
19
11
10
9
10
13
20
11
12
8
11
14
14
18
13
19
12
5
15
17
16
19
9
9
5
10
17
11
12
8
12
10
15
16
18
14
20
13
17
9
5
7
5
13
13
20
7
11
5
16
19
15
17
16
15
10
20
20
9
15
11
11
16
19
9
11
6
15
14
17
19
7
13
6
13
16
14
19
8
14
17
6
9
11
5
5
15
15
8
18
19
12
15
16
15
9
8
6
14
18
14
17
19
14
13
14
12
17
7
8
8
18
6
15
6
15
19
10
16
16
7
14
8
10
16
15
18
5
5
6
19
16
13
20
8
20
13
7
9
6
17
10
15
16
14
17
20
18
5
6
10
5
10
13
15
17
5
15
16
16
8
5
12
18
19
19
10
18
5
8
12
9
20
18
6
17
15
7
10
12
17
17
6
7
8
10
17
9
7
9
17
16
9
11
17
15
8
5
17
16
13
9
14
16
8
8
20
11
17
7
17
6
16
20
11
12
11
11
5
10
14
20
14
15
16
15
10
14
19
19
6
7
12
19
6
5
20
19
17
8
14
9
15
6
10
7
18
13
9
8
19
13
18
9
14
20
5
10
16
9
14
5
16
13
11
14
12
15
17
11
6
15
13
7
15
5
7
17
17
19
11
10
19
8
11
15
9
6
15
20
11
7
15

24 36 52 64 89 112 128 141 158 170 191 203 225 254 272 289 307 330 346 374 401 412 422 435 465 484 510 539 560 586 605 616 646 672 689 702 716 744 763 785 803 814 830 848 874 884 905 930 955 978 1005 1034 1049 1078 1088 1106 1124 1143 1164 1187 1209 1225 1241 1252 1278 1296 1311 1324 1349 1378 1391 1414 1428 1445 1475 1492 1510 1524 1550 1578 1590 1620 1639 1650 1662 1683 1711 1732 1750 1775 1793 1803 1819 1839 1869 1892 1918 1942 1961 