100 100 6 
14
14
11
9
16
18
12
12
9
18
12
6
10
14
11
18
10
17
12
15
8
19
9
9
12
16
13
11
11
12
14
14
9
11
15
11
13
11
10
15
6
18
12
19
9
19
7
13
17
16
15
9
19
14
15
13
14
18
18
19
7
18
8
10
7
10
18
8
9
16
8
8
18
14
7
20
13
19
15
18
7
6
10
10
6
16
11
15
16
20
15
6
18
6
14
10
10
7
20
7

17 30 59 89 115 145 171 201 230 252 282 304 322 346 372 387 399 428 445 457 485 497 514 529 543 555 574 593 606 634 653 675 705 724 747 759 781 797 811 839 866 881 898 923 945 958 978 995 1020 1050 1072 1100 1115 1140 1168 1182 1196 1223 1248 1278 1295 1321 1343 1368 1385 1408 1436 1453 1479 1506 1527 1550 1564 1584 1605 1623 1646 1659 1671 1688 1707 1736 1755 1775 1795 1824 1854 1873 1899 1913 1931 1953 1970 1992 2020 2033 2052 2064 2081 