200 20 5 
19
17
6
15
8
13
15
8
18
16
5
6
8
18
16
18
10
6
8
5
19
11
10
5
11
6
14
15
17
15
7
6
7
11
10
10
13
10
19
13
19
18
20
18
9
12
14
7
10
13
5
5
8
7
16
5
9
17
15
5
19
5
16
12
20
9
18
10
5
16
11
19
15
17
8
13
15
8
20
8
6
12
11
14
20
17
14
11
6
14
9
15
13
18
19
17
18
19
7
6
7
7
17
19
15
6
10
15
16
16
8
12
8
11
16
8
14
15
13
14
11
6
5
19
8
14
10
14
9
17
14
7
11
7
11
20
10
10
18
15
6
10
19
12
7
18
12
10
14
11
5
7
14
15
11
9
11
17
11
11
18
11
18
20
9
8
19
14
8
19
8
6
9
16
12
15
11
9
9
12
13
12
14
14
9
19
19
10
15
19
15
15
20
10
10
6
10
18
15
11

21 42 68 81 98 125 151 180 205 220 250 265 289 312 326 351 381 398 408 