200 40 7 
12
18
7
8
12
15
14
16
7
16
11
12
18
13
18
7
14
20
10
19
20
17
10
13
12
9
8
8
7
7
15
8
13
14
13
11
13
19
16
16
11
11
17
17
17
18
10
13
20
13
16
20
11
7
8
12
18
13
15
13
19
11
15
16
20
7
18
17
10
9
8
18
17
18
15
13
12
18
11
18
12
20
13
8
10
14
15
9
19
9
8
9
19
10
15
9
14
18
8
9
8
19
9
8
9
7
15
20
17
14
15
7
11
19
8
12
9
16
13
12
9
12
7
8
11
11
11
17
16
18
7
17
18
13
20
9
9
11
17
7
13
7
12
14
18
9
20
16
14
18
11
20
8
13
7
12
8
13
17
16
20
16
18
15
11
7
8
18
20
18
13
13
16
12
10
11
19
16
8
8
17
17
14
9
7
9
13
14
18
20
16
16
18
15
10
19
20
14
9
16

20 46 63 88 116 144 168 189 218 235 249 276 306 322 344 361 388 407 433 457 478 496 525 547 573 592 617 638 668 698 726 748 769 799 822 837 867 884 908 