300 40 7 
12
15
18
12
17
14
7
18
11
14
8
19
13
15
19
14
12
10
15
12
17
10
16
10
12
12
15
17
18
10
17
9
14
19
13
15
13
16
14
7
8
20
17
16
17
18
14
19
12
11
11
7
11
11
8
9
15
9
8
7
20
8
16
13
16
10
10
18
12
14
19
19
13
10
16
12
9
18
14
16
17
8
10
19
17
18
11
13
9
11
7
10
12
19
20
9
16
17
14
12
7
8
20
20
19
12
18
17
9
14
17
17
13
19
17
17
12
13
13
10
12
18
11
12
8
13
11
16
17
19
16
19
16
10
9
16
18
14
8
16
14
16
20
11
12
20
18
7
8
19
20
18
7
9
12
15
20
14
16
13
15
8
11
15
11
9
11
12
13
13
12
14
20
13
11
13
9
20
20
16
18
20
12
15
12
18
20
8
7
16
12
8
19
12
8
11
12
10
16
17
16
13
9
10
18
7
7
7
8
20
16
17
9
8
12
17
11
11
10
16
15
11
10
20
13
13
12
18
19
12
15
14
10
13
9
12
7
20
14
18
19
15
15
12
7
8
14
20
14
19
19
7
12
20
7
19
8
9
8
9
16
18
9
15
7
11
10
8
11
17
15
9
20
19
14
12
17
12
15
16
13
20
7
10
14
7
8
8
8
9
8
8
14
15
17
14
13
13
11
8

20 44 71 85 108 126 151 178 202 228 246 267 292 312 329 355 372 391 405 428 452 467 484 505 535 556 573 601 617 644 669 683 702 723 745 773 801 826 840 