300 10 7 
9
18
12
17
17
17
14
16
8
17
20
17
10
8
16
13
13
15
11
16
14
17
18
11
14
17
11
9
10
8
8
7
18
17
10
9
20
11
15
20
18
14
14
10
14
19
16
17
19
17
8
13
18
8
8
20
18
10
14
11
11
15
11
11
14
14
13
7
18
20
13
17
20
7
9
10
18
12
13
9
14
10
15
16
12
12
8
12
16
20
9
15
8
20
13
17
11
15
11
13
16
10
16
10
8
16
14
20
11
8
9
20
18
20
15
8
20
17
16
7
7
11
14
13
9
9
14
10
13
20
13
10
15
12
15
18
17
13
11
17
15
15
18
17
13
14
20
14
10
16
14
20
9
13
11
8
20
16
11
18
12
14
18
11
7
20
7
15
20
13
20
16
17
12
18
17
18
16
10
16
10
17
13
10
8
19
8
11
19
19
18
14
14
17
14
17
20
18
20
14
11
8
20
12
12
15
17
10
17
7
18
17
11
14
15
7
8
15
17
17
17
17
14
15
16
15
17
9
11
14
14
16
8
8
17
16
17
17
18
9
18
14
13
19
16
7
14
20
14
16
18
11
14
16
15
14
11
15
7
13
11
18
20
16
16
12
16
8
8
20
14
8
14
11
9
18
17
12
19
11
18
17
13
20
12
15
11
18
10
13
19
16
15
7
14
19
12
16
17
7

19 35 49 68 88 104 122 149 170 