350 100 5 
7
9
18
11
17
16
14
17
18
14
17
7
9
9
19
20
6
11
10
6
8
16
17
16
5
14
8
12
9
5
12
7
19
6
8
13
12
8
12
18
9
9
14
20
19
18
14
13
5
15
15
13
6
13
18
7
8
20
20
11
16
7
12
20
7
9
14
18
16
19
19
11
11
20
12
13
9
8
5
8
17
11
7
10
19
16
16
10
11
13
6
9
8
10
10
6
13
10
10
17
7
8
10
18
16
6
20
11
20
18
13
11
18
10
10
20
5
17
18
16
20
18
6
15
7
5
15
20
11
16
6
17
7
16
10
16
16
8
13
20
10
8
16
15
16
18
16
5
5
9
17
17
12
11
10
6
5
17
17
8
10
20
9
12
9
18
9
14
18
17
15
18
19
19
5
13
18
11
18
20
11
16
20
20
11
15
12
5
12
5
11
9
17
13
12
9
5
7
17
18
15
10
19
11
9
11
20
11
17
14
7
9
15
13
19
19
8
7
20
19
19
10
18
15
10
20
6
16
19
6
10
6
15
11
16
9
18
7
6
18
5
19
8
12
9
8
6
5
13
10
8
10
17
8
16
18
11
16
15
9
10
8
10
16
10
11
14
19
8
16
18
11
6
17
12
5
16
11
6
19
16
17
18
17
15
6
12
10
13
11
15
12
20
5
11
10
8
18
6
17
17
14
16
13
11
17
11
12
13
11
10
19
10
19
9
16
5
13
14
15
8
10
15
17
7
20
5
10
16
10
15
11
5
8
9
15
14
10
13
9
8
19
11
14
19
9
6
15
11
20

19 31 47 75 103 113 129 153 170 200 230 250 270 287 299 322 341 353 371 399 410 427 437 454 470 496 526 543 571 586 603 615 637 654 676 691 713 736 762 780 791 806 821 850 878 903 931 946 967 983 993 1022 1034 1047 1062 1085 1104 1119 1130 1143 1157 1177 1201 1211 1222 1251 1280 1290 1319 1329 1352 1373 1397 1407 1437 1458 1473 1483 1504 1519 1540 1565 1590 1611 1634 1656 1680 1706 1723 1749 1773 1795 1812 1832 1856 1872 1898 1925 1941 