200 30 6 
13
14
17
12
9
17
16
18
20
14
13
19
14
9
7
8
12
8
16
18
10
20
16
16
19
17
10
10
20
8
18
12
14
15
17
7
15
13
15
14
9
20
9
15
12
17
20
8
10
10
9
15
11
12
9
13
17
12
20
13
12
11
15
20
8
19
17
11
7
8
12
16
19
10
15
16
16
20
16
7
8
8
11
6
19
16
12
15
17
16
15
16
19
20
7
16
18
20
7
20
6
19
18
14
13
17
17
9
12
11
6
20
13
14
10
14
19
18
8
7
11
20
20
6
15
6
16
10
6
14
16
20
9
12
11
10
16
14
16
16
19
19
13
11
15
17
6
10
19
8
6
8
20
7
19
9
16
16
20
11
18
6
12
17
12
20
17
17
14
12
12
12
19
17
19
6
15
12
18
8
13
19
13
9
13
15
8
13
18
6
12
13
13
8
15
18
19
12
15
13

18 42 58 76 101 118 146 162 191 220 242 265 285 314 341 371 399 412 442 468 481 503 518 538 557 575 587 612 632 