300 100 7 
9
13
12
14
10
20
9
14
13
16
10
19
20
7
14
12
17
19
11
19
12
14
12
7
18
10
17
14
17
8
7
12
18
20
18
19
16
11
11
9
17
19
19
8
16
10
16
7
13
20
11
11
17
12
12
18
15
8
13
7
11
8
14
19
15
10
8
16
7
15
19
16
12
7
9
13
7
12
19
11
16
11
19
9
8
9
12
14
14
15
20
12
9
16
20
8
15
10
13
11
7
7
7
19
12
10
13
7
15
17
12
16
11
8
9
11
16
18
11
11
17
14
16
14
19
10
11
11
11
19
10
8
16
15
10
16
19
10
18
8
7
14
8
10
19
20
15
8
14
14
16
11
7
16
10
12
11
20
15
20
10
10
9
14
12
19
12
19
8
14
8
20
12
17
14
7
18
19
15
8
7
15
15
17
8
14
9
15
18
18
14
18
15
15
10
19
7
20
16
12
11
10
18
14
10
14
16
17
20
7
13
16
12
16
12
7
16
17
9
19
14
8
17
15
13
17
9
9
13
17
19
18
8
13
19
12
13
8
8
19
8
20
13
11
19
7
16
20
10
16
15
7
19
19
9
18
18
8
10
10
13
9
15
17
14
16
11
13
12
11
9
15
8
12
9
8
16
18
12
11
13
9
15
7
12
9
13
17
10
8
11
18
10
13
11
13
16
16
11
7

27 54 82 110 127 148 165 186 203 231 253 279 297 327 350 374 392 416 438 460 479 496 520 543 560 589 617 632 659 686 703 732 748 773 793 807 824 849 871 893 914 930 952 967 981 1009 1034 1054 1079 1102 1125 1149 1166 1196 1218 1244 1265 1289 1312 1340 1368 1382 1404 1433 1450 1474 1504 1533 1557 1579 1598 1622 1646 1663 1686 1704 1719 1735 1757 1780 1806 1829 1855 1881 1906 1925 1943 1961 1975 2005 2024 2053 2071 2093 2115 2140 2159 2185 2207 