200 10 7 
10
16
16
19
19
15
19
16
10
20
15
17
19
18
17
18
11
15
18
9
9
8
18
15
8
16
19
9
17
14
8
13
14
13
13
19
20
14
14
10
7
8
11
9
20
10
8
10
8
18
14
8
12
11
8
15
14
16
9
17
11
12
15
19
13
8
18
8
11
9
17
15
13
9
20
18
11
15
8
18
7
7
8
10
7
9
15
17
17
16
13
14
17
7
11
11
9
14
12
8
18
9
15
19
17
13
20
13
17
12
13
9
9
12
18
13
9
19
10
18
12
12
9
10
7
16
14
17
14
15
10
13
19
20
7
15
14
14
17
7
16
18
17
9
12
20
7
20
8
10
13
9
20
7
9
20
13
16
12
14
20
9
8
19
8
18
9
7
8
17
16
7
8
7
13
9
18
17
15
15
11
16
14
9
9
15
10
10
18
17
8
19
12
15
18
14
11
7
9
8

19 49 67 91 113 133 159 175 193 