200 30 5 
8
5
18
14
18
14
12
15
17
12
20
15
6
7
19
19
8
15
8
16
16
19
7
6
5
17
19
13
11
14
15
14
8
8
18
5
7
10
9
6
17
16
18
14
8
12
6
10
5
8
5
14
5
13
9
15
16
19
20
17
11
10
11
9
14
9
8
10
7
5
10
18
16
20
16
10
15
17
6
9
13
19
14
11
10
10
18
17
15
10
9
8
19
11
9
14
18
15
12
18
10
6
6
12
8
15
6
13
19
16
11
8
7
7
9
16
6
18
11
20
9
12
11
9
13
9
16
7
12
20
8
7
8
6
6
11
16
10
13
14
12
15
14
13
11
14
14
6
16
12
12
16
8
18
17
12
15
11
9
11
20
14
17
16
10
13
18
7
16
13
13
5
19
7
7
18
18
14
6
5
18
18
12
14
19
20
20
10
19
11
11
18
18
6
18
5
6
19
17
8

27 56 84 94 120 146 165 177 195 225 237 247 262 284 312 331 351 381 399 422 435 459 475 487 509 520 541 556 567 