350 100 5 
19
16
8
20
6
13
19
6
11
18
11
20
12
14
9
7
15
18
7
14
5
8
7
20
18
7
7
15
15
5
19
10
13
12
12
6
11
16
7
13
9
15
9
7
13
10
18
16
6
20
7
9
16
8
5
13
8
16
19
8
16
19
7
19
20
14
11
19
14
7
17
19
7
13
5
15
16
20
19
19
16
16
8
18
14
16
13
11
17
13
17
9
5
19
6
11
18
15
15
19
8
9
9
18
13
20
8
20
11
20
18
8
19
15
18
19
6
7
6
5
6
7
10
12
8
12
8
8
13
6
16
15
17
15
5
17
19
11
8
14
6
17
9
7
8
9
11
19
17
6
8
19
14
6
5
8
15
7
6
19
13
12
5
13
17
17
15
8
16
11
15
6
11
20
16
8
7
5
13
10
7
20
11
13
19
17
10
5
19
11
7
20
12
9
6
6
15
6
14
15
14
12
5
18
16
20
14
20
7
12
15
16
16
10
8
11
11
17
17
11
12
17
20
20
17
20
11
19
20
6
11
14
19
5
17
11
15
10
11
17
18
5
10
12
20
16
6
5
15
13
19
17
17
17
19
9
19
5
13
10
8
11
12
13
8
14
11
10
14
13
15
8
14
9
5
8
10
13
14
20
7
14
7
17
12
18
14
12
11
6
19
5
19
10
11
5
5
16
11
5
5
6
19
18
20
16
8
12
12
9
6
14
11
11
6
19
19
13
13
6
17
12
5
10
13
14
16
12
17
19
9
6
14
12
14
5
12
17
11
14
16
13
8
12
18
13
7
13
15
9

21 31 54 69 83 113 129 151 168 194 211 233 255 284 305 326 345 370 392 413 436 452 478 502 528 541 565 591 601 611 627 643 672 695 707 724 739 751 776 791 821 842 859 878 906 925 938 960 981 999 1016 1038 1064 1090 1102 1132 1143 1161 1183 1209 1236 1260 1288 1317 1341 1363 1390 1401 1431 1446 1474 1503 1517 1544 1554 1569 1584 1600 1626 1656 1669 1695 1720 1750 1764 1782 1799 1824 1834 1864 1878 1894 1924 1940 1955 1982 2002 2027 2054 