20 100 7 
17
11
13
19
15
8
12
16
11
9
16
17
20
19
17
16
17
18
16
13

24 52 78 101 120 135 150 169 185 201 215 238 257 283 311 335 349 369 397 416 443 466 489 503 532 549 571 593 613 641 656 673 690 712 737 756 780 801 825 852 872 898 922 951 971 999 1020 1043 1063 1091 1110 1129 1151 1167 1192 1207 1223 1251 1276 1306 1333 1359 1383 1405 1423 1439 1453 1470 1488 1507 1525 1547 1575 1599 1629 1644 1671 1687 1712 1740 1764 1786 1812 1837 1851 1880 1907 1933 1949 1966 1995 2020 2048 2067 2092 2113 2133 2153 2175 