30 150 6 
11
10
19
8
19
12
13
13
9
15
13
16
18
11
8
7
20
12
7
15
9
11
20
12
19
6
6
19
6
7

12 33 59 71 91 106 125 151 180 201 230 253 267 288 318 346 367 386 406 432 448 473 488 508 536 556 583 606 636 648 672 693 709 734 755 779 794 809 837 853 880 907 936 958 982 994 1011 1036 1062 1074 1104 1120 1139 1157 1174 1203 1229 1247 1265 1288 1301 1314 1326 1355 1380 1410 1422 1439 1452 1477 1504 1516 1533 1552 1565 1595 1622 1647 1668 1696 1723 1736 1749 1762 1775 1802 1817 1842 1864 1879 1899 1926 1955 1972 1997 2018 2041 2054 2076 2102 2119 2133 2158 2179 2206 2236 2255 2276 2300 2329 2356 2379 2396 2410 2430 2453 2473 2501 2515 2537 2550 2573 2586 2615 2632 2645 2665 2682 2696 2726 2750 2775 2798 2827 2856 2871 2887 2900 2918 2939 2956 2979 3005 3025 3042 3072 3090 3120 3135 