30 150 6 
20
16
17
20
12
11
14
15
20
8
20
11
12
14
15
16
9
11
7
13
20
10
17
13
16
11
13
11
6
17

17 45 68 81 102 131 147 170 192 208 221 237 251 281 302 325 338 364 385 403 421 444 469 492 515 543 564 592 618 645 672 696 709 729 753 778 790 819 838 868 893 912 934 950 978 1005 1025 1044 1073 1086 1102 1129 1143 1164 1189 1213 1233 1255 1284 1296 1318 1348 1364 1384 1402 1418 1445 1464 1494 1523 1544 1572 1592 1604 1630 1658 1679 1694 1711 1736 1757 1781 1803 1828 1843 1868 1889 1915 1937 1958 1982 2003 2017 2033 2056 2070 2082 2101 2118 2145 2169 2196 2225 2238 2262 2274 2294 2306 2321 2349 2375 2403 2419 2448 2469 2481 2506 2525 2541 2567 2592 2621 2633 2647 2676 2706 2723 2744 2763 2783 2804 2822 2838 2862 2882 2901 2913 2931 2956 2979 3006 3032 3057 3076 3091 3110 3136 3152 3169 