20 100 6 
9
11
14
11
10
10
10
17
13
18
18
10
18
8
10
19
14
19
20
8

15 39 68 87 108 138 151 177 193 212 228 249 271 285 302 332 351 368 386 411 434 451 464 491 513 528 558 576 588 609 626 652 672 702 723 747 768 796 821 833 845 866 884 903 918 948 963 977 995 1008 1027 1053 1072 1085 1111 1124 1153 1176 1195 1216 1245 1266 1291 1312 1341 1360 1389 1414 1430 1459 1480 1493 1514 1543 1566 1589 1606 1624 1639 1656 1672 1695 1714 1728 1749 1768 1785 1805 1822 1838 1868 1896 1914 1929 1956 1984 2006 2026 2046 