350 20 7 
9
18
18
13
16
11
8
14
8
13
13
8
10
16
16
9
16
7
16
19
15
10
15
7
13
12
8
14
7
10
16
9
20
12
13
8
14
15
15
11
15
12
7
14
9
20
20
12
13
7
15
20
18
15
20
14
11
18
9
19
18
16
8
9
15
17
19
17
13
18
15
8
11
8
13
7
14
14
12
9
11
17
8
8
17
11
14
9
18
15
10
8
20
10
18
17
8
18
7
18
15
19
12
17
8
19
19
11
14
15
15
20
19
13
14
11
12
18
16
20
7
8
7
9
14
9
12
9
17
12
18
7
19
7
8
14
9
7
7
15
7
15
12
11
9
7
9
15
17
8
7
10
10
17
17
15
13
20
13
15
16
15
13
17
20
14
10
11
12
11
20
13
15
10
10
18
14
18
10
15
8
8
8
13
19
11
20
18
19
8
10
17
18
20
12
14
10
8
19
11
17
19
19
18
7
13
13
13
15
7
7
17
9
17
15
20
16
12
17
17
14
12
19
9
11
18
8
13
11
8
20
12
7
20
12
11
10
12
11
18
9
18
7
8
14
16
16
19
12
8
19
14
18
7
19
17
9
8
16
8
7
20
7
19
17
12
14
10
16
14
11
15
14
7
7
19
13
16
7
15
8
9
12
16
19
8
7
15
17
13
16
8
7
17
8
9
8
16
20
13
13
18
16
18
12
19
17
20
17
9
9
16
16
16
19
9
16
17
13
7
12
20
18
8
12
16
9
8
12
19
12
8
13
16
11
9
9
18
10
17
17
13
17
14
14
15
19
16
10
9

18 33 54 71 95 116 132 156 185 203 220 234 248 270 288 307 330 345 370 