350 10 6 
20
19
17
9
17
8
19
6
19
16
6
16
20
13
8
7
7
11
14
9
7
15
17
17
16
7
17
18
12
7
7
19
19
6
14
16
9
14
18
9
6
7
12
15
10
20
18
18
16
8
7
6
13
16
18
8
13
7
17
16
12
9
16
12
10
15
8
16
6
6
17
18
15
20
20
7
15
14
16
12
13
6
20
19
7
8
11
19
10
8
13
9
7
14
11
18
17
19
11
7
13
18
10
6
11
18
20
10
10
19
18
14
14
17
10
15
6
11
6
15
17
10
10
12
11
16
16
17
17
6
12
10
18
9
10
16
14
14
20
20
20
12
9
7
18
18
20
8
14
20
13
13
7
9
9
16
20
16
12
11
16
14
7
20
10
12
12
6
8
12
20
20
9
18
6
9
15
15
9
15
19
20
20
9
8
15
8
14
16
16
15
15
11
6
16
6
17
20
16
10
9
20
18
10
9
19
16
16
17
16
18
10
15
6
14
14
20
13
16
19
13
7
7
17
6
17
13
20
18
16
10
12
19
14
16
8
17
11
11
14
16
19
15
11
17
6
15
10
16
7
9
14
20
7
20
6
14
15
19
7
8
17
15
17
7
12
12
15
7
15
15
11
14
8
6
19
16
10
9
9
7
14
6
17
11
16
15
7
14
18
16
19
14
9
6
8
17
14
9
16
13
16
7
16
10
14
9
20
17
8
16
9
16
9
17
18
6
11
7
6
11
13
9
20
15
11
20
9
15
17
13
18
13
6
19
15
6
9
10
7
13
8
17
8
11
13
11
6
14
17

16 38 67 97 118 139 152 172 185 