350 100 6 
7
17
13
17
6
9
11
8
17
6
16
16
7
13
18
13
9
16
8
13
16
15
17
8
7
15
13
14
8
8
13
12
7
13
15
17
6
18
7
19
17
9
11
9
10
13
11
17
11
8
14
20
9
11
11
11
16
10
8
10
17
7
12
10
18
9
13
7
10
20
17
16
14
7
20
8
7
11
7
9
19
18
15
10
20
16
16
6
20
7
15
13
14
19
15
19
17
19
15
8
14
17
18
15
14
14
14
8
8
13
14
18
7
17
6
6
12
6
10
7
16
16
15
19
6
9
19
6
9
17
13
16
16
16
8
11
13
17
9
6
15
18
12
12
14
6
19
16
12
17
19
7
16
13
11
10
10
18
7
11
10
19
15
8
18
17
16
7
14
15
20
20
17
14
10
8
15
11
13
15
14
18
18
18
9
16
17
14
17
20
6
13
19
7
6
11
20
17
7
16
8
11
15
8
15
16
19
12
6
12
10
20
15
18
18
19
7
6
11
17
16
15
14
18
13
13
15
7
17
9
13
12
15
13
12
19
6
17
8
14
20
18
12
14
8
7
19
15
8
6
19
18
13
15
11
6
10
13
9
18
17
12
13
6
9
17
14
12
15
14
15
15
16
13
15
12
7
9
7
12
16
19
7
12
20
10
9
14
8
10
11
19
8
8
11
17
19
9
12
9
18
9
20
8
15
15
16
13
13
13
7
10
16
9
6
17
6
17
10
12
8
11
18
19
12
7
13
12
11
20
15
18
15
11
7
18
13
19
8
11
10
10
10
8
12
12
9
9
6
11

29 43 71 96 114 136 159 173 186 201 216 239 267 285 313 336 359 377 400 430 442 466 493 519 540 561 579 606 621 649 672 697 714 730 750 779 800 822 851 877 895 912 936 949 972 1001 1021 1037 1054 1079 1093 1108 1131 1143 1167 1191 1205 1217 1234 1254 1281 1293 1308 1326 1350 1370 1391 1409 1429 1446 1472 1488 1511 1532 1549 1579 1592 1604 1629 1641 1657 1679 1692 1721 1747 1764 1784 1811 1823 1840 1868 1883 1904 1926 1951 1964 1982 2003 2028 