350 40 7 
14
18
15
9
12
15
16
18
8
13
17
16
7
19
17
7
9
10
7
11
18
20
18
7
7
15
19
16
10
16
18
12
8
19
8
8
14
16
15
8
14
14
19
18
14
11
16
18
18
15
16
11
7
14
16
13
9
11
20
12
12
17
19
14
16
17
11
19
20
10
13
19
8
16
19
11
8
20
15
16
15
12
18
19
19
20
13
10
16
16
19
9
19
18
13
20
18
10
10
9
17
9
14
8
7
7
12
13
8
13
18
18
7
13
15
17
12
20
17
19
17
9
14
15
12
10
11
16
7
10
13
8
7
20
14
17
12
16
10
19
12
8
8
19
19
12
13
19
11
18
10
20
9
16
15
8
12
15
15
9
7
11
16
7
12
14
9
8
14
8
10
12
19
8
15
8
20
8
18
18
7
16
14
19
9
20
14
15
18
14
8
19
7
17
13
16
9
19
11
7
13
17
10
16
18
14
8
16
20
18
15
20
14
20
17
7
16
20
15
7
9
10
8
10
14
12
15
17
14
18
16
15
10
10
13
17
12
10
8
14
10
9
14
11
18
15
7
18
17
20
9
11
8
7
9
13
7
20
19
9
14
20
17
12
8
7
19
10
16
19
7
10
18
13
8
8
20
16
16
14
15
17
14
15
19
16
9
20
13
7
7
20
16
15
13
8
14
15
19
9
9
13
15
14
20
20
12
19
7
10
13
12
14
9
16
7
17
16
16
7
19
20
10
10
11
18
8
10
19
13
17
20
8
13
13
12
11
18
16
8
15
19
18
10
7
11
19
15
19
13

28 53 81 107 124 138 163 179 196 216 241 263 292 311 335 362 388 408 423 441 468 483 507 533 548 566 584 603 621 642 663 687 711 729 758 776 799 820 849 