200 20 5 
12
10
13
20
14
14
19
19
5
13
16
17
12
18
15
12
12
5
9
20
14
13
11
7
15
18
6
13
18
8
8
17
10
9
12
17
7
18
13
8
16
17
17
10
19
13
20
16
9
6
18
5
13
15
9
15
14
9
13
18
19
18
14
17
15
14
8
7
6
20
10
6
14
13
9
14
9
8
5
15
18
18
11
18
6
20
13
5
5
13
16
6
8
17
20
18
6
18
9
14
18
15
16
6
7
10
15
20
7
14
10
19
15
16
14
20
15
5
15
17
10
5
5
16
9
14
18
11
20
12
7
14
19
8
8
16
18
15
13
5
20
20
11
19
9
8
18
19
19
9
7
11
5
9
5
10
13
16
16
19
20
5
11
14
19
9
10
11
8
20
10
9
9
20
16
6
8
19
15
7
8
8
14
10
15
17
9
10
13
16
6
19
12
19
11
7
8
9
15
17

10 25 44 72 90 101 125 147 172 189 218 234 253 283 300 325 355 382 396 