200 100 5 
13
5
19
10
18
7
17
5
16
12
16
5
20
17
16
14
20
17
11
13
6
13
13
16
17
17
6
8
18
5
13
14
15
17
7
20
17
20
9
13
13
7
10
15
19
13
12
8
11
14
13
15
13
20
9
12
16
6
18
11
6
19
18
13
6
17
16
16
9
7
18
16
8
7
18
13
6
16
20
15
11
19
7
7
16
20
9
8
18
20
16
6
17
13
7
14
8
13
5
6
18
6
5
6
10
5
17
7
19
18
15
11
10
7
17
14
9
5
8
11
14
19
9
18
11
9
19
8
14
12
15
15
20
10
9
8
10
8
14
6
20
10
6
5
17
20
20
11
15
14
12
13
11
13
5
5
12
16
15
19
17
7
6
18
7
11
7
13
15
10
18
17
16
18
17
20
9
16
8
6
9
9
14
7
19
8
11
9
12
9
18
8
7
7
17
7
19
17
6
13

13 43 64 91 114 129 144 161 175 202 230 247 275 301 327 340 368 387 409 419 441 470 483 500 525 548 559 570 583 598 616 631 650 666 677 707 731 758 774 789 812 837 864 881 891 918 929 947 962 988 1012 1037 1048 1070 1095 1118 1140 1152 1179 1203 1218 1235 1258 1283 1309 1338 1364 1384 1414 1426 1440 1458 1482 1493 1504 1530 1554 1570 1594 1621 1636 1661 1677 1698 1726 1753 1783 1805 1826 1842 1864 1881 1902 1913 1935 1958 1983 2013 2040 