350 20 7 
12
20
15
20
20
16
15
7
8
18
19
19
15
17
15
9
19
16
15
9
19
15
19
10
19
15
18
19
13
11
8
18
16
16
7
12
12
18
17
7
20
8
16
20
8
11
12
19
10
9
12
20
15
8
12
15
17
12
8
19
13
13
12
19
16
12
7
17
18
13
11
14
14
7
16
12
20
12
15
9
18
8
9
14
14
17
11
20
9
7
20
14
11
19
14
14
9
20
20
16
9
11
9
10
11
11
10
19
19
20
10
7
20
19
13
14
9
15
11
17
10
8
19
16
12
7
15
7
8
14
20
15
13
7
8
8
10
19
9
12
12
11
14
20
18
14
20
14
14
13
14
9
19
14
7
19
19
12
20
8
8
10
13
20
17
7
19
19
9
12
17
15
19
19
13
19
11
13
12
20
13
13
10
17
9
16
15
16
7
13
13
20
18
16
11
13
13
9
8
8
9
10
9
10
11
17
11
20
12
18
14
19
15
14
7
7
15
7
19
10
11
18
19
19
10
18
18
15
15
8
7
20
19
16
15
15
20
10
14
13
12
17
13
14
14
20
17
19
14
7
11
15
16
18
7
19
15
19
13
19
9
17
12
10
10
14
19
7
11
14
14
18
20
20
15
13
13
13
14
10
11
13
11
9
14
14
12
16
12
14
20
11
11
20
19
15
9
14
15
12
13
12
11
9
17
18
9
12
20
7
16
14
16
11
9
19
20
20
15
15
14
16
19
19
16
18
19
12
11
8
11
20
17
13
11
12
16
20
13
9
15
11
13
13
8
15
19
17
8
13

29 58 78 94 110 130 144 170 192 220 245 267 292 308 332 347 365 384 411 