200 20 7 
14
15
12
14
8
17
10
11
13
7
19
20
8
16
18
16
8
20
20
7
13
12
8
13
7
15
8
10
19
11
16
20
8
17
15
16
10
10
14
16
13
20
18
19
20
15
10
16
14
13
7
17
16
19
13
8
20
17
18
10
15
18
9
12
16
19
8
10
19
19
13
8
13
8
14
7
15
7
10
11
12
18
8
7
12
16
14
7
13
10
18
13
18
12
12
18
10
20
17
13
14
10
14
18
14
15
7
19
7
12
7
16
11
10
15
18
7
15
7
8
9
11
19
18
14
14
17
12
15
19
10
12
10
11
11
12
8
18
11
11
15
13
13
12
14
9
10
16
11
16
14
9
19
10
9
18
16
16
19
15
9
12
18
10
7
10
10
16
15
17
9
8
10
20
20
20
18
10
19
13
11
10
7
17
19
18
18
16
8
10
12
7
10
14
11
10
11
20
14
15

29 50 78 92 118 143 170 197 225 243 257 276 295 320 341 370 387 417 436 