300 50 7 
7
17
15
16
11
16
14
19
19
16
18
14
20
18
11
19
10
8
10
18
13
16
19
7
14
11
19
13
11
7
20
8
13
15
19
9
13
14
20
11
19
19
11
13
10
17
11
19
8
7
9
17
9
14
17
8
15
8
20
20
13
17
8
13
10
7
12
16
10
18
20
10
11
18
11
14
14
15
19
18
15
17
8
9
16
17
18
20
15
15
17
11
20
7
20
19
13
10
20
8
10
11
17
17
12
7
8
7
17
7
17
16
13
11
13
10
12
10
9
20
14
16
16
16
11
12
8
16
9
17
8
17
7
7
17
8
8
20
20
13
19
17
13
18
19
11
11
11
7
7
20
8
11
14
13
17
9
11
8
8
17
15
16
19
8
14
17
7
12
14
15
7
9
20
17
18
20
20
12
13
14
19
19
9
20
20
12
18
11
16
20
11
14
11
9
10
13
7
19
9
15
10
20
15
7
15
11
18
17
19
11
16
12
17
8
9
18
10
18
15
15
12
17
17
18
7
15
19
15
17
15
20
20
20
7
17
12
20
17
10
9
8
14
18
19
15
11
8
19
15
13
10
8
13
15
11
14
15
15
14
18
7
17
10
16
9
19
17
11
18
20
9
19
11
16
17
17
8
10
13
12
11
15
7
20
12
13
16
8
18
13
17
16
8
16
18
9
18
19
9

14 38 65 90 117 145 167 192 216 230 253 275 302 332 357 375 402 426 440 460 486 508 523 550 578 603 628 652 680 705 719 734 750 778 802 825 845 866 894 919 933 955 975 997 1014 1034 1059 1076 1098 