300 40 6 
6
6
16
9
11
14
14
15
9
17
12
15
15
17
12
9
9
10
6
9
11
12
10
12
15
7
15
14
16
14
14
11
7
11
16
18
17
18
16
16
15
15
14
9
16
12
8
15
7
11
16
19
17
15
20
15
12
15
13
18
6
13
14
18
15
9
12
10
13
16
9
9
19
15
6
19
20
18
19
17
9
8
8
9
7
13
12
20
16
12
8
6
10
14
14
18
20
14
18
20
12
11
13
10
9
10
7
17
13
14
18
8
13
6
13
18
6
18
11
20
20
11
13
12
17
13
11
10
13
16
14
10
17
17
6
11
17
16
8
7
19
7
20
12
14
7
8
11
14
6
8
16
19
13
9
14
15
10
8
18
10
16
19
12
15
17
9
20
10
12
13
12
14
7
13
7
9
6
9
9
16
20
9
16
8
8
17
6
16
16
18
9
19
20
9
9
19
19
16
17
17
16
13
17
20
10
20
16
8
7
9
20
7
9
12
15
17
16
20
19
15
17
12
11
11
19
8
19
15
16
18
11
20
11
7
16
16
19
15
8
15
6
17
14
16
13
15
15
9
8
16
14
7
15
19
15
20
20
17
14
14
12
9
11
12
9
14
15
14
11
6
12
15
18
19
10
19
19
17
11
17
12
12
7
12
11
18
14
12
15
15
18
10
16
19
7
15
10
12
6

20 44 56 75 88 106 123 144 160 189 214 226 250 276 294 319 336 348 375 390 417 438 451 476 498 514 534 555 583 608 635 651 680 701 724 744 765 795 824 