200 40 7 
20
11
20
12
19
13
8
19
12
20
12
11
16
7
13
18
8
13
18
11
16
11
10
8
9
16
19
14
16
20
7
14
8
10
18
20
17
20
10
15
11
9
9
15
9
14
18
8
9
12
12
14
11
12
19
9
11
10
8
16
11
11
14
12
18
11
10
15
17
7
20
9
7
14
8
16
13
11
14
20
13
18
20
17
13
18
7
19
13
7
7
9
15
17
12
11
14
8
11
18
14
11
13
7
18
12
10
18
16
7
18
18
8
7
20
16
10
8
12
20
10
10
14
10
19
15
12
19
10
16
8
11
8
20
13
15
20
14
12
12
15
11
8
18
12
20
11
17
10
19
7
14
16
7
16
15
15
10
19
15
15
11
11
9
11
11
19
18
18
15
9
18
20
17
13
11
16
18
20
20
13
18
13
19
19
11
14
8
11
11
17
19
8
14
17
8
14
11
16
15

26 56 76 93 107 137 155 173 197 220 245 263 293 313 341 365 380 400 421 436 452 469 489 514 541 561 583 608 624 647 673 692 711 739 753 781 795 824 838 