200 30 6 
20
10
20
18
20
16
6
15
11
12
6
11
15
13
20
6
19
11
11
20
11
16
13
6
10
18
13
18
8
17
11
18
6
8
12
9
11
15
16
19
20
8
13
7
16
14
12
16
6
20
14
20
20
18
9
16
13
13
11
19
8
13
6
11
7
19
20
16
17
7
15
7
20
17
14
6
16
18
17
17
18
15
10
13
6
18
13
18
19
15
16
8
16
14
17
10
18
14
17
9
12
10
18
9
12
17
14
10
20
8
10
7
12
12
12
10
20
9
19
14
12
16
9
12
8
6
10
6
8
20
8
16
7
13
12
18
18
15
12
10
19
19
16
17
14
14
19
13
18
8
20
8
11
15
18
19
18
9
19
10
7
12
17
14
14
10
20
20
16
8
7
8
8
11
13
14
9
7
16
12
6
19
13
15
8
16
10
12
11
6
14
12
7
17
9
20
12
9
8
16

24 49 64 90 106 135 163 179 207 221 249 275 296 326 347 361 381 395 410 426 450 464 482 495 509 536 560 580 600 