300 10 5 
16
6
6
13
20
17
16
12
12
15
15
5
16
12
13
11
16
7
14
15
10
20
9
17
16
14
6
20
8
17
8
18
6
7
13
15
7
16
19
18
15
8
13
17
6
20
7
13
15
13
6
14
9
16
20
16
9
5
10
14
7
15
14
13
8
19
16
13
12
12
16
11
9
14
18
10
8
10
20
20
14
18
15
12
14
14
12
5
12
13
9
8
5
16
12
18
14
19
8
12
10
13
14
16
16
11
5
8
12
8
12
8
5
15
16
15
15
20
10
10
18
16
10
11
10
11
10
8
16
15
12
6
9
11
5
7
14
5
14
18
12
20
9
18
12
12
17
17
5
11
5
7
17
20
6
13
14
10
15
7
6
15
5
18
17
13
14
10
9
5
7
16
14
7
17
9
11
17
11
10
9
11
6
18
18
18
5
9
9
19
19
8
8
11
10
9
10
12
17
17
10
19
5
10
12
8
12
6
11
6
6
16
18
11
20
5
14
18
14
20
19
15
15
18
15
11
20
17
12
17
5
18
10
7
19
8
12
17
19
15
18
18
9
13
7
5
9
8
12
12
9
8
20
6
11
14
17
6
10
5
15
17
19
7
16
9
7
19
8
8
13
14
9
14
13
8
18
15
10
17
19
7
15
12
5
16
14
18
8
5
5
10
12
7
19
7
19
16
9
19

30 54 71 98 120 135 157 175 203 