30 100 7 
16
17
11
10
19
13
13
17
16
7
17
18
18
12
14
10
20
7
15
13
7
9
17
13
9
10
12
14
9
10

28 56 72 93 117 142 163 177 191 208 236 253 273 300 321 346 361 376 394 424 438 457 471 496 523 542 564 589 618 648 666 685 699 729 752 771 790 805 824 841 863 882 899 929 950 970 994 1013 1041 1060 1086 1112 1136 1154 1181 1200 1217 1236 1253 1272 1300 1315 1340 1368 1398 1427 1448 1469 1496 1521 1545 1561 1578 1608 1634 1657 1682 1712 1733 1750 1767 1787 1813 1834 1853 1878 1903 1918 1944 1968 1988 2014 2032 2059 2089 2107 2124 2143 2162 