300 100 5 
18
8
19
9
6
5
10
5
19
10
6
14
20
8
9
12
11
7
8
7
6
17
10
5
18
15
17
17
13
16
12
13
17
17
11
9
13
10
5
20
6
5
7
17
14
20
14
14
19
19
7
18
12
12
20
5
16
10
18
5
7
16
9
6
20
10
20
9
20
20
17
16
16
10
10
16
9
16
6
8
5
19
10
17
20
15
20
7
9
19
9
8
5
18
13
10
6
11
19
17
16
11
6
17
10
17
8
17
13
18
8
17
8
15
9
13
7
20
16
19
5
18
14
17
16
15
16
18
12
12
19
11
11
7
12
16
11
18
7
13
16
20
13
18
20
15
12
14
12
18
18
15
13
15
9
9
15
15
10
6
16
5
11
12
12
16
10
5
12
5
15
11
12
13
13
18
17
11
10
11
11
16
16
6
8
18
18
7
10
11
18
13
9
14
18
15
11
15
10
7
19
19
10
20
8
5
16
10
8
11
12
13
13
8
18
14
14
20
16
5
9
9
17
15
16
15
17
10
17
10
18
15
10
18
14
15
13
20
14
18
16
7
10
11
9
17
18
16
8
11
13
8
5
18
15
6
11
16
16
5
5
11
11
20
9
11
20
5
18
18
14
17
18
7
12
14
7
19
6
19
13
16
15
10
5
15
20
7
5
9
7
9
15
8
13
15
6
7
20
13

28 53 66 90 115 130 154 169 198 214 235 252 279 297 312 342 366 377 391 410 435 454 483 496 511 538 553 577 593 618 630 648 667 689 716 743 755 774 795 823 841 862 883 895 907 928 953 965 980 992 1021 1047 1074 1084 1099 1118 1128 1142 1156 1185 1209 1232 1249 1262 1272 1295 1305 1331 1353 1370 1387 1411 1436 1466 1491 1516 1527 1554 1580 1592 1610 1626 1648 1661 1687 1704 1720 1742 1759 1770 1782 1801 1816 1830 1845 1872 1895 1924 1948 