350 40 7 
16
15
17
9
14
11
17
14
9
7
10
14
8
9
12
12
7
12
20
8
12
7
15
19
17
7
20
18
8
19
15
8
9
16
14
19
18
14
15
20
12
20
9
7
15
10
10
13
17
18
14
12
10
19
12
7
12
10
15
9
15
15
9
18
17
7
7
14
7
20
10
17
18
8
19
15
15
15
18
19
13
7
20
8
13
15
17
14
19
16
13
12
7
13
19
12
10
20
11
10
20
8
10
11
18
16
16
14
12
11
16
19
20
17
11
20
8
16
16
8
18
13
9
18
11
7
17
20
12
10
18
18
9
15
10
12
11
18
19
20
15
13
8
13
9
10
12
7
16
11
7
10
12
10
15
15
19
20
18
18
14
20
15
20
11
9
8
8
15
20
10
10
13
9
11
8
13
11
7
9
19
17
10
7
19
18
8
7
8
7
16
13
16
7
8
16
14
16
14
20
14
19
8
13
19
17
19
14
9
13
19
9
13
10
19
12
16
11
20
8
10
20
12
15
19
13
18
15
20
13
15
18
19
16
12
11
10
15
15
19
20
9
10
7
9
12
18
11
18
12
13
7
17
10
9
16
18
20
18
17
19
7
13
20
20
17
10
18
12
7
18
10
17
19
20
17
19
8
10
8
16
10
7
11
12
9
7
11
19
18
17
8
9
19
9
8
14
13
10
14
11
15
14
13
17
19
9
8
20
13
19
8
13
7
14
14
14
14
16
11
10
9
20
7
9
15
20
19
18
17
15
12
12
19
19
17
8
10
20
18
17
15
20
16
19
12
13
8
8
8

15 36 63 85 109 130 145 172 198 220 239 260 289 310 329 346 361 388 403 426 446 463 487 516 532 551 581 608 626 644 670 698 717 737 757 774 788 810 830 