20 100 5 
14
15
10
13
10
19
7
16
9
19
16
12
20
20
6
11
16
9
18
6

29 51 61 89 112 132 146 171 198 228 242 254 271 292 302 312 329 351 367 381 395 422 441 460 471 483 498 509 523 553 569 584 607 623 646 673 701 713 728 742 771 791 815 836 853 875 894 905 924 943 961 990 1015 1035 1058 1080 1095 1122 1140 1154 1182 1197 1211 1222 1238 1254 1269 1298 1309 1327 1352 1364 1386 1396 1419 1444 1455 1468 1488 1506 1533 1555 1576 1591 1608 1636 1656 1685 1709 1733 1749 1778 1793 1822 1848 1865 1879 1896 1916 