350 10 5 
8
19
12
20
17
13
5
11
12
12
20
17
12
8
7
19
6
5
18
16
20
20
13
5
7
15
14
9
16
5
8
11
17
18
20
8
15
19
14
18
10
9
20
13
17
12
11
12
16
17
19
11
11
15
11
14
15
14
7
10
7
17
17
18
13
6
15
6
17
12
20
6
15
20
9
13
12
11
12
12
17
7
9
20
11
15
9
9
18
16
9
19
8
13
12
6
5
7
19
20
17
14
12
17
17
6
9
8
6
13
19
13
18
13
14
18
12
13
14
13
6
12
10
10
13
17
17
13
16
12
10
11
5
17
16
10
9
7
14
6
7
12
7
5
10
11
9
13
6
16
19
20
20
11
5
8
12
20
6
17
8
14
12
20
6
14
7
9
15
14
15
15
6
13
16
14
19
10
19
13
16
17
15
5
19
20
15
6
14
14
5
9
19
20
15
5
12
13
10
6
10
20
5
11
12
11
7
15
19
18
19
10
20
8
10
8
13
16
17
11
11
8
6
12
11
7
13
8
15
5
16
9
20
16
6
18
18
12
19
15
19
10
17
12
8
12
12
5
8
7
20
14
10
10
15
20
6
14
14
20
7
15
17
10
19
11
13
12
14
8
12
8
11
10
5
11
5
5
14
20
13
16
16
9
5
11
10
8
13
18
8
16
11
18
5
17
16
12
15
17
9
8
10
17
19
12
8
16
19
12
7
14
20
20
11
19
18
20
14
16
7
11
5
6
20
7
5
6
19
12
6
10
10
20
6
18
18
5
17
17
9
9
16
9
5
10
15
19
10
12

29 56 76 90 106 116 134 146 171 