20 150 6 
12
17
17
19
11
17
17
14
16
20
18
9
15
18
17
13
11
12
7
11

23 42 58 81 93 108 130 154 180 199 218 241 262 279 301 327 355 376 397 425 448 474 500 524 554 584 601 628 640 656 674 698 712 738 766 795 818 846 864 885 902 914 936 964 982 1000 1015 1039 1051 1074 1090 1115 1143 1157 1179 1193 1216 1243 1273 1293 1318 1346 1367 1388 1403 1418 1430 1444 1467 1481 1499 1521 1550 1577 1602 1624 1648 1662 1674 1688 1717 1742 1768 1794 1819 1849 1862 1890 1914 1932 1944 1964 1981 2003 2024 2039 2055 2082 2110 2133 2147 2168 2191 2213 2241 2256 2280 2302 2327 2343 2373 2386 2404 2433 2458 2474 2502 2528 2548 2568 2588 2609 2635 2655 2673 2687 2703 2729 2748 2772 2795 2809 2837 2866 2880 2905 2931 2949 2963 2982 2998 3010 3033 3057 3080 3098 3117 3142 3154 