300 150 7 
12
13
7
8
7
13
7
14
7
20
12
11
16
17
20
13
9
7
12
19
14
17
16
7
18
8
14
13
20
14
18
16
7
17
19
19
13
14
13
12
14
14
11
14
17
17
19
18
18
14
14
7
16
9
13
7
12
18
10
15
12
20
18
10
13
19
8
19
8
19
9
13
9
16
9
16
15
10
17
13
15
9
7
10
15
14
7
16
13
7
11
11
11
19
20
10
12
9
20
15
14
19
10
10
9
17
8
15
10
14
12
13
15
12
12
7
10
16
8
14
8
15
14
15
19
20
19
7
11
7
10
7
13
13
12
9
20
17
14
11
14
19
13
8
13
17
7
19
11
13
15
16
20
20
11
18
10
7
15
18
9
9
18
10
11
19
9
7
13
8
11
7
10
15
12
9
19
17
18
9
12
17
9
20
17
20
12
10
10
18
7
8
7
15
11
12
10
7
15
18
15
12
9
9
11
14
17
18
12
10
16
8
14
18
13
13
10
13
19
20
13
18
17
12
19
10
9
16
14
12
15
19
20
15
16
7
9
12
11
15
14
13
11
18
18
10
8
14
18
11
14
15
7
14
13
8
7
12
10
17
13
15
11
12
17
11
19
13
12
15
8
11
10
11
13
18
13
18
11
7
11
14
18
15
10
16
16
11
11
7
11
20
9
18
11
12
9
14
15
12

25 52 81 107 127 157 185 202 230 253 275 297 324 353 383 407 421 443 473 503 531 561 577 594 615 639 654 671 691 716 740 755 782 800 821 847 866 883 898 916 940 956 972 987 1001 1020 1048 1076 1094 1108 1135 1153 1177 1199 1223 1244 1262 1280 1301 1331 1348 1373 1396 1415 1442 1460 1489 1504 1528 1550 1572 1601 1627 1653 1680 1707 1732 1761 1775 1794 1815 1830 1851 1881 1900 1918 1944 1970 1993 2015 2039 2054 2076 2096 2120 2139 2157 2181 2204 2225 2241 2260 2288 2307 2322 2339 2366 2396 2425 2448 2478 2492 2510 2533 2555 2579 2604 2623 2647 2666 2696 2718 2745 2775 2789 2804 2819 2838 2857 2876 2903 2927 2952 2966 2985 3011 3037 3051 3071 3097 3124 3148 3167 3184 3203 3221 3235 3253 3273 