350 10 5 
9
17
5
17
6
14
15
15
10
8
17
13
19
20
8
6
16
19
20
7
9
17
15
6
14
13
13
19
13
10
20
15
8
6
15
10
5
9
14
17
8
16
15
8
14
11
19
19
12
20
10
12
7
17
16
16
5
11
13
11
20
15
7
5
9
5
11
12
12
16
12
20
18
5
10
13
11
15
7
20
13
18
6
13
17
15
5
15
12
8
13
16
17
20
7
19
20
5
18
14
18
8
18
17
16
13
10
20
17
8
13
17
12
7
17
18
13
20
6
12
11
13
6
12
10
19
13
16
18
16
11
9
15
12
7
15
10
17
6
6
8
14
13
17
18
9
19
20
5
8
10
13
10
18
16
6
8
18
17
20
9
12
15
20
11
19
20
7
8
9
7
10
8
8
14
12
5
17
19
10
15
19
10
13
17
15
18
6
20
10
10
8
19
18
5
7
14
20
17
16
18
13
20
9
9
15
9
10
15
7
10
12
5
13
13
17
9
12
20
5
5
18
16
19
6
10
6
10
16
8
5
18
17
20
6
10
19
11
5
20
6
19
15
19
13
14
12
19
8
16
16
10
18
20
12
13
12
11
10
6
9
7
9
5
11
8
5
5
15
20
11
16
20
12
11
6
17
13
15
10
7
20
11
13
5
6
6
15
11
15
8
18
18
9
20
18
10
15
8
18
19
18
18
9
16
12
6
13
8
19
13
14
15
16
16
6
5
17
5
16
13
12
9
7
17
5
15
16
20
18
7
10
8
12
19
20
17
9
7
16
10
8
15
8
6
12
20
14
10
13

16 29 48 70 100 116 134 164 180 