350 20 7 
18
11
20
14
11
20
20
13
9
14
13
17
12
11
10
7
13
13
15
19
9
15
8
19
15
20
18
9
7
7
16
8
20
19
11
12
12
8
16
15
14
16
9
10
7
9
11
9
12
18
20
16
20
13
17
10
9
20
19
19
7
19
11
19
20
20
7
8
15
9
14
15
12
13
9
16
17
14
8
13
8
7
20
14
13
16
14
8
17
18
14
12
10
9
17
16
13
8
10
8
18
20
16
16
7
19
14
13
9
14
8
19
16
17
7
10
15
20
16
11
7
11
7
20
10
18
11
18
9
12
16
9
9
11
10
15
11
10
18
18
20
9
19
8
20
14
7
17
7
16
14
14
13
7
14
13
11
17
16
18
14
20
14
17
20
18
7
16
8
13
8
18
8
8
16
9
8
20
13
11
13
18
15
7
19
8
20
10
17
20
12
8
16
10
18
19
18
9
8
7
10
17
10
7
11
11
12
12
14
7
8
16
11
17
17
17
9
14
17
12
16
17
12
20
13
15
11
16
9
18
7
15
7
15
17
12
9
16
20
14
14
20
18
13
14
15
13
14
15
16
16
19
14
20
20
9
17
9
18
9
8
12
20
15
13
18
8
16
12
16
15
14
13
19
19
17
12
8
14
7
9
8
9
20
13
16
13
20
19
8
8
8
8
12
20
16
12
13
7
19
9
15
16
10
14
14
16
18
13
15
9
19
18
16
13
17
20
19
13
15
9
12
8
19
17
10
13
14
11
19
7
8
7
19
14
19
11
16
17
15
9
14
13
8
20
9
19
17
14
7

22 40 58 77 98 117 145 163 177 206 229 254 268 286 314 332 354 377 397 