350 50 6 
19
7
12
16
18
16
15
18
10
9
19
19
10
18
8
13
8
9
12
20
10
7
17
18
12
14
18
6
20
8
11
18
11
19
7
14
6
10
14
13
12
20
9
13
6
6
16
16
9
18
19
11
20
7
6
17
12
12
9
6
13
20
18
12
17
19
12
14
11
15
20
14
11
17
11
20
13
6
7
14
11
11
15
6
17
15
7
14
13
10
10
15
14
8
7
8
20
17
12
10
13
7
9
17
12
10
18
7
16
11
8
9
19
6
17
18
20
20
17
12
8
12
9
14
19
17
13
9
15
17
19
14
7
14
18
9
16
14
12
7
10
15
14
17
18
17
6
8
13
7
16
16
7
11
6
20
20
16
16
13
17
14
10
8
11
11
6
13
12
16
11
19
19
9
17
19
7
8
15
6
20
9
16
11
16
18
14
15
8
6
11
7
15
9
9
8
20
9
13
19
10
6
16
11
8
17
8
9
17
6
18
15
7
7
6
9
8
11
8
12
10
16
19
12
7
11
10
20
9
20
11
13
14
8
12
16
9
19
6
11
15
13
7
6
6
13
9
11
16
6
13
11
10
20
10
17
13
11
20
10
15
15
8
17
20
17
6
18
18
17
8
11
11
9
18
6
16
20
6
13
17
17
16
19
9
17
16
15
10
18
14
14
17
12
7
6
11
17
7
15
15
19
14
8
11
15
11
20
8
9
10
16
7
6
7
15
11
10
17
12
10
14
19
17
7
20
6
9
11
11
19
15
10
18
17
19
18
11
11
17
11
16
10
12
20
14
8
10
18
19

24 40 67 88 104 125 150 179 200 226 248 263 280 293 316 329 359 389 417 447 467 484 510 533 550 570 595 620 637 662 692 715 733 760 776 799 813 832 847 870 890 915 929 948 972 995 1022 1036 1059 