400 150 5 
10
10
5
16
14
7
5
16
16
9
17
19
12
16
11
7
14
5
8
8
10
14
7
15
14
18
18
11
20
13
19
14
12
6
9
11
9
16
10
14
10
14
10
13
12
10
13
13
14
7
10
9
6
5
18
15
18
6
15
10
18
15
15
7
20
16
19
18
15
8
19
17
20
19
5
5
17
5
13
12
9
11
7
9
17
16
19
8
11
13
17
12
8
5
13
12
10
16
12
14
8
6
8
18
6
15
7
19
20
8
19
9
5
9
6
18
19
5
5
18
16
17
15
9
16
8
5
20
6
14
11
6
13
20
16
8
8
11
11
15
11
13
6
14
11
8
16
11
19
12
14
6
10
8
17
7
17
16
14
7
17
17
9
19
20
8
19
12
18
16
7
18
16
10
15
18
20
18
12
13
11
15
6
11
15
11
16
16
19
20
16
14
17
19
14
11
7
11
11
5
12
20
19
19
9
8
6
13
6
13
19
15
18
5
6
10
8
18
20
11
14
14
20
16
15
10
17
8
12
5
13
11
14
15
8
10
16
15
18
8
10
18
13
9
16
5
6
9
13
5
5
17
10
20
18
5
20
15
11
18
13
14
20
6
17
11
14
16
11
7
11
10
9
9
17
19
14
8
13
18
6
11
9
8
15
15
17
6
7
9
19
15
16
13
6
15
11
15
12
12
20
7
10
11
10
10
7
6
18
6
19
13
12
14
11
11
6
7
10
10
15
18
18
9
15
12
11
13
6
18
11
6
18
8
7
20
20
12
8
9
5
7
18
16
5
20
17
15
5
20
5
9
6
16
15
7
17
17
12
8
8
13
18
6
12
18
9
12
17
8
12
5
15
18
16
5
11
6
20
14
5
13
9
12
19
13
19
18
14
5
17
9
11
8
10
5
12
13
9
11

18 36 51 81 95 115 139 160 170 181 194 207 232 257 282 305 320 332 358 374 397 407 435 447 463 475 501 513 542 557 583 594 604 618 641 659 672 702 732 747 769 798 810 840 856 875 886 912 925 951 967 991 1007 1018 1031 1044 1060 1090 1113 1134 1158 1184 1213 1225 1249 1263 1289 1319 1334 1364 1374 1404 1425 1452 1478 1500 1511 1531 1561 1585 1596 1617 1644 1668 1692 1704 1733 1754 1784 1804 1830 1840 1855 1866 1896 1906 1923 1950 1977 1987 2012 2029 2042 2055 2083 2100 2119 2130 2157 2186 2213 2238 2257 2282 2312 2342 2362 2391 2409 2434 2453 2474 2487 2515 2530 2558 2584 2612 2639 2650 2663 2690 2719 2735 2753 2766 2778 2806 2835 2861 2879 2908 2920 2938 2952 2966 2981 2999 3014 