400 100 5 
6
14
13
15
7
5
14
8
20
18
5
8
16
16
20
16
19
7
17
5
14
5
18
5
13
15
20
18
17
9
19
19
15
5
5
12
19
9
7
10
9
20
13
20
13
18
19
15
17
14
10
16
15
7
16
7
16
6
14
10
13
15
8
15
20
6
16
15
13
20
12
7
12
10
10
17
10
5
17
19
16
19
9
5
19
5
14
8
6
5
17
6
12
9
16
5
14
9
7
16
12
14
6
7
7
11
20
6
14
17
5
20
7
13
9
12
17
5
5
17
7
19
5
14
8
16
18
11
20
5
16
7
10
14
12
18
16
16
20
10
18
13
7
10
15
5
15
13
16
15
12
9
11
9
19
9
7
12
6
11
16
19
6
12
13
13
6
17
16
17
18
7
14
18
15
13
16
19
5
16
9
12
11
7
9
14
18
17
17
20
20
12
8
10
14
7
14
18
12
10
15
5
20
20
10
7
6
5
18
14
18
14
20
20
10
5
10
11
10
13
16
16
5
6
6
19
18
16
5
6
7
6
5
20
20
9
13
5
19
10
13
15
14
13
9
14
18
10
6
7
19
5
11
9
17
16
16
6
9
16
9
17
14
13
9
7
9
14
17
19
15
5
8
13
18
6
15
19
11
14
5
11
6
17
9
7
14
20
14
10
11
13
20
10
9
8
20
6
11
11
12
10
16
12
12
17
5
18
16
10
11
9
15
14
10
9
19
17
6
9
10
7
17
16
12
9
17
13
14
8
19
8
7
17
16
9
17
18
15
7
18
12
12
19
12
9
8
6
17
16
16
7
11
6
18
18
10
8
13
6
15
6
8
14
10
18
7
18
15
9
9
14
14
17
5
20
19
20
6
14
11
11
5
6
8
15
6
9
6
12
5
9
15
8
19
19
12
18
11
17

26 49 78 98 109 130 147 165 195 214 234 261 277 294 322 339 353 376 388 403 416 428 444 466 495 509 519 546 571 598 624 654 668 694 707 723 743 753 765 784 808 837 867 879 902 929 946 965 986 1004 1030 1056 1074 1093 1105 1120 1130 1151 1175 1193 1215 1243 1264 1285 1297 1316 1328 1349 1367 1395 1424 1436 1458 1486 1511 1531 1542 1571 1589 1601 1626 1644 1666 1688 1711 1738 1754 1771 1791 1805 1823 1850 1870 1884 1909 1925 1950 1970 1988 