400 10 7 
7
20
17
7
7
19
7
12
20
11
9
14
7
15
12
11
17
14
13
18
15
10
14
17
13
17
8
20
18
18
19
7
11
13
7
7
14
17
11
18
17
12
18
17
16
19
9
11
14
9
10
20
10
19
10
13
17
18
10
17
18
14
17
7
14
8
12
16
14
16
18
13
15
18
13
17
14
8
13
7
12
19
7
8
7
12
11
17
19
11
7
13
7
15
14
9
15
11
18
9
11
15
15
10
12
11
11
13
13
20
15
7
18
8
11
9
17
14
15
13
7
20
16
12
15
10
15
18
20
13
11
17
18
19
12
11
7
19
19
8
9
8
7
12
14
13
7
10
14
10
19
12
18
14
11
13
16
13
19
7
20
12
10
8
8
9
11
19
10
7
8
8
14
12
17
9
15
7
13
12
17
10
11
11
10
17
13
7
12
11
15
14
9
12
10
11
17
15
8
11
14
16
11
20
12
9
8
20
8
7
10
9
20
10
16
10
7
12
15
8
15
16
12
9
19
16
11
16
20
16
7
12
10
18
20
9
8
17
7
10
17
14
7
14
13
12
18
17
11
15
12
10
8
8
18
7
10
14
9
12
17
14
19
8
10
17
18
19
13
12
17
8
10
13
17
15
12
11
16
11
18
12
17
10
18
10
10
19
8
14
13
12
12
13
17
19
8
13
15
11
7
17
11
16
20
17
11
7
17
8
7
11
16
12
13
10
13
8
7
8
15
11
7
14
11
8
14
12
9
7
16
16
15
8
11
11
18
13
20
15
14
19
20
12
15
15
11
14
20
18
10
7
15
13
18
7
19
9
16
12
19
18
19
12
15
12
19
16
8
10
17
13
11
20
8
12
12
20
13
8
19
10
8
16
11
19
10
17
8
8
18
14
17
20
12
11
19
13
16
17

25 53 81 110 139 168 191 217 246 