300 40 6 
9
18
8
16
9
13
15
7
19
12
15
12
12
18
6
14
10
13
12
6
6
18
15
17
19
12
13
11
10
10
10
8
9
18
10
8
16
20
10
12
18
11
14
14
9
15
17
11
14
20
9
15
13
9
17
13
13
14
16
6
10
19
17
9
17
7
12
7
8
13
20
13
10
18
15
12
7
20
15
6
19
20
14
7
10
10
10
17
14
14
14
7
14
11
20
16
10
19
19
20
12
19
9
13
19
19
11
7
14
14
7
17
12
6
15
7
10
10
18
9
11
10
11
7
9
20
19
16
7
6
7
18
12
16
13
20
20
16
6
17
17
11
12
19
14
8
18
15
17
13
11
12
19
13
15
9
18
10
12
6
10
10
17
20
20
11
19
13
19
15
8
10
15
15
14
19
17
19
18
9
10
19
13
15
16
15
12
13
15
8
15
9
17
19
15
16
13
19
13
9
8
7
10
14
14
19
6
13
11
17
13
20
18
18
10
9
13
13
18
12
16
19
15
8
11
9
20
14
17
10
12
14
9
20
13
9
10
18
10
17
7
19
19
11
6
8
13
11
19
13
11
8
14
15
19
10
9
13
19
18
10
7
11
13
11
14
8
6
7
20
16
18
12
11
10
10
6
18
16
15
17
13
19
6
20
17
7
10
15
8
14
7
11
10
13
8
14
11
9
12

12 39 51 67 91 103 124 141 157 170 197 211 232 250 265 295 324 349 367 397 423 443 469 498 528 548 577 607 620 648 660 675 701 730 750 767 780 802 826 