300 30 6 
7
14
16
9
19
12
12
13
16
9
12
6
17
15
20
9
8
10
17
7
8
14
20
12
14
10
12
7
16
6
12
11
11
18
11
7
17
10
16
11
10
9
8
16
12
16
12
16
11
12
19
11
13
17
19
18
6
10
14
16
15
19
15
18
7
12
7
14
20
9
14
15
8
15
14
15
13
6
15
18
19
15
7
14
8
11
18
9
20
18
11
13
11
8
12
13
19
9
8
19
12
6
17
7
11
14
8
13
8
7
16
10
19
13
9
7
15
17
6
10
18
11
19
15
18
6
14
7
6
13
15
17
14
11
19
7
20
14
11
12
12
20
14
10
7
9
11
16
12
12
12
7
20
16
9
14
6
14
10
8
20
13
18
12
15
18
11
13
13
14
12
10
13
18
15
14
12
16
12
10
10
6
18
15
20
13
20
13
11
20
13
6
19
8
13
19
20
11
19
16
14
17
19
7
8
16
14
8
8
11
15
6
9
10
20
17
16
11
11
20
16
7
13
10
10
20
17
15
15
18
7
14
13
18
7
8
8
19
8
11
7
19
16
12
6
16
11
20
11
18
8
7
18
10
13
9
8
17
20
9
12
12
19
13
10
17
18
16
14
9
20
20
18
6
12
17
6
17
17
13
19
16
17
12
12
17
12
7
19
10
10
19
20
18
13
20
9
7
14
6

28 44 61 82 96 123 142 159 181 197 219 245 274 302 327 352 378 400 426 450 476 490 519 538 559 588 617 635 648 