30 100 5 
7
12
19
10
14
9
6
19
12
7
7
15
8
15
11
17
13
16
19
18
13
5
19
8
6
20
20
11
5
9

27 38 60 70 83 93 123 138 154 178 205 225 254 277 302 323 345 366 380 404 434 461 485 500 529 555 578 599 620 650 679 690 715 733 746 762 792 802 823 851 876 906 920 947 973 989 1013 1043 1072 1093 1103 1129 1150 1176 1190 1209 1232 1257 1281 1298 1322 1349 1366 1389 1414 1430 1443 1462 1480 1505 1521 1551 1566 1588 1605 1632 1657 1668 1686 1708 1718 1732 1761 1775 1800 1826 1840 1858 1874 1904 1922 1937 1956 1971 2000 2010 2022 2035 2046 