400 100 6 
18
18
12
12
20
6
20
18
6
11
6
14
6
14
6
20
15
8
20
8
15
6
20
9
14
12
7
6
19
17
20
11
19
16
10
8
12
14
12
17
12
19
7
13
13
6
12
19
16
17
9
13
16
19
9
20
17
15
20
18
19
19
10
13
10
7
13
11
18
7
12
17
20
7
17
11
20
14
10
7
18
11
17
15
18
16
10
12
20
12
19
19
19
13
18
17
19
15
10
6
8
16
7
15
7
15
12
17
15
19
16
18
11
13
11
8
18
20
17
15
17
9
16
7
17
14
11
12
17
14
13
13
10
15
10
7
16
11
7
6
16
12
13
13
7
17
17
14
19
14
8
15
12
20
11
16
20
11
14
13
9
20
9
18
12
20
18
8
16
19
15
10
9
20
13
8
13
14
7
14
17
18
11
8
15
10
13
9
12
16
14
18
14
20
7
7
11
14
10
8
11
15
8
14
6
19
17
7
13
18
18
12
9
8
6
12
11
16
13
6
7
18
11
7
15
20
6
12
10
7
20
9
10
20
20
13
9
18
20
8
18
19
19
20
6
11
12
9
17
17
16
20
11
6
17
12
14
14
11
14
13
20
6
11
17
8
18
11
8
7
19
13
8
15
6
13
13
8
12
20
9
10
9
12
12
12
14
14
18
13
18
19
18
11
7
18
9
15
10
15
13
7
6
9
10
17
13
7
19
9
8
7
13
10
17
11
14
15
11
10
15
18
7
15
8
18
16
17
9
20
6
6
13
16
12
18
10
15
16
18
15
9
17
16
6
6
8
19
20
9
17
6
20
10
6
6
16
15
9
8
9
13
18
16
12
9
11
9
6
9
9
17
20
16
6
12
14
11
19
9
14
8
9
8
7
17
9
11
12
18
20
11
8
17
8
6
7
11
16
11

14 44 71 89 115 137 154 173 203 219 246 267 297 318 334 364 385 404 434 457 485 503 533 554 582 595 624 650 670 699 726 741 767 790 811 836 850 865 883 907 931 946 959 972 990 1007 1036 1048 1071 1098 1124 1139 1155 1175 1204 1224 1245 1262 1290 1304 1325 1344 1372 1390 1419 1431 1461 1487 1511 1529 1545 1568 1589 1607 1628 1649 1675 1692 1714 1744 1767 1793 1823 1848 1874 1890 1917 1946 1969 1997 2015 2045 2070 2087 2116 2140 2152 2175 2198 