300 30 6 
13
14
19
12
11
20
11
11
14
16
20
10
15
20
13
8
19
11
10
9
12
15
8
12
17
19
20
15
17
11
14
20
11
16
9
18
17
13
7
15
16
18
18
10
19
7
9
19
18
13
17
17
13
11
16
8
15
10
9
9
19
7
7
10
20
20
8
14
8
14
6
16
13
16
9
12
11
15
12
12
7
13
18
14
15
20
15
7
17
13
14
15
7
11
14
19
17
10
10
16
9
11
13
12
7
10
15
8
15
10
6
19
13
18
20
17
13
11
17
8
13
6
18
11
12
10
10
7
14
10
6
19
18
12
11
12
12
17
20
16
19
11
19
14
18
6
8
6
20
13
11
6
18
20
7
12
19
8
13
8
6
14
20
7
10
16
14
12
12
8
8
11
10
16
20
11
16
15
14
9
7
13
9
20
19
8
15
9
18
20
6
9
10
20
14
20
18
13
7
11
9
19
17
9
17
8
15
6
9
17
6
14
13
19
15
8
16
14
15
17
13
8
16
15
10
9
6
12
6
9
16
12
6
8
16
13
6
12
13
6
9
8
18
10
13
14
6
18
12
9
11
12
6
10
18
11
6
10
9
10
19
12
7
20
10
6
14
9
20
12
17
19
6
8
12
12
6
16
14
18
13
15
16
19
20
12
17
6
6
6
11
14
18
15
14
6
14
11
18
6

16 30 44 68 82 104 119 149 165 180 192 207 232 252 282 304 317 333 362 386 399 419 436 463 480 496 526 553 573 