350 50 6 
18
9
13
16
9
12
17
12
7
12
20
16
14
18
19
6
9
12
15
19
7
10
12
7
20
10
6
19
9
15
8
8
8
15
20
10
16
12
8
10
13
10
20
8
12
7
9
7
15
9
13
6
9
12
10
14
17
10
11
11
14
14
7
15
13
20
12
20
6
13
6
11
20
15
10
14
8
7
15
20
13
9
17
15
19
14
15
18
20
11
7
13
20
18
20
8
8
17
9
19
12
6
16
15
7
8
15
17
13
15
19
8
9
6
12
9
7
18
12
17
17
10
8
10
13
10
9
18
20
15
11
9
18
7
10
12
19
17
7
11
18
19
19
18
14
9
13
17
10
18
10
16
15
17
20
11
14
18
8
7
10
12
11
11
14
7
8
6
13
19
6
20
13
16
8
15
13
9
8
19
14
6
13
17
9
13
8
17
18
14
18
16
14
17
6
14
16
6
9
19
13
20
11
17
7
13
13
18
19
13
9
16
19
7
17
19
13
6
8
10
9
13
8
16
9
14
18
18
12
15
20
12
11
9
17
6
10
14
16
19
7
11
15
12
19
18
9
10
9
12
17
18
12
14
17
20
7
13
8
8
11
17
15
9
18
13
13
7
10
11
7
16
7
17
14
11
15
9
19
15
11
10
8
8
11
7
17
17
16
7
10
16
19
9
20
10
20
7
12
19
11
12
14
9
18
12
16
12
7
14
8
8
10
6
20
11
9
15
11
8
20
14
6
14
13
9
7
13
12
15
7
20
14
7
16
8
17
8
12
7
7
18
18
17
18
6
8
18
15
17

24 38 65 95 113 135 164 181 199 214 232 258 279 306 320 335 357 370 395 416 429 452 482 495 525 550 576 605 624 645 659 682 706 725 740 769 786 808 820 838 859 875 896 924 938 953 967 991 1019 