200 100 7 
13
14
20
8
11
20
16
11
14
15
14
17
13
19
9
7
13
18
9
14
12
13
10
19
13
11
9
10
17
16
20
13
17
8
19
17
7
19
15
10
8
12
17
16
9
19
14
9
14
16
17
7
17
10
11
15
11
10
8
20
8
11
15
8
20
15
12
13
17
10
16
11
7
13
9
10
14
11
20
10
15
8
19
17
17
16
9
16
7
8
9
7
11
12
14
7
15
10
15
10
20
14
11
16
20
8
16
13
7
18
19
18
17
16
17
11
15
20
12
8
7
10
17
11
16
20
17
17
11
13
8
9
12
14
15
13
8
11
9
11
9
17
19
20
12
10
15
15
14
8
20
8
12
13
8
15
13
16
10
12
13
17
13
12
16
20
17
15
7
16
13
15
18
16
14
9
8
11
17
15
9
12
15
13
11
11
16
17
19
10
9
16
20
15
12
10
10
11
18
11

20 34 49 74 96 114 134 154 180 210 234 263 289 315 331 358 373 400 419 435 463 493 509 536 554 582 612 632 661 689 718 738 765 790 810 834 854 879 901 917 937 967 985 1015 1034 1049 1079 1098 1115 1130 1149 1167 1187 1209 1236 1263 1293 1308 1338 1352 1374 1402 1425 1448 1471 1486 1502 1520 1542 1561 1586 1613 1632 1655 1680 1704 1718 1735 1763 1778 1795 1820 1847 1865 1879 1896 1912 1933 1958 1973 1995 2020 2046 2064 2083 2108 2138 2165 2195 