20 100 7 
19
17
14
8
17
9
19
13
16
20
14
16
16
16
13
19
13
18
17
7

28 43 61 85 100 130 146 174 189 211 225 253 269 284 312 327 351 378 408 429 455 477 498 523 552 582 608 630 649 665 688 714 739 762 790 806 823 839 858 881 898 918 948 972 998 1017 1033 1054 1075 1099 1127 1154 1172 1188 1208 1228 1255 1271 1294 1316 1335 1353 1382 1405 1427 1447 1466 1481 1509 1531 1550 1569 1583 1598 1622 1651 1665 1682 1700 1728 1752 1780 1795 1814 1838 1862 1890 1911 1932 1960 1982 2008 2032 2057 2077 2094 2120 2141 2156 