200 150 5 
9
14
19
11
13
6
14
15
14
18
18
10
19
8
13
19
14
5
7
15
13
18
7
10
12
6
6
8
13
13
20
12
11
8
9
9
11
20
15
8
19
15
14
9
16
8
8
12
19
7
7
18
11
13
19
16
9
13
8
5
16
11
7
12
12
19
12
20
20
13
17
13
19
16
16
5
19
5
14
5
11
14
7
6
11
6
20
7
20
10
20
19
14
9
10
15
20
8
19
18
19
8
11
8
19
12
17
8
5
6
7
20
14
18
14
16
18
5
18
7
5
7
18
11
14
15
20
12
13
13
6
11
14
14
7
15
14
11
7
8
13
20
12
18
5
11
6
11
10
19
6
8
19
11
11
5
8
5
12
13
12
13
13
9
13
6
12
11
10
6
11
14
20
5
19
6
8
18
6
14
11
7
6
18
7
14
5
9
6
20
12
8
12
13
16
19
9
8
17
20

11 38 52 70 83 99 117 136 163 188 203 219 243 260 286 299 329 353 365 378 397 408 418 430 453 463 485 512 532 557 576 594 606 628 639 653 670 691 714 739 758 780 797 825 836 861 875 891 911 922 949 975 985 1012 1028 1046 1064 1084 1103 1129 1144 1169 1184 1197 1218 1231 1256 1276 1304 1330 1356 1373 1384 1401 1431 1447 1472 1486 1505 1522 1550 1568 1595 1613 1630 1659 1682 1694 1716 1732 1751 1778 1791 1802 1824 1837 1852 1862 1873 1887 1910 1935 1953 1976 2004 2021 2046 2066 2096 2106 2117 2128 2153 2183 2203 2213 2237 2250 2270 2282 2302 2314 2336 2362 2386 2398 2416 2431 2446 2456 2474 2498 2517 2528 2551 2564 2584 2607 2620 2633 2655 2685 2700 2729 2755 2769 2795 2806 2833 