350 50 7 
19
20
15
17
7
18
19
15
11
12
9
16
20
11
12
11
9
7
11
19
13
17
15
17
8
14
18
11
19
14
19
18
9
10
12
17
9
20
15
17
19
14
18
20
17
12
9
11
12
10
11
10
16
7
9
11
13
8
20
15
18
16
16
19
16
8
11
17
15
10
19
16
10
18
7
15
8
13
16
14
11
7
14
13
16
9
16
15
9
12
12
8
19
19
18
7
17
18
13
10
20
14
8
11
12
13
10
7
8
8
18
16
9
14
17
15
20
20
14
11
14
13
18
9
13
10
15
11
9
20
20
20
12
20
10
8
19
13
12
14
18
14
11
10
11
20
18
7
7
16
7
15
19
12
19
18
10
18
10
19
10
17
12
17
7
8
9
7
12
19
19
12
13
16
16
8
18
8
16
18
18
20
13
20
7
17
8
7
9
11
11
7
13
13
19
8
16
14
20
13
17
18
9
13
20
12
7
16
19
18
16
18
13
17
11
16
11
13
9
9
8
13
16
13
11
8
15
19
16
8
12
7
20
18
18
16
18
19
20
13
9
9
10
7
7
17
10
13
20
17
18
11
16
15
7
16
11
18
10
8
16
16
11
20
17
18
10
20
16
8
9
13
18
20
12
17
9
14
18
8
15
15
11
17
8
8
10
17
8
10
20
10
11
19
20
14
7
15
13
11
20
14
16
16
11
7
13
9
16
7
12
17
15
14
20
13
17
15
19
18
11
16
7
13
9
10
7
7
10
19
7
11
7
13
11
11
19
11
12
14
13
14
12
12
16
7
8
15
16
12

19 35 64 78 97 125 144 159 183 206 228 258 280 296 316 340 369 386 408 438 461 491 511 530 554 568 584 608 630 650 667 683 702 719 735 761 789 811 829 847 870 895 915 936 958 978 1006 1035 1059 