300 10 5 
7
9
17
17
7
20
16
9
5
10
13
17
9
20
16
6
18
20
17
15
9
12
13
17
10
13
11
11
17
19
16
14
17
15
16
12
11
5
6
6
13
8
6
14
9
18
17
20
7
8
9
15
13
12
5
10
14
5
6
18
17
13
11
13
5
10
19
13
17
15
18
20
16
19
5
10
12
18
9
13
10
19
8
9
8
10
6
8
18
15
11
12
10
15
18
11
9
17
18
9
17
11
10
12
6
5
18
12
13
14
15
10
18
15
8
19
16
13
7
20
13
19
18
16
20
15
11
16
7
11
20
11
20
15
7
6
7
5
5
13
17
13
13
18
8
19
15
5
15
13
17
6
7
9
19
7
5
7
14
5
6
18
18
8
17
5
16
9
12
11
5
20
18
8
9
14
19
6
6
9
12
19
13
5
8
9
5
9
7
13
5
18
15
13
20
11
16
19
15
14
12
15
11
10
7
5
12
6
11
18
5
20
15
5
17
9
9
11
17
13
18
11
6
14
9
20
18
10
10
19
10
12
16
9
15
6
8
13
14
17
9
14
20
16
17
12
5
12
17
7
15
11
12
8
11
18
12
15
20
13
6
12
11
12
15
18
9
17
14
8
6
7
20
18
10
5
9
16
19
19
9
6
7
13
15
12
10
5
16
6
17
13
12
6
8
6
17
16
17
19

25 43 55 74 90 106 130 145 171 