350 30 7 
20
11
16
16
13
12
7
17
16
13
10
16
18
13
16
9
19
11
19
10
15
15
9
12
8
13
18
11
10
10
11
19
15
11
9
20
8
7
15
17
11
7
14
19
14
18
16
11
18
7
14
14
19
7
18
13
16
15
16
7
20
14
17
15
12
8
16
19
19
11
18
12
14
16
10
12
8
19
9
9
14
8
11
13
14
18
12
11
8
7
9
16
8
13
14
15
16
19
12
14
14
16
9
12
16
14
13
15
16
20
11
16
20
18
7
7
10
15
11
14
15
16
14
12
15
7
10
20
8
16
8
8
10
16
17
18
12
19
11
14
19
15
9
11
13
17
10
13
20
19
17
19
11
14
17
10
20
11
10
11
17
14
18
15
9
14
16
10
19
17
8
16
16
11
16
14
10
8
9
15
11
18
8
11
11
18
7
13
7
12
14
14
9
16
11
7
12
17
10
14
14
17
17
16
12
11
16
17
8
7
10
15
7
15
16
18
8
14
17
20
17
12
14
11
7
14
7
18
17
15
16
11
10
18
10
8
12
16
20
8
20
8
17
16
18
7
19
8
19
17
13
16
7
15
10
12
10
16
18
17
15
20
7
13
19
16
10
10
10
18
20
15
11
8
18
12
19
14
8
13
13
12
7
8
8
18
8
16
11
17
16
11
15
11
11
18
14
16
14
15
13
15
14
9
7
16
15
12
10
12
15
15
19
17
8
15
13
8
10
20
19
12
13
18
13
16
9
15
18
13
10
7
7
20
20
17
9
18
19
16
10
12
20
15
10
7
19
14
17
10

30 47 68 88 115 134 150 171 197 211 235 253 272 290 320 337 359 384 399 421 447 467 487 513 543 573 590 614 635 