400 100 6 
6
6
8
8
6
9
18
10
8
8
12
7
16
10
20
6
17
15
7
14
8
15
18
20
13
9
17
16
19
19
12
15
16
7
13
15
7
8
16
9
13
10
17
8
6
9
15
19
16
10
13
8
20
19
9
13
19
15
6
7
11
8
14
7
13
11
14
15
11
16
9
6
11
20
9
8
17
14
19
13
19
12
6
10
14
6
8
13
19
14
10
6
20
11
13
17
19
11
11
18
6
12
7
17
17
9
7
15
20
14
10
11
6
11
12
14
20
8
7
8
6
20
10
16
19
18
7
7
16
6
11
14
19
10
18
18
13
20
17
8
11
7
18
10
12
14
19
14
17
7
19
12
17
15
18
11
7
11
13
16
18
13
7
14
10
10
11
14
14
10
9
6
6
10
18
15
9
15
7
7
13
11
12
7
6
13
13
20
11
15
11
7
7
12
9
8
14
16
15
12
9
19
17
20
6
18
18
10
18
13
20
19
17
9
10
16
14
14
11
18
18
17
18
14
14
19
6
13
15
13
11
20
14
10
16
18
15
19
15
16
13
10
19
20
8
14
15
10
16
10
17
16
7
12
7
10
7
6
20
19
8
10
7
8
11
8
13
6
6
15
13
13
7
17
7
7
18
15
10
14
10
7
15
12
12
8
8
9
16
17
14
9
8
6
13
10
9
11
17
16
18
13
13
9
11
19
17
12
20
15
17
8
15
10
12
19
6
13
15
9
17
8
8
20
14
8
19
15
13
20
9
18
9
6
16
8
18
12
20
13
14
9
14
19
14
17
12
9
20
12
6
17
18
7
13
14
9
7
15
20
10
9
11
9
7
8
13
15
15
8
14
15
11
6
14
9
14
15
13
11
8
10
12
13
11
12
16
9
14
16
17
17
6
9
16
13
13
17
8
11

12 34 50 62 76 103 127 154 168 182 207 236 250 274 299 316 331 349 361 383 404 423 449 462 480 507 524 549 567 595 620 639 658 687 714 737 754 774 804 817 842 861 890 914 943 963 980 998 1020 1039 1054 1083 1101 1123 1152 1169 1189 1212 1238 1263 1282 1305 1330 1343 1362 1390 1411 1431 1445 1470 1488 1515 1530 1544 1564 1576 1593 1609 1622 1649 1678 1701 1725 1740 1768 1796 1824 1854 1878 1904 1919 1938 1961 1985 2009 2034 2060 2081 2111 