350 20 6 
9
14
9
14
19
7
8
6
10
8
11
19
12
9
18
10
10
10
14
19
16
18
10
11
10
16
8
10
14
14
16
20
11
20
9
6
15
18
13
12
17
12
12
19
14
15
10
9
11
18
6
14
9
17
6
8
7
18
13
18
19
9
7
16
7
8
13
20
19
15
18
12
16
13
7
6
11
8
12
12
7
16
19
17
20
12
9
16
16
6
6
19
6
15
18
11
12
19
9
14
6
9
20
7
13
7
20
9
10
19
6
7
13
19
18
19
20
18
10
12
15
14
6
13
9
7
14
9
20
20
19
18
18
13
19
10
18
8
6
13
7
15
14
16
18
10
8
18
8
7
15
14
7
15
20
14
13
11
18
12
13
19
19
6
19
7
7
6
7
16
11
17
6
9
12
19
13
16
16
6
13
17
20
6
20
17
9
6
18
20
14
17
15
16
17
16
13
14
16
10
15
17
13
13
17
8
9
17
8
18
13
10
11
9
16
8
6
20
15
18
6
12
12
20
7
18
6
15
7
17
18
8
18
10
20
16
12
8
6
14
15
17
12
7
14
7
16
19
20
7
16
7
8
6
12
11
11
12
13
12
10
15
16
20
7
14
11
19
8
13
7
9
14
20
17
20
11
17
8
14
20
19
16
10
19
15
14
14
15
16
11
12
7
19
8
20
14
17
9
13
14
16
15
8
15
9
13
17
13
7
6
8
6
6
19
19
16
8
10
13
7
10
6
8
13
15
9
13
6
6
13
16
7
16
6
19
10
12
6
6
9
15
15
6
19
13
18
6
6
13

13 40 60 86 112 129 151 176 200 221 243 260 284 313 342 364 384 401 421 