300 50 5 
15
9
10
13
16
7
17
6
7
17
15
20
8
17
11
16
19
19
13
20
11
14
16
13
10
6
8
15
19
17
7
9
8
9
11
10
13
17
9
20
13
12
16
15
11
10
7
18
11
20
9
14
19
10
19
11
12
11
10
7
13
5
18
12
10
13
13
18
9
18
17
5
5
13
13
8
6
11
12
9
17
14
11
7
12
17
8
18
5
11
12
18
19
5
10
10
13
15
8
14
10
16
14
19
9
13
13
6
17
12
18
15
11
9
10
7
15
9
8
9
13
13
5
5
14
9
7
10
9
6
5
5
9
20
10
5
15
20
9
17
5
5
16
12
19
13
15
7
5
11
10
8
12
10
13
10
20
9
17
5
6
9
12
15
15
6
13
19
17
10
8
17
8
14
14
6
15
18
18
14
20
15
7
7
10
10
14
8
14
12
14
17
12
17
20
5
18
14
14
5
5
6
19
15
19
14
6
7
9
15
10
20
6
12
7
15
15
5
13
7
20
12
9
9
19
6
6
14
12
19
6
20
5
17
17
18
15
14
13
6
8
13
15
18
18
12
17
7
20
19
5
16
15
15
8
18
20
15
10
18
20
15
13
8
8
20
12
18
18
6
14
12
20
5
11
15
15
5
14
7
15
12
11
10
5
14
20
6
5
6
7
10
18
8
10
7
6
20
9
8

15 26 47 58 77 95 116 126 148 177 194 216 242 257 269 288 315 345 369 391 411 428 450 464 480 502 530 547 571 594 613 631 657 685 714 730 742 769 786 805 827 843 872 902 915 945 971 984 998 