30 150 7 
9
18
18
13
12
12
10
19
19
20
12
18
12
16
7
7
12
15
17
15
7
17
19
14
20
18
11
13
17
8

24 51 75 103 131 149 176 205 231 248 271 295 314 339 362 382 410 435 464 489 510 533 554 579 602 627 656 680 700 727 746 765 790 811 838 855 870 897 916 946 976 1001 1025 1054 1083 1097 1111 1129 1159 1184 1203 1233 1250 1272 1291 1317 1344 1372 1400 1422 1436 1459 1484 1506 1523 1540 1565 1580 1601 1615 1632 1657 1687 1708 1726 1753 1782 1804 1821 1845 1866 1893 1919 1946 1976 2001 2022 2046 2062 2076 2098 2128 2151 2168 2187 2213 2230 2256 2281 2301 2331 2352 2380 2399 2420 2446 2476 2499 2519 2539 2566 2587 2614 2628 2648 2664 2681 2699 2718 2740 2756 2784 2798 2821 2837 2858 2876 2901 2915 2934 2964 2979 3005 3027 3044 3072 3099 3126 3142 3163 3183 3205 3224 3244 3265 3290 3305 3334 3355 