300 40 6 
14
11
8
7
18
6
13
7
6
8
11
8
6
9
7
8
7
15
18
17
20
10
7
19
17
17
20
15
6
12
13
14
16
12
14
17
8
17
6
9
15
20
15
8
15
15
10
10
6
12
11
15
18
14
7
10
13
19
11
20
9
20
20
6
12
9
14
20
13
20
7
19
17
20
15
15
10
13
17
10
8
19
9
20
19
6
6
8
11
10
15
8
7
9
10
15
7
18
18
16
20
11
15
9
18
13
6
20
6
11
6
16
16
17
19
19
15
6
7
16
20
15
11
20
13
15
14
16
10
9
18
7
10
13
14
8
17
15
20
17
15
19
11
14
11
7
15
10
9
20
12
20
15
18
13
20
16
20
10
6
19
15
6
6
10
16
8
18
15
6
13
17
18
17
8
16
15
8
11
15
10
9
6
13
6
15
20
15
18
8
7
11
18
11
9
17
17
12
19
18
20
13
8
16
13
20
13
20
17
8
8
7
16
11
15
6
8
19
7
19
8
7
18
11
12
16
12
6
15
15
19
19
6
15
10
15
14
17
9
19
19
16
11
18
8
10
20
13
20
19
10
7
7
7
13
17
12
15
18
12
19
18
13
15
12
17
20
14
16
16
19
16
14
9
7
18
8
20
10
13
20
8
8
11
15
15
20
17
10
12
9
11
8
20
18
6
7
14
20
20

17 42 62 91 121 135 161 188 209 228 252 275 299 317 337 367 383 406 436 466 479 497 516 543 559 587 616 637 650 678 690 720 736 766 780 792 822 849 862 