200 30 7 
16
8
8
20
16
10
9
10
12
16
19
10
7
16
14
11
9
19
16
11
7
11
13
12
17
17
17
15
8
18
20
15
13
15
7
12
15
9
19
17
7
8
19
19
7
18
20
15
8
14
14
8
19
20
8
7
7
11
8
8
11
12
13
13
20
17
15
12
15
15
11
13
12
15
18
10
14
19
11
20
10
17
13
8
20
19
7
11
8
16
15
10
8
17
9
18
16
20
17
18
13
18
15
7
10
13
7
11
17
15
11
14
10
13
9
8
10
17
14
12
19
9
19
8
9
20
15
14
17
16
13
13
14
11
17
9
15
10
10
11
13
10
13
7
11
9
14
16
8
17
12
13
13
8
12
20
19
14
8
11
18
17
19
17
7
19
7
17
10
14
19
18
7
11
12
8
7
19
18
10
20
7
15
17
7
15
12
16
15
11
20
20
18
13
13
16
13
17
14
19

21 50 79 107 126 140 156 180 204 219 242 263 284 304 319 344 372 395 409 438 457 475 501 522 540 558 583 600 619 