300 50 7 
19
20
13
17
15
20
8
17
17
8
10
16
19
15
16
7
18
14
12
7
19
9
13
10
18
20
11
18
13
18
9
18
18
18
8
11
15
16
20
13
20
12
7
10
15
18
17
11
9
12
11
8
19
8
7
14
7
15
17
15
17
10
9
9
8
18
16
7
17
7
14
19
15
11
11
9
7
14
16
20
10
16
7
7
15
14
20
16
18
15
9
8
18
13
13
13
8
14
20
7
20
12
7
14
15
13
18
13
13
8
19
10
20
14
10
20
16
14
18
9
18
12
14
13
11
14
10
11
18
9
16
7
19
12
7
14
15
18
18
12
8
19
12
11
7
13
12
15
16
14
8
18
7
20
13
10
16
7
20
13
10
12
17
7
18
11
17
7
12
10
15
9
16
18
15
18
13
8
9
9
8
18
9
14
10
13
12
20
7
17
18
17
19
7
14
16
13
10
16
10
14
14
13
10
20
12
15
14
8
10
13
13
18
20
19
18
18
11
13
14
8
10
20
19
13
13
20
13
9
8
10
17
12
14
16
9
15
15
10
19
20
14
10
8
13
18
14
9
18
8
9
14
8
17
15
14
17
15
16
14
20
19
13
7
18
13
14
9
15
15
17
15
12
12
12
16
18
16
17
14
11
18
7
10
13
19
9
11
16
7
18
15
17
12
14
18
9
14
13
17

26 43 57 86 108 125 150 178 201 221 237 267 281 304 330 348 370 396 411 429 451 469 485 511 541 565 582 605 624 648 677 692 714 742 770 790 816 838 864 890 912 933 961 977 996 1014 1031 1045 1063 