200 30 6 
16
8
11
11
20
12
13
12
12
6
7
18
11
7
15
19
15
6
9
10
6
6
10
7
12
9
11
16
8
8
10
7
11
18
10
19
9
16
10
10
9
18
9
18
19
20
10
18
16
8
18
19
12
16
9
13
9
10
6
15
8
12
14
19
16
16
18
20
17
10
11
11
12
9
14
9
10
10
7
14
18
10
6
14
17
15
17
16
16
10
10
16
17
13
20
10
11
8
20
18
6
11
20
7
18
18
15
10
17
7
8
10
11
16
20
7
14
15
13
9
15
13
16
10
18
17
18
12
7
19
12
16
12
16
11
11
9
13
17
20
20
7
13
6
20
8
14
8
15
6
19
6
15
19
20
17
11
11
14
16
20
17
12
18
20
17
20
7
18
15
7
14
12
10
20
6
13
17
9
8
12
17
16
17
10
15
7
8
13
13
7
16
7
16
10
12
13
20
15
14

23 44 68 88 112 124 138 154 181 207 229 241 262 282 307 325 347 362 385 397 420 437 462 485 497 519 549 572 587 