30 150 7 
10
15
20
18
20
13
18
11
16
17
7
16
17
16
19
16
8
9
8
18
19
20
18
20
7
12
16
19
16
14

29 58 82 97 118 132 151 178 196 221 250 280 297 315 341 361 384 403 425 445 474 500 521 538 558 579 609 623 637 665 681 708 730 746 775 790 817 846 865 882 900 914 928 952 973 992 1006 1033 1060 1079 1098 1120 1146 1161 1186 1208 1237 1264 1292 1310 1327 1353 1375 1393 1414 1441 1456 1483 1497 1522 1544 1571 1591 1609 1627 1656 1685 1706 1722 1747 1764 1791 1816 1833 1849 1872 1888 1906 1926 1951 1979 2007 2034 2058 2083 2107 2133 2151 2165 2180 2209 2236 2265 2295 2317 2335 2365 2388 2407 2426 2448 2478 2496 2517 2531 2561 2581 2601 2630 2656 2685 2699 2714 2728 2744 2767 2797 2821 2841 2867 2886 2905 2921 2949 2974 2997 3027 3054 3069 3093 3116 3132 3156 3173 3196 3210 3231 3259 3280 