400 150 5 
9
12
12
18
15
15
8
16
14
6
5
5
11
6
18
19
6
11
16
6
5
7
20
17
16
12
10
13
14
12
12
14
17
15
20
9
14
5
15
19
16
12
18
12
12
20
17
12
7
17
13
12
7
17
14
8
8
15
18
19
17
7
5
12
6
11
17
15
15
5
7
15
8
13
15
19
10
14
13
15
10
20
5
5
16
9
15
11
11
17
14
14
20
17
14
7
16
7
12
13
9
6
11
12
15
17
20
20
11
11
13
5
5
12
13
9
7
7
15
18
17
9
5
7
14
20
15
9
7
13
13
10
6
18
17
16
14
16
8
7
9
20
10
5
18
17
15
17
20
18
5
6
18
16
16
5
9
6
18
9
19
19
11
15
14
15
17
5
12
18
19
18
11
17
11
7
8
11
19
20
15
19
10
14
7
14
7
16
12
16
12
16
12
18
14
19
7
6
20
19
16
14
15
15
9
10
9
20
14
17
17
11
17
18
5
19
6
11
17
16
15
10
7
20
11
17
15
14
10
15
18
16
20
13
17
5
11
7
12
19
14
12
16
13
16
7
15
12
8
15
6
14
10
11
11
15
6
10
6
8
15
18
18
6
15
8
20
13
9
15
11
12
15
20
8
18
5
10
16
17
5
17
15
17
5
13
16
9
6
19
10
10
14
7
13
12
9
20
14
14
11
12
15
7
9
17
18
18
8
18
15
10
6
10
20
18
8
6
13
8
20
6
20
11
16
5
10
11
10
12
7
16
9
20
15
13
20
11
6
6
18
9
20
16
17
18
12
8
11
15
10
6
6
9
12
19
11
5
18
10
10
7
8
11
11
16
20
5
8
9
11
5
9
5
9
10
16
17
16
11
6
16
16
11
6
5
8
11
9
15
13
17
17
12
9
8
10
7
5
8

20 42 72 92 105 116 132 157 187 212 237 265 280 298 316 333 358 385 412 422 437 454 465 482 510 528 546 570 581 592 605 635 651 665 684 712 722 739 766 783 800 830 858 882 894 922 950 979 1009 1031 1059 1088 1117 1130 1146 1174 1202 1229 1244 1271 1286 1316 1329 1344 1373 1386 1404 1434 1446 1460 1470 1489 1517 1541 1559 1571 1599 1619 1635 1647 1667 1689 1706 1723 1733 1747 1763 1776 1806 1832 1844 1854 1877 1891 1921 1941 1953 1981 2003 2022 2046 2074 2104 2126 2146 2167 2181 2207 2220 2235 2260 2280 2298 2314 2337 2350 2380 2408 2436 2450 2479 2497 2523 2543 2567 2582 2607 2625 2645 2662 2690 2713 2735 2764 2790 2817 2827 2851 2866 2893 2908 2924 2939 2969 2995 3013 3038 3058 3085 