350 100 5 
17
12
19
10
19
9
7
13
11
19
16
12
17
6
12
10
17
9
20
13
20
6
12
11
16
11
8
20
11
17
16
16
5
11
7
11
7
16
9
13
6
13
20
15
13
5
8
11
10
10
17
19
7
17
5
5
12
16
9
14
19
11
9
12
12
16
8
8
18
16
20
20
14
15
13
17
11
13
7
5
9
6
15
10
6
7
11
10
10
18
20
10
17
20
8
5
14
20
11
11
14
15
15
9
11
18
20
11
19
7
17
14
8
5
19
11
9
17
5
17
16
9
17
19
13
18
6
18
20
15
11
11
18
6
19
20
5
14
17
19
13
12
13
17
14
14
7
13
7
7
12
19
8
12
8
14
15
14
11
11
20
9
14
17
6
12
7
14
5
11
11
19
17
18
20
19
19
10
19
8
10
16
8
7
9
20
15
5
16
16
13
9
7
10
12
20
18
11
20
14
17
17
11
19
7
17
13
14
14
17
15
5
9
6
16
5
11
9
17
15
6
15
7
19
5
9
15
12
14
9
17
13
18
7
8
10
8
19
17
9
9
11
17
10
13
15
12
6
5
19
20
20
10
5
15
18
7
16
12
17
18
16
7
17
17
6
11
16
10
14
7
13
11
16
20
17
12
20
6
17
17
10
17
13
5
8
14
12
19
5
13
12
6
6
13
20
20
6
11
13
6
12
8
17
12
7
14
18
15
13
19
14
6
5
15
17
13
17
11
11
19
17
10
20
18
19
12
14
5
15
17
10
5
19
11
13
20
10
7
20
14
18
14
5
13
13
6
8
12
8

12 41 71 97 107 131 146 168 180 195 209 237 251 265 285 299 321 343 365 377 401 430 458 487 510 525 545 572 589 604 634 655 671 701 718 735 754 764 790 800 819 831 857 868 897 926 950 969 993 1022 1040 1054 1080 1098 1126 1151 1169 1191 1212 1231 1250 1280 1296 1311 1323 1348 1367 1396 1424 1442 1453 1476 1493 1522 1550 1580 1604 1622 1642 1654 1667 1695 1716 1734 1764 1774 1800 1828 1855 1877 1905 1916 1943 1956 1980 2001 2020 2038 2056 