350 100 5 
18
8
5
18
19
6
10
7
19
19
9
19
19
15
6
13
7
9
16
17
15
5
14
16
7
15
12
5
12
15
16
12
16
14
18
14
16
8
11
16
20
18
13
13
6
13
19
17
7
11
10
7
14
17
17
5
18
15
13
7
10
12
16
9
19
5
11
9
19
8
17
12
11
11
13
15
18
19
7
17
15
18
20
16
7
16
12
17
8
13
15
20
5
6
10
7
19
6
7
10
19
15
19
18
18
9
19
18
13
10
9
7
8
7
20
19
17
9
7
12
17
20
11
6
19
20
6
14
8
8
14
8
9
20
9
12
15
18
7
12
16
9
18
10
11
17
20
7
5
5
10
15
20
9
8
19
13
14
13
7
9
20
8
13
14
16
11
17
11
15
15
7
19
9
9
18
13
9
11
6
11
11
14
16
11
7
14
5
11
14
6
8
16
18
14
16
8
11
18
9
13
7
5
9
13
17
6
7
9
6
18
7
11
20
10
8
12
20
6
18
20
9
10
10
19
9
7
9
15
12
5
12
15
19
17
12
8
10
18
16
6
17
16
18
13
7
6
16
16
8
7
20
18
10
15
6
11
18
12
16
13
12
13
18
7
10
9
7
10
12
19
8
11
17
13
15
9
13
11
15
15
12
9
18
11
6
15
18
16
20
20
13
8
18
17
19
15
5
7
18
12
14
20
20
17
15
17
6
6
14
16
12
16
8
5
20
8
8
18
8
9
8
7
8
10
7
9
7
13
11
18
5
6
9
10
13
16
19
5
15
13
17
13
17
13
19
18
17
17
6

15 45 65 89 114 139 163 177 200 215 242 260 272 297 323 334 346 371 385 411 429 458 482 502 529 554 577 602 612 631 649 661 691 714 733 747 766 778 808 821 841 865 881 895 914 927 944 966 984 1002 1017 1042 1066 1082 1104 1124 1141 1164 1178 1190 1217 1245 1269 1292 1317 1329 1341 1357 1385 1407 1418 1448 1468 1494 1505 1520 1537 1562 1580 1596 1612 1631 1656 1685 1696 1709 1719 1733 1757 1772 1798 1816 1836 1862 1891 1907 1921 1949 1976 