300 40 6 
8
8
9
19
12
15
9
15
18
14
15
10
10
10
8
7
14
19
10
20
9
16
6
11
15
7
10
17
8
13
20
10
8
8
20
16
13
6
15
17
19
9
20
8
12
16
14
6
10
19
10
9
19
12
15
7
12
13
20
16
18
20
19
18
16
8
16
17
10
12
9
8
7
7
11
20
20
9
18
6
12
11
12
8
15
11
14
19
17
11
16
10
6
20
19
12
8
12
18
20
12
18
20
16
9
6
6
9
20
20
9
8
8
14
9
7
7
20
19
15
19
16
6
12
18
9
6
14
13
12
14
8
10
9
13
11
11
17
18
20
17
10
6
16
12
15
18
16
11
16
19
19
12
8
14
20
7
10
16
7
6
20
6
17
13
20
20
9
8
13
16
14
9
19
17
17
12
8
14
11
7
18
20
14
20
16
13
10
13
9
7
6
13
8
14
15
11
17
15
17
9
14
15
9
13
13
20
14
9
10
16
10
16
7
12
10
8
6
7
11
8
17
17
18
16
6
20
18
18
18
9
13
7
13
8
19
6
8
7
18
14
7
15
18
8
14
17
7
20
12
17
7
7
9
15
20
10
14
10
14
8
8
18
6
9
20
19
8
10
17
20
10
14
8
11
9
13
16
8
12
10
6
19
19
13
8
11
11
11
6
12
19
15
9
9
10
15
17
15
7

12 37 59 85 102 114 142 154 174 188 203 233 263 278 295 323 343 355 368 394 416 436 449 466 483 509 538 550 573 596 612 638 652 682 696 722 735 763 782 