300 150 6 
6
12
17
16
18
9
10
7
19
11
18
16
6
7
6
12
16
8
7
14
9
10
6
11
13
16
14
18
12
13
10
20
17
7
10
14
18
16
20
9
11
10
18
16
16
13
9
6
9
17
17
7
6
10
19
10
9
18
11
20
13
8
7
12
8
15
12
20
7
11
17
8
17
20
11
8
8
18
19
9
10
8
14
20
11
18
12
17
15
19
13
10
19
7
8
12
18
6
18
12
19
17
8
13
8
12
17
20
17
13
13
19
14
16
19
8
17
6
14
13
20
20
6
6
14
20
15
17
17
9
15
12
9
14
18
11
8
16
7
16
8
11
12
19
12
14
18
18
16
20
11
11
16
7
12
11
9
15
16
16
14
17
16
7
19
19
7
19
20
18
20
19
18
17
8
18
15
18
12
6
10
10
15
15
17
16
13
10
12
7
10
16
10
18
11
8
18
12
19
12
15
10
18
9
10
12
11
15
15
9
14
7
20
10
17
18
19
8
9
8
6
14
6
8
14
13
12
18
20
18
10
18
20
17
7
11
7
7
15
13
15
10
7
17
18
8
8
11
9
12
6
14
14
13
7
9
20
11
7
14
9
14
7
14
11
10
18
16
12
18
6
7
15
12
16
19
12
14
9
20
13
9
8
13
18
14
17
18
15
10
10
8
7
16
13
14
12
14
12
15

18 45 74 91 104 121 145 162 178 207 223 244 268 282 297 316 340 363 391 420 437 466 493 506 529 543 562 592 620 646 673 702 718 734 746 775 801 830 842 870 893 906 927 947 967 981 998 1012 1032 1044 1062 1092 1108 1127 1153 1182 1194 1210 1223 1237 1260 1281 1303 1325 1347 1372 1388 1417 1443 1462 1489 1507 1522 1549 1578 1601 1624 1645 1658 1683 1708 1721 1748 1774 1786 1799 1816 1846 1875 1903 1925 1952 1973 1999 2019 2048 2072 2088 2107 2132 2152 2175 2200 2225 2249 2272 2289 2310 2329 2347 2361 2386 2415 2436 2464 2483 2497 2521 2536 2548 2566 2579 2599 2614 2641 2671 2687 2703 2723 2752 2775 2801 2829 2853 2866 2890 2915 2941 2963 2976 2990 3003 3029 3045 3059 3089 3118 3144 3159 