350 100 6 
10
8
9
10
7
15
18
19
6
9
16
8
11
7
17
6
6
17
10
15
20
18
15
15
12
8
10
8
20
11
17
11
7
11
8
8
10
15
12
6
20
9
10
18
10
16
14
20
18
17
7
15
8
10
7
14
13
15
6
19
18
18
14
9
17
20
9
13
19
19
6
17
16
15
16
9
16
11
8
11
15
17
13
20
12
16
20
19
12
9
16
13
14
15
13
17
19
18
10
12
14
17
11
7
15
6
20
18
16
20
14
12
11
7
16
17
19
18
19
7
6
17
10
17
6
17
15
18
18
7
20
15
13
18
16
12
19
7
7
20
12
13
12
11
9
10
11
9
16
13
10
16
20
14
15
16
17
16
7
17
6
9
18
18
15
8
11
9
20
17
16
12
16
15
19
18
16
17
16
7
10
16
20
12
17
17
20
12
16
10
7
20
10
10
6
15
14
9
17
20
11
19
6
9
7
15
16
15
17
6
8
7
10
14
12
17
14
19
8
8
20
10
19
15
6
14
10
19
10
18
13
15
19
8
11
16
14
6
9
19
8
10
14
11
13
19
6
19
18
19
15
7
7
11
12
10
11
9
13
17
8
17
6
16
8
9
19
10
18
9
19
6
20
17
20
16
12
8
17
19
16
15
20
18
9
19
8
16
7
12
15
13
14
6
7
9
9
7
18
13
16
13
15
15
10
12
12
19
12
10
12
13
11
10
15
15
19
12
14
12
11
16
7
11
11
9
12
16
7
10
13
8
13
10
14
14
8
10
8
15
10
14
16
9
19
20
6
15
15
14

25 37 60 75 103 121 134 155 184 204 231 243 264 276 291 305 334 360 378 399 426 442 469 497 515 537 561 590 608 627 646 659 672 688 702 719 739 768 794 814 843 870 890 903 924 950 962 990 1010 1025 1050 1080 1098 1125 1137 1162 1183 1211 1228 1248 1268 1291 1311 1338 1368 1382 1408 1428 1448 1460 1484 1503 1522 1550 1567 1587 1607 1631 1646 1669 1685 1708 1737 1761 1775 1801 1818 1836 1865 1880 1910 1940 1954 1983 2011 2024 2045 2062 2087 