350 10 6 
10
19
10
16
10
17
17
6
6
12
17
12
13
20
17
9
19
12
12
12
6
14
16
12
13
20
9
7
9
17
10
10
11
8
10
11
16
11
14
7
9
16
20
17
16
12
18
17
15
7
9
20
18
14
7
14
20
13
11
7
12
10
19
16
20
17
18
6
18
13
20
17
14
7
6
16
11
7
18
15
18
20
7
9
16
11
7
17
7
12
7
11
8
20
16
18
13
18
18
11
6
18
15
17
18
12
7
15
16
8
17
13
10
13
15
11
19
7
10
15
12
15
10
10
7
11
18
16
20
9
16
14
16
13
10
19
20
20
13
20
18
20
8
10
15
17
9
18
6
11
13
7
10
14
8
12
18
11
10
11
18
18
20
14
16
10
17
19
20
18
10
20
19
20
15
6
20
18
16
14
19
10
13
7
13
15
16
16
10
8
7
18
12
13
11
7
20
13
14
10
7
11
16
12
8
6
15
8
7
6
12
11
13
7
11
12
15
12
13
19
12
10
10
11
6
10
13
12
16
15
17
10
16
9
13
14
6
10
18
15
6
16
7
17
19
8
14
6
18
14
8
13
13
13
15
13
17
17
18
16
16
13
11
19
9
15
9
8
17
12
17
9
16
6
10
11
18
19
9
14
10
9
9
15
14
15
20
14
9
8
19
16
19
19
11
14
10
17
20
16
18
14
14
18
19
8
9
13
17
10
10
10
8
9
20
8
17
13
15
15
16
15
14
18
19
17
11
9
10
6
8
19
17
13
19
6
6
14
18
19
6
18
13
11
19
20
12
16
12
14

18 32 56 75 89 115 132 149 167 