400 150 5 
5
6
7
6
17
9
13
15
13
19
16
15
15
5
16
11
12
15
13
14
14
20
15
20
6
14
8
7
20
18
8
8
5
5
15
16
12
14
8
7
20
14
20
6
20
13
20
8
20
7
11
6
15
7
19
19
10
19
15
20
20
8
17
5
14
7
14
8
13
16
14
15
14
14
8
12
9
20
13
7
9
6
20
15
11
10
6
5
5
16
10
6
9
17
20
7
9
20
10
5
13
7
8
13
20
11
20
10
7
16
20
14
20
20
14
19
9
6
16
17
15
16
17
19
10
20
8
5
14
5
12
17
20
9
12
10
13
14
16
8
6
11
15
6
12
9
18
8
18
18
9
17
17
8
13
20
16
9
5
9
20
17
13
18
9
16
20
14
18
14
20
14
13
13
8
7
10
14
9
7
14
6
9
11
19
18
20
16
18
8
19
9
20
16
19
17
5
20
6
17
10
20
9
20
20
12
5
8
6
10
9
8
20
10
8
8
12
5
15
17
9
10
10
14
5
11
8
6
15
11
12
10
14
6
5
17
5
18
16
19
7
5
12
19
12
7
14
16
5
9
7
13
12
6
19
16
16
9
19
8
16
15
13
19
5
14
17
14
5
7
16
14
5
8
9
15
15
20
20
11
5
7
18
13
20
5
20
7
12
18
11
16
15
7
16
18
8
20
6
19
15
17
12
18
10
10
7
5
5
10
16
17
5
6
10
9
9
13
6
10
18
15
10
7
5
12
15
16
15
14
10
8
9
10
14
7
11
19
16
13
5
15
11
9
12
14
5
9
18
8
18
18
10
7
7
19
10
5
17
5
17
6
7
5
11
9
13
5
19
11
11
15
8
13
14
12
19
8
13
5
8
14
14
8
11
18
10
12
5
10
14
8
7
20
20
17
14
7
17
19

11 27 49 76 93 119 145 158 174 191 204 230 246 273 283 308 321 335 362 378 390 401 413 431 451 476 502 522 534 563 588 617 638 661 680 703 725 739 762 778 799 825 853 872 886 907 931 941 951 965 982 1012 1038 1065 1090 1105 1130 1152 1181 1208 1227 1250 1276 1301 1319 1343 1368 1390 1410 1433 1459 1486 1509 1530 1549 1561 1572 1592 1621 1637 1665 1688 1711 1739 1750 1769 1795 1809 1838 1853 1875 1895 1908 1923 1952 1979 1993 2019 2039 2068 2079 2095 2125 2146 2168 2182 2199 2228 2255 2270 2299 2309 2329 2353 2366 2383 2403 2415 2432 2453 2470 2482 2498 2519 2545 2560 2578 2599 2627 2640 2668 2682 2710 2735 2752 2774 2787 2797 2827 2849 2863 2893 2904 2930 2940 2954 2982 2993 3018 