30 100 5 
11
20
13
19
18
19
19
11
7
10
12
20
15
8
13
16
19
6
13
5
16
7
14
17
15
19
14
11
8
20

18 28 43 63 74 89 107 118 129 159 177 202 230 259 275 292 317 335 365 384 402 418 448 460 474 496 516 528 538 568 592 615 631 659 673 690 705 716 728 751 770 796 806 822 852 866 888 900 926 941 952 977 998 1018 1048 1074 1104 1133 1157 1183 1210 1224 1241 1271 1295 1313 1329 1342 1362 1375 1388 1403 1414 1432 1454 1466 1482 1503 1522 1536 1554 1579 1599 1618 1639 1667 1695 1708 1736 1752 1770 1789 1804 1834 1858 1879 1907 1926 1949 