300 100 7 
16
14
7
16
17
8
15
17
8
12
9
14
8
8
13
15
9
12
16
12
17
20
13
12
7
9
7
7
7
8
15
20
10
15
7
18
11
16
11
10
9
14
13
10
10
20
8
11
17
7
15
9
10
8
15
7
9
11
11
18
19
7
7
9
16
20
16
18
14
17
7
10
8
11
10
11
20
19
17
9
15
19
12
20
20
12
7
19
20
11
7
12
13
8
15
19
16
20
18
16
14
14
18
20
17
11
17
9
15
17
16
18
20
20
11
7
7
20
12
12
16
16
9
20
16
15
9
17
18
13
9
14
7
8
10
10
14
7
9
17
13
9
11
20
11
8
19
20
18
8
20
18
12
14
7
9
12
9
14
7
9
15
16
20
7
14
7
20
10
12
7
16
16
12
11
7
7
18
17
10
11
19
10
13
10
13
14
7
19
12
7
7
11
16
18
8
12
10
9
12
13
8
13
16
11
8
15
9
15
12
15
17
12
14
15
17
16
8
9
10
12
14
8
15
16
12
8
8
14
19
18
14
15
17
17
7
16
14
12
10
12
11
20
14
12
15
15
14
19
12
11
12
8
16
14
13
9
16
8
15
13
17
14
15
17
8
11
7
14
16
17
14
8
10
12
9
15
16
19
10
9
10
19
9
9
11
10
16
17
13
8
9
19
20
18
14
10
7
11
12

24 48 64 79 95 124 154 181 209 227 255 281 309 336 364 392 407 433 454 483 506 533 563 592 614 639 668 697 721 745 759 774 791 814 835 865 894 913 941 960 978 999 1018 1044 1068 1097 1124 1141 1158 1186 1203 1219 1233 1261 1290 1312 1338 1360 1389 1403 1431 1460 1474 1488 1509 1531 1556 1573 1596 1614 1643 1658 1683 1705 1726 1742 1766 1792 1821 1849 1872 1896 1923 1947 1965 1994 2016 2038 2059 2075 2100 2118 2137 2163 2181 2199 2217 2242 2262 