20 100 7 
18
14
15
12
9
9
8
13
19
9
19
8
17
14
10
8
9
15
9
18

25 52 80 104 124 147 175 202 223 249 270 297 319 346 362 380 408 427 457 485 514 535 552 580 610 625 642 669 698 725 740 759 775 802 831 855 885 903 922 944 965 983 1013 1041 1065 1087 1111 1139 1168 1183 1213 1239 1263 1285 1299 1319 1335 1361 1387 1415 1442 1468 1495 1514 1529 1554 1572 1588 1616 1631 1659 1673 1693 1719 1735 1762 1778 1792 1814 1839 1865 1886 1906 1922 1946 1973 1992 2007 2034 2057 2072 2093 2110 2135 2164 2186 2206 2236 2256 