300 40 5 
15
11
16
7
18
14
14
5
10
19
16
15
14
13
10
20
18
5
6
10
7
9
20
15
12
7
14
18
10
11
17
19
14
5
9
8
8
14
11
18
20
12
9
16
6
5
18
18
12
17
8
16
15
18
6
11
9
8
18
20
13
16
15
13
20
13
6
13
20
10
6
8
6
15
9
13
7
18
9
17
15
15
19
13
17
11
10
20
18
6
15
8
14
15
17
13
7
12
15
13
15
10
5
13
8
18
7
16
9
13
7
11
20
9
13
9
6
12
8
16
15
8
16
20
19
16
13
10
16
10
13
16
17
5
18
11
18
13
11
16
20
13
5
7
19
20
16
13
7
12
6
9
8
7
10
18
5
10
14
14
7
14
7
14
17
20
5
8
11
9
13
5
16
11
9
13
20
11
20
15
10
19
14
6
20
10
7
8
12
5
9
16
19
17
6
15
9
14
20
14
12
14
6
7
20
14
14
5
14
20
15
9
7
10
8
15
12
10
13
16
16
11
8
8
14
10
17
11
15
12
9
20
13
19
13
14
9
15
9
7
11
7
11
18
8
9
10
11
8
14
7
16
9
17
18
14
14
18
16
10
12
5
11
18
6
16
11
19
7
6
20
11
17
13
16
17
19
7
14
20
16
15
10
18
14
18
16
11
12
16
11
20
8
18
19
16
15
15
7
12

23 36 49 71 88 114 143 164 187 205 227 240 264 289 311 323 343 363 391 411 439 457 478 501 527 541 566 589 613 633 659 672 697 711 732 754 771 787 814 