100 150 7 
17
11
18
10
19
19
16
8
18
18
16
13
13
9
10
14
11
7
13
18
9
20
8
13
9
18
16
12
20
10
17
11
12
16
17
19
20
13
8
9
12
14
15
12
17
16
20
9
18
12
13
11
14
17
8
7
17
19
19
14
11
12
19
8
7
12
10
10
7
13
15
12
11
16
12
15
17
15
17
19
16
13
8
15
19
14
9
15
11
20
13
14
13
7
20
16
16
17
9
15

24 54 68 91 110 132 162 184 212 242 269 286 313 329 348 370 396 412 429 448 465 495 515 544 572 588 615 641 664 693 716 738 763 786 813 830 844 858 886 911 930 945 973 988 1011 1037 1056 1085 1102 1127 1145 1172 1198 1212 1226 1241 1261 1290 1311 1338 1353 1368 1384 1411 1429 1444 1467 1494 1509 1533 1549 1564 1591 1607 1629 1648 1674 1693 1713 1737 1766 1781 1796 1820 1849 1877 1904 1933 1952 1973 2001 2029 2047 2065 2087 2111 2127 2147 2167 2192 2222 2242 2270 2298 2324 2350 2375 2401 2424 2447 2476 2495 2525 2547 2562 2577 2602 2622 2644 2673 2690 2719 2739 2767 2788 2812 2838 2864 2882 2898 2924 2942 2960 2978 3002 3021 3047 3075 3089 3107 3133 3151 3168 3184 3199 3225 3244 3266 3281 