350 30 5 
11
19
5
15
13
20
11
13
19
13
12
8
13
17
13
13
16
13
7
8
14
14
5
17
8
16
13
8
18
9
19
19
6
7
11
7
11
7
14
6
6
8
14
9
18
15
13
14
12
13
11
19
18
14
15
20
14
19
8
16
14
18
20
19
6
11
16
16
7
15
17
13
17
13
19
20
7
13
16
6
18
16
19
19
9
7
13
8
15
19
8
8
14
13
11
14
19
8
13
17
9
20
13
9
11
19
17
18
20
17
13
14
9
16
7
16
10
17
9
6
20
10
6
6
10
20
17
13
6
20
10
19
10
13
10
19
12
20
17
10
18
20
14
14
9
19
15
17
13
5
9
5
20
15
10
18
11
14
13
7
6
9
15
14
18
20
16
18
13
7
11
5
8
15
9
13
11
19
18
14
10
9
6
15
7
10
12
6
8
19
9
20
11
14
19
9
7
16
6
15
20
20
7
10
14
8
7
19
6
7
10
17
10
7
8
9
6
19
20
7
10
11
11
14
13
10
16
12
19
9
6
18
12
19
12
18
13
9
16
9
18
6
13
16
20
5
7
13
7
18
9
15
8
14
13
11
5
7
12
16
13
7
6
18
10
12
20
5
12
8
11
7
8
10
20
19
16
13
11
19
5
15
20
6
10
20
5
19
11
12
16
13
13
19
15
7
8
7
5
10
19
15
18
20
15
10
7
19
6
6
11
19
5
18
13
20
8
6
12
15
5
17
19
10
12
19
8
10
13
12
8
9
11
5
11
9
15
14
14
7
15
7
16
19
17
19
12
16
11
10

14 30 48 58 78 107 121 149 162 175 196 206 231 246 258 288 303 327 342 371 386 408 423 444 461 477 489 511 524 