350 20 6 
9
18
7
14
14
11
6
19
20
13
20
18
11
12
12
13
16
8
20
8
16
8
6
9
13
15
12
16
20
18
20
7
16
9
10
13
19
18
19
20
13
10
12
6
6
15
13
17
12
7
6
14
19
8
18
12
16
12
8
12
12
14
12
16
9
9
18
16
20
18
13
14
7
18
17
6
19
13
9
17
7
18
9
15
11
10
10
19
8
6
9
13
10
19
11
8
9
15
12
8
7
17
14
9
18
15
19
14
7
16
8
11
7
17
11
15
7
19
12
7
7
20
7
19
13
17
20
13
12
20
8
15
10
16
19
18
13
17
10
19
12
16
6
20
13
19
10
9
16
10
13
18
13
11
17
16
7
16
6
11
11
17
16
12
16
12
7
10
19
16
9
12
7
16
12
16
17
9
20
13
8
18
6
12
16
16
6
18
6
6
8
6
11
7
13
6
13
7
13
8
20
16
9
18
14
16
19
18
15
18
6
16
18
11
7
6
19
8
16
11
16
18
7
20
15
12
7
7
19
13
8
15
6
17
20
10
8
20
18
9
10
9
9
19
6
17
15
15
16
10
8
9
15
8
11
10
16
11
12
19
16
11
9
9
18
6
9
15
15
13
11
10
15
14
17
15
13
14
14
9
16
10
13
10
10
20
16
14
13
19
20
10
12
6
15
16
10
15
17
11
19
7
9
19
12
16
10
14
16
12
10
14
17
18
14
15
6
10
18
18
6
9
13
19
12
9
6
20
10
9
15
16
17
17
19
8
17
7
11
15
17
13
9
12
18
20
18
20
17
10

16 37 61 73 88 114 129 148 174 204 220 234 264 289 305 333 355 369 398 