200 50 6 
18
9
20
18
15
17
12
8
11
20
16
17
7
6
7
13
11
12
20
19
19
20
17
13
20
6
8
7
19
8
20
8
11
13
9
13
12
20
20
9
20
6
15
7
15
20
20
20
20
20
7
15
10
18
18
18
6
6
13
19
9
6
12
10
9
10
10
10
12
12
14
6
16
15
12
15
12
12
10
13
18
12
17
9
13
17
9
13
11
7
11
10
15
11
6
8
19
7
6
16
14
16
19
20
7
6
13
14
12
10
13
20
11
19
11
11
14
14
14
6
15
20
6
10
14
14
17
17
16
20
7
19
11
19
14
16
7
6
8
19
20
13
18
18
11
6
20
10
20
13
6
7
17
13
13
17
7
16
14
7
11
8
20
19
14
20
20
19
17
15
19
19
14
15
11
7
6
13
12
15
17
7
17
10
10
10
17
11
14
15
8
7
17
7
7
19
6
6
13
10

24 47 64 83 99 115 133 161 174 204 234 262 289 306 327 356 373 403 416 442 462 482 510 522 547 560 580 610 632 657 680 698 711 735 764 778 794 822 843 858 877 905 920 943 957 971 983 1013 1031 