30 150 6 
18
12
12
10
13
12
6
6
12
15
13
7
13
19
13
14
7
8
17
8
14
13
8
13
17
18
8
18
16
9

13 33 48 73 101 114 126 142 164 176 196 210 235 248 276 293 320 338 351 375 393 406 418 436 452 475 495 513 538 554 575 590 606 621 637 654 671 700 728 754 779 801 818 830 848 863 887 901 928 958 980 994 1024 1049 1079 1100 1125 1145 1169 1189 1217 1244 1265 1286 1301 1326 1347 1366 1379 1394 1413 1427 1454 1470 1493 1513 1531 1561 1583 1612 1636 1663 1680 1692 1713 1731 1752 1780 1802 1831 1850 1878 1902 1916 1938 1962 1991 2011 2027 2054 2068 2095 2125 2138 2153 2183 2202 2222 2244 2265 2285 2312 2338 2360 2382 2403 2433 2453 2475 2495 2523 2544 2565 2592 2622 2645 2657 2683 2699 2721 2744 2760 2784 2800 2812 2833 2847 2872 2887 2913 2930 2954 2984 2997 3016 3031 3047 3074 3104 