10 150 6 
10
17
6
11
8
8
19
17
14
10

24 53 72 102 127 151 178 194 210 240 254 277 304 332 352 365 379 403 426 452 469 482 496 510 526 554 579 599 613 638 652 664 683 697 722 740 763 786 801 815 843 856 869 886 898 922 935 963 982 1007 1020 1047 1071 1091 1103 1132 1151 1179 1200 1217 1239 1265 1288 1309 1334 1350 1374 1395 1422 1448 1478 1497 1519 1544 1565 1590 1613 1638 1650 1675 1690 1718 1746 1771 1788 1817 1841 1870 1897 1920 1945 1973 1992 2011 2027 2042 2056 2071 2098 2112 2133 2163 2193 2212 2235 2250 2276 2299 2320 2344 2364 2383 2408 2433 2451 2471 2499 2511 2523 2537 2565 2589 2619 2642 2657 2683 2712 2736 2756 2769 2797 2816 2844 2870 2895 2924 2936 2950 2963 2991 3005 3031 3059 3073 3091 3109 3122 3135 3157 