200 50 5 
5
20
14
15
16
12
15
7
9
19
20
19
17
6
13
6
18
6
18
19
18
17
13
18
9
19
6
5
16
13
15
11
10
20
18
5
7
13
7
8
7
8
10
18
12
10
13
16
19
16
10
15
5
16
11
18
8
18
13
20
11
16
18
14
19
10
6
11
15
12
5
9
18
20
11
19
18
15
12
13
13
19
5
16
12
18
18
7
10
13
18
9
6
7
7
8
6
12
19
8
15
18
16
20
19
15
14
14
11
11
18
5
5
7
12
12
15
14
10
9
5
11
12
11
7
11
8
16
14
20
15
5
16
7
15
15
18
18
10
10
14
8
7
16
6
5
8
12
7
13
12
16
17
20
5
20
6
20
12
15
17
10
19
10
9
17
12
19
6
20
9
16
20
14
20
6
5
20
15
8
12
5
14
19
7
17
20
10
12
8
11
13
8
20
8
15
19
10
14
8

29 48 60 74 99 116 136 147 158 173 187 199 224 242 264 289 317 343 367 381 407 426 437 466 493 522 536 556 584 605 635 654 680 707 719 731 750 763 788 798 814 825 840 861 887 910 925 938 950 