200 150 5 
12
12
18
12
9
20
11
15
11
11
19
8
13
16
20
9
8
20
5
17
15
20
10
19
10
20
11
6
16
13
6
14
11
7
7
11
7
11
7
16
12
18
18
7
12
18
13
19
14
11
8
6
12
12
17
20
10
12
9
7
8
5
11
20
10
19
10
15
6
14
10
11
14
20
18
20
14
12
16
16
8
6
13
19
14
6
19
18
16
18
12
11
7
10
13
19
17
8
19
16
14
8
12
8
10
9
10
9
12
5
19
10
13
14
13
17
14
9
8
7
20
15
11
10
5
17
20
18
7
13
11
6
6
15
6
15
7
9
18
12
12
5
16
8
7
10
14
9
17
14
8
10
13
11
15
12
9
5
9
8
5
10
8
9
8
11
15
8
15
11
19
7
6
5
15
17
12
19
10
18
18
12
12
19
5
13
15
9
12
12
19
15
20
8
5
17
10
5
16
11

10 27 38 60 72 93 107 124 148 173 192 213 225 237 265 289 307 332 353 379 407 428 457 469 491 513 524 553 567 595 616 634 652 666 676 691 704 724 735 764 782 796 807 824 845 873 887 910 925 952 980 1006 1022 1047 1060 1083 1094 1123 1148 1168 1178 1189 1213 1230 1250 1268 1292 1306 1328 1357 1387 1409 1428 1448 1474 1500 1520 1538 1550 1564 1593 1608 1620 1644 1666 1676 1699 1709 1729 1757 1781 1800 1810 1838 1867 1897 1912 1929 1941 1952 1970 1984 2000 2014 2043 2070 2086 2099 2128 2153 2179 2207 2225 2237 2256 2277 2299 2329 2358 2375 2397 2422 2445 2470 2498 2526 2540 2565 2583 2604 2614 2633 2653 2667 2690 2718 2737 2759 2775 2802 2828 2841 2863 2879 2894 2914 2937 2959 2975 