350 150 6 
17
7
13
17
16
8
10
15
19
12
16
18
16
14
6
11
20
14
10
10
13
10
9
8
17
20
9
14
13
10
13
16
8
10
16
10
20
7
19
14
7
15
19
12
17
18
10
10
7
9
7
16
18
11
12
7
12
14
20
14
19
16
12
11
20
10
19
20
8
13
20
18
9
9
7
19
13
15
16
20
10
7
19
11
16
17
19
9
12
11
17
6
11
16
13
20
9
7
6
14
9
16
6
11
18
14
18
16
16
7
19
6
19
8
13
9
6
15
17
16
11
20
17
19
14
17
15
7
14
12
14
9
16
20
16
13
8
17
11
8
18
17
15
14
16
9
17
17
16
20
19
6
18
7
8
14
19
10
16
11
14
16
16
12
16
20
9
12
10
11
10
13
17
19
12
15
15
15
8
16
16
6
11
13
14
10
10
16
7
11
12
12
18
15
11
19
17
10
16
14
6
6
16
14
13
16
17
18
20
13
11
14
12
7
15
9
17
14
8
12
8
16
6
16
20
20
20
10
20
8
20
10
20
10
7
9
13
13
13
19
9
8
16
16
12
17
7
10
15
19
12
19
16
15
6
12
16
11
13
11
20
6
18
16
19
13
15
15
17
19
18
14
16
7
13
20
16
11
12
19
19
18
19
11
18
13
11
14
16
20
19
6
10
6
7
16
14
16
17
9
17
13
12
7
19
16
11
9
7
10
20
9
10
9
19
18
7
19
19
17
14
18
20
10
16
6
19
9
15
16
19
17
6
20
11
16
17
8
7
12
19
19
16
15
14
19
13
8
19
9

27 39 54 78 97 114 135 147 160 184 200 227 253 274 291 320 343 361 383 409 424 454 472 488 517 539 558 587 602 621 649 672 698 726 747 773 792 809 828 849 877 900 918 937 963 982 998 1023 1051 1075 1087 1102 1129 1142 1159 1189 1210 1239 1265 1278 1303 1321 1335 1354 1383 1404 1423 1436 1455 1468 1482 1504 1522 1535 1560 1585 1605 1622 1651 1673 1694 1724 1741 1756 1779 1795 1807 1832 1850 1868 1888 1909 1930 1949 1964 1981 1997 2027 2045 2067 2090 2110 2123 2135 2164 2182 2210 2235 2247 2273 2299 2313 2343 2373 2396 2416 2442 2467 2482 2502 2527 2542 2566 2588 2612 2629 2647 2663 2680 2692 2715 2733 2746 2774 2799 2817 2830 2843 2867 2893 2906 2929 2954 2980 2999 3021 3044 3061 3091 