200 10 5 
7
11
6
14
11
18
5
6
7
7
12
18
16
12
17
18
19
5
14
7
16
5
6
6
10
6
12
12
8
13
16
17
16
13
11
16
20
11
13
6
13
18
5
9
8
8
17
11
14
16
6
15
8
18
18
11
19
8
16
14
16
10
13
20
15
12
9
7
13
6
15
9
11
20
8
16
18
16
12
17
19
13
11
16
20
5
12
6
8
5
20
20
13
6
9
7
12
16
7
12
13
11
19
6
10
6
14
14
20
11
12
11
11
18
5
18
10
6
12
15
17
5
14
5
8
11
13
18
16
17
14
7
12
18
16
6
16
15
15
12
9
19
7
18
13
9
12
15
20
13
9
16
7
16
8
10
8
16
18
14
18
7
7
15
19
19
16
17
7
6
18
18
6
15
6
13
17
9
8
12
9
18
12
14
17
14
8
10
5
13
14
19
11
10
8
12
8
6
9
14

11 21 34 45 71 94 120 141 163 