200 10 6 
11
16
8
10
7
16
12
20
15
14
15
20
6
8
8
14
12
18
13
20
15
8
9
16
9
10
9
10
14
17
20
14
8
19
8
11
15
12
12
16
7
10
8
10
7
11
18
15
13
7
9
12
15
9
10
19
15
6
19
6
6
8
16
12
17
16
6
9
13
20
9
9
11
7
6
8
19
19
6
19
10
11
17
19
20
18
19
7
8
13
10
20
12
12
9
8
12
16
8
20
15
16
14
13
15
19
17
18
20
18
8
11
7
18
13
16
17
12
18
9
19
10
9
9
11
14
18
15
15
20
6
15
13
16
9
9
12
17
6
14
12
7
10
8
8
13
19
9
11
18
15
20
18
11
14
12
12
7
19
15
15
6
14
15
18
18
18
9
15
9
17
19
20
8
9
15
12
20
9
15
16
19
19
18
15
18
15
12
10
10
16
9
16
14
7
14
15
9
16
9

27 55 84 100 117 147 176 206 234 