300 40 5 
6
18
9
18
12
13
10
10
7
6
5
19
10
13
11
11
16
5
5
10
11
8
19
13
9
10
6
20
8
18
15
8
12
7
7
17
14
7
16
7
7
13
12
8
13
20
13
9
13
7
12
16
10
11
14
18
20
16
19
8
13
19
17
7
8
8
17
16
19
6
8
5
7
19
8
13
13
17
8
10
19
9
18
9
16
8
12
10
20
7
9
17
19
16
16
11
19
13
13
5
20
18
7
10
16
14
18
11
19
15
5
20
13
20
15
13
5
6
6
14
16
9
16
6
18
15
5
14
5
15
20
9
8
20
6
15
9
8
16
10
6
19
13
17
17
15
11
19
18
14
20
6
17
13
16
17
20
10
9
6
5
5
15
20
8
19
13
12
11
9
12
18
15
7
6
7
7
18
14
5
15
6
14
10
14
12
17
8
14
9
18
12
12
7
5
14
11
8
20
8
14
7
12
11
6
18
10
14
8
5
16
9
19
8
12
17
16
13
11
20
11
18
10
8
17
14
13
14
10
9
20
13
9
12
10
12
18
12
15
16
12
17
9
8
6
12
7
20
15
8
6
13
16
15
8
17
13
16
17
14
13
16
19
17
5
16
13
15
12
13
15
20
10
13
17
9
18
8
5
12
18
5
11
11
8
7
19
16
7
8
8
20
11
5
11
13
9
9
13
10

27 47 67 88 104 131 144 162 179 209 221 232 260 275 286 311 326 346 376 398 410 435 453 474 489 517 532 547 561 581 602 630 640 650 666 695 718 729 749 