100 150 5 
13
20
5
20
8
9
14
9
7
12
18
16
18
9
18
12
16
8
6
13
16
15
10
6
9
10
9
17
13
14
9
17
19
11
7
8
5
17
20
10
7
20
17
17
10
18
6
19
15
19
9
17
15
19
13
17
11
13
9
14
16
8
11
14
13
6
12
5
8
10
6
9
13
10
20
5
8
6
8
17
6
8
18
18
7
12
16
14
7
18
17
19
13
17
15
8
19
14
12
20

17 44 63 92 121 131 142 155 183 212 223 251 278 308 333 359 372 383 393 420 431 441 455 473 500 511 521 532 557 575 592 620 645 672 698 717 734 749 774 800 823 833 853 876 905 915 944 966 984 1001 1016 1041 1057 1071 1084 1098 1121 1138 1161 1184 1209 1237 1256 1275 1291 1319 1348 1371 1385 1406 1421 1441 1454 1471 1481 1495 1509 1526 1538 1562 1592 1612 1632 1650 1664 1692 1702 1727 1750 1775 1793 1819 1843 1856 1883 1905 1925 1944 1965 1977 1987 2013 2025 2052 2075 2097 2109 2134 2151 2162 2189 2209 2223 2252 2276 2304 2317 2340 2358 2380 2398 2422 2437 2462 2477 2491 2502 2520 2544 2555 2570 2587 2602 2614 2640 2663 2683 2695 2705 2718 2736 2753 2766 2788 2815 2839 2867 2891 2902 