200 100 7 
19
10
13
13
10
20
14
17
20
8
12
14
16
19
16
15
17
9
8
19
19
9
12
12
9
10
7
20
10
10
14
9
15
7
18
20
12
10
19
12
9
17
14
11
12
9
17
12
17
20
15
8
20
14
9
10
14
8
16
16
12
17
8
7
19
20
15
19
8
9
19
10
8
12
11
18
19
13
15
7
10
12
10
16
18
19
12
16
10
18
19
12
15
10
14
17
13
15
16
11
7
15
9
15
13
13
9
8
20
18
17
14
16
19
19
18
10
12
18
19
12
16
17
9
18
13
8
10
12
7
13
9
12
17
9
20
7
16
20
8
19
20
9
16
20
18
10
8
14
12
9
13
19
16
17
15
12
17
10
16
18
10
17
10
18
17
9
17
7
13
8
17
17
12
11
10
7
17
16
18
14
7
12
10
17
10
14
17
14
18
8
8
10
19
15
12
9
7
7
7

26 45 61 88 106 135 152 166 181 204 220 246 275 296 325 345 364 393 412 426 445 463 482 509 532 559 588 612 639 655 679 709 723 746 762 783 812 826 854 875 890 913 940 970 999 1021 1042 1061 1088 1108 1135 1149 1167 1181 1199 1221 1241 1259 1275 1289 1313 1334 1354 1378 1402 1419 1446 1465 1480 1508 1524 1542 1563 1583 1597 1625 1644 1658 1679 1700 1724 1753 1771 1795 1818 1847 1864 1883 1905 1930 1955 1972 2000 2017 2033 2051 2078 2105 2126 