300 100 7 
14
19
14
8
14
7
15
11
12
20
7
9
19
18
9
9
14
16
10
17
8
12
13
13
17
18
9
16
14
8
8
14
14
16
20
12
14
18
10
15
13
20
10
10
14
19
13
15
8
11
19
19
11
9
8
14
20
10
8
19
10
14
9
14
10
19
19
10
19
14
13
19
19
18
8
13
8
9
13
12
20
7
9
9
17
20
16
11
17
20
10
14
15
18
15
16
9
14
15
10
7
18
8
14
15
9
11
8
10
16
11
10
17
7
14
19
9
7
19
18
10
14
16
10
15
13
18
12
16
7
8
18
10
18
19
17
13
12
16
13
20
12
9
7
9
14
8
13
12
12
15
14
16
20
18
10
16
14
14
16
14
18
14
14
7
15
10
10
19
17
19
7
18
9
9
20
19
10
17
15
12
12
14
19
12
16
11
11
19
13
19
13
10
9
9
8
9
17
12
9
20
10
15
18
13
17
12
16
11
15
15
14
10
10
10
15
13
14
15
16
18
8
13
10
13
10
15
7
18
7
11
7
10
7
12
14
18
20
7
11
8
10
17
15
11
12
12
16
8
16
18
9
18
10
15
11
14
9
7
8
7
8
16
20
20
20
8
20
17
10
10
7
11
9
9
12
10
17
20
9
16
10
14
10
10
10
17
14
11
20
9
7
16
14
15
12
15
11
18
19

15 29 43 66 90 108 126 141 157 183 209 239 269 291 305 320 347 369 393 418 435 463 491 519 535 554 569 588 602 617 636 655 680 703 731 756 783 808 823 848 863 889 918 932 955 972 1002 1019 1048 1075 1099 1117 1146 1163 1190 1210 1227 1251 1272 1302 1328 1347 1364 1379 1405 1429 1445 1470 1485 1512 1535 1556 1580 1598 1626 1642 1666 1687 1702 1719 1740 1769 1788 1810 1837 1855 1875 1899 1919 1946 1971 1987 2016 2039 2067 2088 2104 2122 2148 