350 100 7 
8
12
8
19
8
16
7
17
14
17
14
9
8
12
17
17
14
13
13
20
16
10
11
15
18
15
16
17
11
8
16
8
17
17
7
14
12
7
18
10
17
9
14
16
7
17
16
13
16
19
17
8
19
15
16
18
12
20
18
20
15
13
9
8
15
12
13
11
16
16
20
17
19
17
7
19
15
11
8
16
7
18
13
8
9
9
15
20
18
18
10
11
17
15
19
15
11
7
14
11
10
8
14
19
14
12
16
10
16
14
10
9
14
18
20
7
18
9
10
8
10
15
10
11
15
8
7
11
20
7
17
17
19
11
14
14
7
8
18
8
18
13
17
11
16
14
8
7
9
12
15
7
19
9
15
15
7
15
11
15
16
10
9
7
13
13
16
19
16
12
8
9
16
12
7
12
15
14
7
10
15
13
10
8
14
19
8
10
17
8
13
20
12
17
19
18
15
14
14
17
19
20
19
12
20
12
20
11
8
15
13
7
10
13
12
11
14
13
15
11
11
17
11
15
10
16
15
14
7
10
17
7
9
14
13
15
10
19
16
17
12
17
7
9
15
20
11
10
10
16
10
17
18
14
20
11
7
9
17
10
10
10
16
20
17
12
20
7
14
20
19
7
18
10
18
11
19
19
15
19
8
15
16
9
11
11
14
16
20
15
17
8
17
20
13
15
15
16
13
11
15
14
7
18
10
17
14
8
10
10
9
19
18
10
7
15
20
14
17
7
11
11
11
17
18
18
12
13
15
11
16
10
8
17
10
13
18
12
7
8
9
9
17
15
7
14
11
10
9
13

24 50 75 96 115 133 153 167 192 210 239 263 281 309 328 353 381 411 425 453 475 502 519 547 568 588 603 622 646 668 689 708 735 756 786 805 829 858 880 898 917 934 954 971 998 1016 1034 1058 1074 1100 1114 1141 1164 1183 1206 1225 1254 1272 1293 1316 1341 1358 1378 1408 1428 1451 1471 1501 1531 1546 1563 1583 1603 1619 1648 1671 1688 1716 1730 1759 1783 1811 1840 1865 1890 1909 1927 1950 1966 1982 2002 2021 2036 2061 2085 2102 2131 2149 2176 