350 30 7 
11
10
10
19
11
15
12
18
15
19
9
16
10
15
13
13
11
7
8
17
14
12
14
16
11
17
12
17
13
15
12
12
18
10
13
15
18
8
16
18
20
20
10
15
16
9
19
13
14
18
16
20
14
14
17
13
11
12
9
19
11
7
9
17
14
20
11
14
14
11
8
17
17
16
7
13
11
15
14
12
8
17
14
15
16
17
17
9
13
11
12
19
7
8
15
10
10
16
20
16
11
13
12
11
14
17
20
15
12
8
11
9
11
7
16
7
19
18
7
18
10
17
9
15
10
8
12
13
18
7
17
17
16
11
11
8
8
18
11
7
17
7
14
14
9
9
10
17
9
7
16
8
20
17
13
7
10
20
9
18
15
7
17
19
7
12
8
15
8
11
15
10
8
14
20
13
19
9
13
15
18
19
10
8
11
18
19
15
11
18
18
11
15
13
12
18
16
15
12
18
11
11
17
11
20
8
14
16
8
9
15
7
15
14
13
20
14
17
7
19
18
20
20
20
8
16
17
16
12
18
19
8
7
14
20
14
15
9
8
17
13
16
13
8
14
12
8
11
19
19
16
20
9
16
10
11
11
17
9
9
15
10
20
11
12
9
8
14
7
8
11
12
18
8
14
8
9
8
8
11
12
18
9
16
8
20
20
12
8
19
10
8
10
7
11
10
12
11
18
11
16
7
7
18
7
20
18
8
9
7
18
17
8
7
12
16
18
15
15
19
12
12
17
7
11
14
11
7
13
14
7
14
15
17
11
9
9
9
18
14
18
9
17
17
20
20
9
14
15
11

26 47 77 106 133 160 181 199 217 240 257 273 302 329 354 373 399 426 445 461 487 515 529 544 570 597 626 652 673 