300 20 6 
10
12
6
19
11
9
15
12
14
11
13
10
11
13
14
10
14
16
6
11
15
10
13
10
8
18
20
18
10
11
14
7
16
7
18
20
17
8
16
13
8
9
19
10
20
11
10
17
12
16
10
15
9
17
11
17
6
6
13
10
11
10
10
12
7
18
9
19
8
18
6
17
17
14
16
20
17
20
15
8
12
16
9
10
14
18
12
12
9
11
9
9
12
12
15
18
19
7
10
7
17
12
20
7
11
10
14
17
18
15
8
15
10
19
18
17
15
16
10
18
15
19
17
20
9
12
19
14
12
20
18
8
12
12
10
13
8
13
11
8
20
10
12
19
10
19
18
18
9
14
17
9
19
7
7
16
13
7
15
15
7
15
7
18
17
8
18
20
12
6
10
14
20
8
11
6
19
9
14
16
6
16
17
17
14
7
9
8
6
15
6
15
14
16
19
13
9
14
16
13
19
17
7
13
6
17
14
11
20
7
9
18
11
11
20
15
6
11
19
11
11
19
13
17
11
17
12
14
19
19
7
10
20
6
18
9
10
20
9
18
15
8
13
10
14
19
18
17
20
14
7
9
18
15
16
6
10
6
11
10
20
17
14
14
15
14
14
15
17
17
18
7
12
13
14
17
10
6
17
6
18
10
16
6
14
9
12
11
19
7
9
11
9
13
10
11
20
10
19
16

19 49 73 88 107 127 152 181 203 227 245 262 274 299 319 344 374 403 424 