200 10 7 
15
18
9
11
17
16
8
11
20
9
19
18
19
19
16
13
15
9
7
14
11
10
9
15
18
13
14
9
14
19
9
14
15
12
7
11
17
14
18
20
10
10
9
19
11
15
9
11
16
19
11
16
18
20
15
20
18
20
11
14
12
12
14
8
20
15
15
7
12
13
14
17
13
17
13
20
19
12
11
7
11
11
9
19
12
9
20
17
13
8
9
16
16
8
9
20
15
7
17
15
9
8
19
17
18
14
10
13
11
8
20
18
11
11
19
17
8
19
13
19
13
11
14
20
18
19
14
13
18
11
16
8
8
11
9
18
19
13
15
17
11
13
16
11
10
10
12
19
18
17
10
18
16
15
16
12
9
10
7
18
10
12
10
9
8
17
18
14
11
10
15
8
18
16
9
10
9
20
8
9
11
7
19
12
13
15
14
20
10
9
13
10
19
16
15
16
13
18
7
8

29 44 62 77 94 116 145 171 189 