350 30 7 
7
16
10
14
20
8
15
8
19
16
19
15
9
14
8
18
7
19
19
13
12
11
8
9
15
7
17
17
8
16
11
11
8
16
18
9
13
9
12
17
17
10
12
18
11
19
12
19
19
17
19
11
16
19
17
14
7
13
7
8
10
8
10
14
7
13
20
20
7
14
11
9
17
8
20
10
17
18
11
10
18
13
20
19
11
17
12
9
18
19
10
16
14
7
17
15
18
9
15
18
20
8
8
13
7
10
16
16
10
12
18
14
10
8
15
10
20
10
12
9
9
12
12
20
19
18
18
16
14
11
17
7
14
14
10
19
10
11
13
11
7
7
16
19
18
11
19
12
19
14
19
12
10
9
20
16
14
13
14
20
11
11
7
9
7
13
13
8
20
18
17
9
12
18
11
20
20
13
12
13
10
14
19
19
7
18
14
19
19
20
8
19
15
18
16
16
13
18
14
18
11
8
19
19
17
14
12
17
18
7
13
20
8
19
10
12
15
10
19
7
14
8
20
17
18
17
18
20
17
14
18
9
17
20
19
7
18
16
19
14
7
9
11
8
15
10
20
9
12
10
16
17
17
9
8
8
19
11
12
8
16
13
17
19
15
8
10
17
14
9
17
19
19
14
18
19
9
12
15
18
12
15
17
11
7
18
19
16
15
17
11
19
11
16
18
18
20
11
15
7
13
13
19
8
17
7
13
8
17
20
13
17
18
12
15
19
7
14
16
15
12
16
13
9
18
10
14
8
14
11
8
17
11
15
13
17
11
9
16
17
11
13
8
15
10
8
15
14
17
10

26 53 73 94 117 143 167 191 216 231 252 267 292 310 340 359 388 414 436 457 479 502 516 545 565 590 605 623 652 