30 150 5 
14
15
14
13
8
5
20
19
17
10
6
11
5
8
6
11
16
17
15
6
13
19
6
12
11
12
16
14
5
15

12 31 44 68 89 114 131 142 153 173 185 207 228 257 275 285 304 323 350 380 405 417 445 460 479 509 525 538 558 570 599 611 624 653 677 707 721 749 774 800 829 856 875 898 925 935 961 981 994 1018 1030 1059 1082 1100 1117 1127 1137 1151 1170 1180 1190 1213 1237 1260 1280 1309 1335 1348 1376 1396 1420 1434 1458 1479 1507 1521 1532 1560 1584 1606 1627 1641 1667 1682 1706 1717 1739 1767 1782 1795 1806 1829 1843 1862 1874 1890 1918 1939 1963 1976 1996 2026 2056 2070 2083 2111 2122 2141 2162 2183 2200 2220 2239 2258 2287 2303 2325 2335 2365 2388 2403 2425 2451 2464 2474 2484 2500 2521 2531 2557 2578 2608 2626 2636 2664 2684 2706 2726 2739 2769 2790 2819 2845 2874 2900 2923 2944 2956 2984 