200 150 7 
18
10
20
18
14
15
13
13
17
9
11
18
12
20
8
17
13
20
20
9
20
12
18
14
11
15
8
16
13
18
11
8
8
16
7
10
16
17
10
20
11
14
14
12
11
18
7
19
20
12
12
13
14
10
10
9
7
16
15
14
9
17
8
13
16
15
17
19
14
16
9
14
20
12
14
9
14
11
20
8
13
11
14
16
8
11
18
14
18
7
14
14
10
13
20
20
11
14
20
18
20
11
14
19
9
10
13
17
10
12
18
20
10
8
18
7
7
19
10
11
16
7
19
15
14
19
7
19
11
17
18
13
7
19
13
15
12
11
18
8
11
9
12
19
7
18
19
8
7
15
9
10
13
10
11
7
17
14
9
20
10
19
18
12
13
7
15
20
13
20
17
11
9
9
10
13
19
16
18
13
18
13
20
13
7
7
9
19
8
11
20
19
17
17
9
13
16
10
9
14

30 57 77 106 133 156 172 193 208 223 238 261 275 293 315 345 367 385 401 430 446 474 493 507 533 555 581 596 616 636 662 686 702 722 751 779 801 829 854 877 904 925 955 972 998 1021 1037 1067 1088 1110 1137 1158 1186 1204 1219 1249 1278 1304 1324 1344 1374 1389 1406 1425 1451 1477 1492 1510 1529 1553 1578 1601 1629 1645 1661 1684 1701 1722 1747 1770 1794 1819 1836 1858 1872 1898 1924 1942 1957 1976 2000 2028 2057 2074 2097 2119 2135 2157 2183 2206 2224 2246 2261 2280 2296 2314 2329 2352 2368 2387 2408 2436 2466 2484 2508 2535 2556 2571 2586 2600 2625 2646 2675 2703 2728 2749 2776 2795 2823 2839 2869 2887 2902 2918 2948 2974 2997 3016 3043 3061 3089 3118 3148 3175 3195 3221 3243 3269 3297 