400 150 7 
19
16
16
9
17
9
12
17
10
7
15
10
10
13
7
9
7
12
7
19
19
17
19
16
14
7
16
15
10
16
11
10
13
16
19
16
7
19
20
15
13
20
10
17
9
13
16
18
10
14
9
10
20
19
14
16
16
14
8
17
15
16
19
12
17
11
19
17
7
8
18
12
8
18
18
18
16
13
16
10
10
12
12
19
18
20
10
12
7
11
11
16
10
9
11
17
7
10
9
20
10
11
15
20
17
19
19
18
11
14
10
17
15
11
15
19
13
8
20
10
17
15
19
8
19
17
15
18
19
16
13
19
12
8
9
11
18
8
16
15
14
12
11
12
7
11
17
12
14
18
19
20
10
14
16
10
8
18
12
9
16
12
12
12
10
17
15
17
13
17
8
17
7
7
20
14
10
18
13
12
17
9
12
15
20
16
16
11
15
9
20
14
17
16
13
18
18
10
9
8
7
10
15
17
8
17
18
11
14
12
13
10
14
15
12
12
16
7
18
18
15
10
14
10
18
16
9
16
12
16
18
17
10
8
11
10
8
10
17
20
8
10
14
19
15
8
20
9
16
14
20
19
10
8
17
20
18
7
19
19
14
9
16
9
14
17
9
15
11
17
8
15
16
14
11
20
12
20
13
13
9
14
20
19
17
19
8
11
15
10
11
15
8
15
10
13
13
8
15
12
8
9
15
17
14
12
13
20
15
15
8
7
10
7
12
9
19
19
8
8
19
7
20
12
10
13
7
9
17
7
14
15
12
9
12
9
12
14
17
9
18
15
9
7
13
11
17
7
18
7
7
13
8
18
12
9
11
14
12
15
12
18
19
18
19
17
20
19
16
18
14
19
10
14
7
8
20
16
19
8
12
17
8
14
18
14
7
9
19
18
20
14
14
16
19
19
9
19
16
20

28 53 70 92 107 127 149 173 187 212 239 269 299 318 345 364 390 407 436 452 473 490 511 534 548 562 589 611 635 663 679 697 715 744 762 777 803 832 849 878 908 924 947 971 987 1008 1028 1053 1082 1098 1128 1150 1168 1196 1220 1250 1274 1302 1319 1341 1362 1389 1409 1439 1464 1485 1513 1531 1550 1578 1603 1628 1646 1671 1690 1718 1739 1763 1786 1802 1816 1830 1856 1870 1888 1916 1935 1952 1980 1999 2019 2045 2059 2078 2093 2118 2135 2154 2173 2200 2218 2244 2267 2284 2313 2337 2363 2392 2417 2447 2477 2497 2513 2530 2549 2576 2593 2611 2640 2660 2677 2703 2725 2755 2779 2807 2836 2862 2880 2895 2910 2934 2962 2977 2995 3023 3037 3052 3074 3090 3115 3141 3169 3197 3223 3243 3261 3287 3313 