200 150 6 
19
8
13
9
7
19
6
17
12
16
20
13
6
6
20
7
12
7
7
13
13
12
16
6
10
16
19
19
6
14
11
18
18
10
13
14
20
11
10
9
16
19
11
7
13
7
13
6
8
11
11
11
8
7
9
6
14
12
20
10
18
7
12
12
16
9
7
10
14
19
14
11
15
20
8
19
6
14
6
9
16
15
17
14
14
16
10
9
6
16
16
15
13
12
12
19
18
7
12
20
12
7
11
14
18
17
11
20
16
19
18
7
11
14
19
16
6
12
17
6
10
17
9
6
20
17
12
17
13
16
19
9
17
14
20
18
7
9
14
9
13
16
14
16
9
16
6
12
10
20
7
15
16
13
19
10
19
14
10
18
7
19
17
8
12
7
13
15
17
6
12
18
19
16
16
20
20
15
11
11
16
9
18
15
12
19
12
10
14
11
11
15
6
10
6
12
15
7
11
7

12 40 70 90 115 142 154 167 181 208 233 251 264 278 297 320 347 362 387 415 427 444 463 478 503 528 543 555 584 601 618 634 664 692 706 718 735 764 794 807 826 849 862 883 895 919 941 958 976 997 1025 1044 1056 1076 1105 1120 1133 1163 1188 1200 1223 1250 1267 1291 1305 1329 1344 1368 1394 1409 1424 1444 1460 1480 1497 1512 1527 1548 1574 1597 1618 1632 1651 1666 1690 1714 1732 1748 1777 1800 1829 1841 1868 1889 1908 1925 1945 1966 1996 2010 2040 2059 2081 2106 2123 2145 2168 2187 2209 2237 2256 2279 2305 2328 2352 2369 2385 2409 2424 2438 2462 2474 2492 2510 2533 2560 2579 2600 2629 2647 2665 2691 2719 2743 2771 2801 2815 2833 2852 2866 2888 2905 2917 2933 2955 2967 2989 3012 3040 