30 100 6 
13
6
20
10
14
16
15
10
16
15
14
17
16
13
6
13
12
18
8
14
7
11
13
9
10
12
11
7
14
16

12 33 50 66 92 111 127 156 169 186 216 245 268 293 319 338 355 378 395 413 439 466 491 519 542 563 579 603 615 638 656 685 697 715 743 766 790 815 845 867 892 904 921 946 963 976 994 1018 1044 1061 1090 1105 1125 1148 1173 1203 1216 1230 1247 1271 1287 1310 1334 1351 1380 1395 1414 1434 1462 1490 1517 1539 1552 1579 1601 1630 1651 1680 1698 1713 1737 1763 1793 1809 1827 1851 1881 1904 1923 1946 1960 1972 1988 2018 2037 2055 2079 2097 2127 