350 30 7 
12
16
13
16
18
11
20
9
12
8
18
14
15
7
11
8
13
15
14
20
18
8
12
7
18
17
17
15
12
7
13
10
11
14
8
12
9
10
13
12
19
9
13
14
12
15
15
7
7
15
13
11
10
12
16
7
8
9
14
7
15
14
16
16
16
16
15
15
16
20
15
13
12
8
17
10
19
15
16
13
12
7
15
13
12
16
9
13
16
17
12
13
13
17
12
11
12
20
9
19
9
19
17
19
11
7
17
16
20
14
9
15
15
17
15
10
16
20
15
8
18
13
16
16
14
18
20
17
9
8
18
16
20
15
18
17
12
10
20
19
13
13
14
8
15
17
18
8
8
16
18
16
19
7
10
18
12
16
7
7
9
10
19
20
19
11
19
7
18
12
19
18
19
20
14
18
7
15
10
20
17
9
7
15
7
10
12
7
9
19
12
15
7
10
17
13
17
17
10
14
7
17
18
13
11
19
17
16
10
10
18
20
11
18
13
14
7
13
15
7
15
17
12
12
18
11
14
18
11
11
8
20
13
17
7
19
15
16
7
9
8
17
7
14
10
15
9
18
20
12
19
7
19
17
9
7
12
12
9
20
15
16
15
18
8
7
14
13
18
20
7
11
18
20
14
15
19
14
8
9
11
7
19
19
7
7
9
20
18
11
10
8
12
18
18
11
18
14
19
17
16
19
20
10
10
11
8
18
16
7
16
20
7
15
19
7
12
7
7
20
20
16
16
18
8
8
9
9
10
18
19
9
11
18
18
17
12
14
16
15
19
16
19
10
14
8
19
14
9
18

14 37 57 80 95 113 142 172 197 213 227 257 283 310 327 347 373 401 427 442 471 485 509 526 541 563 591 619 649 