200 20 6 
19
6
16
6
19
17
16
11
16
7
16
7
20
20
17
12
13
12
13
13
13
16
19
13
6
10
19
12
10
13
20
17
7
7
17
17
10
7
17
11
13
18
13
20
12
15
16
12
17
20
8
7
8
16
16
20
16
6
12
18
18
9
9
12
9
7
20
10
20
12
11
20
6
17
16
15
7
9
7
19
11
11
16
10
8
7
18
19
19
11
8
12
18
9
9
7
10
12
15
20
18
18
16
7
11
20
7
6
12
15
16
15
10
15
14
17
6
14
17
10
20
20
7
15
9
15
8
19
14
19
15
7
19
18
10
10
20
11
17
16
13
11
18
15
9
11
7
18
20
8
9
16
7
18
18
19
18
11
12
7
7
12
8
9
16
7
13
14
16
7
6
18
19
7
8
13
20
18
11
7
8
12
7
19
12
9
10
18
8
8
9
16
17
10
16
6
10
8
12
11

23 49 72 87 109 136 164 187 214 233 249 268 293 310 334 351 366 395 422 