30 150 5 
8
20
7
11
8
9
14
5
15
14
10
15
6
15
6
9
6
13
19
20
19
13
10
16
12
20
6
17
15
18

27 41 70 94 105 126 137 162 189 213 236 262 279 302 326 346 375 392 414 434 459 484 494 505 520 547 562 586 605 635 654 677 701 723 743 763 780 803 826 851 871 891 902 914 944 963 987 1012 1031 1047 1065 1087 1105 1120 1146 1167 1196 1225 1240 1260 1275 1289 1315 1340 1351 1381 1409 1434 1451 1474 1492 1511 1529 1549 1571 1599 1619 1637 1653 1666 1681 1704 1714 1724 1742 1758 1768 1781 1798 1828 1842 1853 1871 1888 1903 1928 1943 1966 1980 1996 2018 2034 2062 2090 2111 2129 2158 2180 2202 2223 2244 2257 2276 2306 2323 2350 2365 2393 2423 2452 2470 2483 2509 2525 2553 2577 2592 2616 2631 2644 2671 2685 2703 2716 2736 2758 2771 2792 2818 2832 2848 2868 2896 2916 2931 2948 2960 2987 3013 