30 100 7 
20
8
13
14
9
7
7
7
15
13
13
12
20
19
10
14
12
19
11
15
12
12
13
19
14
7
18
15
12
9

18 46 64 92 110 130 155 172 202 228 253 269 288 315 337 361 377 406 435 450 464 493 507 528 552 579 605 634 652 669 698 725 741 762 786 810 827 846 863 877 896 913 927 951 967 995 1022 1050 1072 1100 1115 1144 1170 1196 1213 1228 1252 1266 1294 1318 1337 1356 1377 1394 1424 1451 1476 1502 1527 1546 1568 1592 1614 1640 1662 1679 1698 1715 1736 1762 1777 1807 1823 1851 1878 1906 1927 1943 1960 1983 2006 2026 2055 2071 2099 2125 2146 2161 2184 