200 150 6 
12
15
10
8
20
9
11
18
15
17
7
14
7
16
15
17
15
13
6
7
15
19
12
6
17
19
11
9
8
7
15
9
20
17
8
10
11
11
9
6
14
17
11
13
8
18
20
16
17
18
10
14
15
14
12
14
7
15
13
16
17
19
6
11
19
15
6
15
13
19
18
9
10
8
20
11
18
17
13
10
8
7
12
7
9
17
8
10
20
18
10
6
7
16
20
7
6
10
12
8
9
19
20
15
9
8
18
9
19
18
12
6
13
15
11
11
18
14
12
20
17
10
8
18
11
13
12
16
6
8
13
20
8
20
20
15
14
19
7
20
15
8
14
19
9
12
12
16
10
7
12
13
17
10
17
11
17
18
11
8
6
19
16
10
9
18
20
8
9
7
12
11
18
18
18
8
16
9
7
13
9
6
18
20
12
15
13
13
6
18
7
18
18
20
16
14
12
15
15
20

20 34 52 81 100 112 130 143 170 184 200 212 235 253 268 287 314 341 363 388 411 439 454 482 498 519 548 576 593 621 634 660 674 701 729 755 769 793 806 832 852 868 896 910 940 963 978 1002 1027 1039 1055 1076 1093 1113 1129 1142 1172 1195 1212 1233 1258 1278 1303 1316 1329 1346 1373 1403 1420 1447 1467 1485 1498 1516 1541 1559 1588 1609 1635 1650 1679 1696 1708 1723 1739 1759 1777 1803 1828 1842 1856 1879 1906 1929 1941 1955 1984 2005 2021 2045 2071 2099 2118 2135 2156 2170 2191 2217 2236 2265 2277 2303 2327 2353 2372 2398 2415 2435 2448 2462 2476 2495 2511 2540 2559 2576 2604 2617 2641 2666 2682 2695 2708 2736 2754 2776 2797 2812 2824 2854 2869 2899 2918 2947 2967 2980 2992 3016 3034 