400 10 6 
7
11
15
17
14
12
20
16
19
9
8
7
8
8
9
20
16
20
9
12
10
9
9
10
6
9
8
20
19
10
9
11
20
14
7
7
7
19
15
19
9
8
12
19
11
10
16
13
13
11
6
15
19
10
11
6
14
8
19
7
8
12
12
15
15
18
19
18
11
11
12
9
8
13
14
12
9
6
18
7
18
8
7
18
15
20
19
13
20
19
8
13
18
17
7
15
7
9
18
19
18
16
20
6
16
7
18
7
18
13
14
10
7
15
9
8
20
15
11
8
18
17
13
10
18
12
13
17
9
12
18
14
10
16
16
6
9
12
20
7
16
10
18
8
10
9
7
12
6
8
8
12
13
18
14
20
20
18
8
7
12
12
8
13
16
13
20
9
20
11
16
19
16
14
11
12
16
7
9
17
15
20
7
7
7
9
9
18
9
11
14
18
16
19
14
13
19
18
14
14
15
17
11
20
6
10
19
11
13
10
10
20
13
16
18
6
7
14
18
15
20
12
8
19
12
16
19
19
18
16
7
17
20
10
20
11
15
12
19
18
12
7
12
20
6
7
13
9
20
10
7
16
8
13
14
17
8
19
10
7
12
18
7
16
20
12
16
18
15
13
11
8
16
7
7
17
12
11
7
18
19
19
7
13
16
7
13
8
12
15
19
9
17
15
13
19
16
7
18
20
14
9
14
20
14
8
9
18
15
9
12
10
19
10
18
13
8
16
19
15
15
6
7
9
14
8
16
20
15
16
11
15
14
16
10
17
10
20
7
20
12
13
9
15
13
11
10
19
18
19
10
13
10
16
11
12
6
17
9
11
6
6
10
16
8
13
7
16
9
19
12
16
17
6
10
18
11
19
6
9
18
18
20
12
14
14
19
20
20
20
10
13
19
12
20
15
7
20
14
6

25 50 63 81 102 119 145 175 188 