200 10 6 
6
18
19
19
20
6
19
13
18
19
6
17
16
19
13
7
12
11
15
18
8
10
16
6
9
13
18
11
15
16
8
18
18
15
7
13
17
14
16
15
9
17
8
7
12
11
16
16
10
6
11
12
9
20
7
11
7
15
11
10
18
13
15
11
6
7
8
20
8
8
20
6
9
17
15
17
8
6
13
18
13
7
9
18
8
16
11
8
8
13
11
15
9
8
15
6
9
8
15
8
18
20
15
6
6
6
8
14
16
9
8
17
10
12
17
14
7
8
14
12
9
9
15
15
9
13
13
10
15
17
8
9
12
15
16
20
6
14
8
7
19
10
10
15
13
9
6
18
16
6
8
20
12
11
10
12
9
6
13
15
18
17
15
14
14
18
6
13
19
10
13
14
7
7
8
20
13
17
19
13
7
13
7
6
12
7
20
19
14
18
16
16
7
19
7
14
19
16
11
6

17 31 49 71 87 101 122 145 171 