350 40 6 
17
13
16
6
17
19
15
9
8
13
14
18
17
13
17
7
6
17
7
19
14
15
13
16
14
13
14
20
19
20
10
6
18
20
15
11
11
8
9
16
14
8
8
17
16
7
17
9
20
10
18
8
12
9
20
12
20
15
9
15
16
17
9
19
6
17
6
14
9
15
13
15
9
11
12
12
9
10
17
8
13
17
11
17
15
7
15
17
18
14
15
20
19
20
9
19
18
9
8
18
16
12
14
18
19
20
9
20
6
7
19
19
14
16
13
8
12
16
8
16
9
15
14
16
11
20
20
10
9
8
14
6
18
6
8
9
7
19
6
11
15
11
18
18
6
7
6
13
13
12
8
10
10
18
6
10
17
6
10
16
12
12
10
12
14
15
6
15
18
6
8
6
6
15
14
10
15
9
10
6
18
17
16
18
14
6
18
11
18
19
9
15
15
20
20
10
16
7
19
13
9
11
20
10
11
9
15
13
10
14
7
8
9
15
17
13
20
8
8
8
6
14
6
20
7
7
12
9
10
16
9
20
19
17
16
18
10
17
12
6
20
11
6
19
9
6
9
14
9
17
19
7
10
17
7
6
8
16
7
6
12
19
9
7
9
17
7
9
6
6
13
19
15
9
11
20
13
19
8
20
19
16
16
9
16
19
7
13
12
8
12
19
14
12
9
11
12
19
10
6
12
9
7
20
11
11
6
16
14
11
17
8
10
6
16
7
18
10
18
20
9
6
9
10
6
18
18
15
13
14
20
20
19
17
8
14
12
20
16
20
18
10
20
19
17
9
20
14
19
14

22 44 65 88 105 126 149 162 192 217 230 252 269 291 311 336 350 371 392 406 429 445 472 491 511 524 536 561 585 604 630 645 659 682 710 738 765 795 808 