350 30 6 
16
14
14
18
19
20
7
20
17
12
19
20
15
6
7
19
15
13
6
10
6
18
16
15
15
7
13
15
18
9
20
17
20
11
13
8
11
18
17
18
17
6
12
13
17
14
18
18
7
7
13
18
16
20
6
19
8
6
20
17
7
14
17
19
14
14
10
7
13
14
6
10
8
9
18
6
9
11
11
17
19
8
11
6
14
13
20
10
14
6
19
8
7
20
9
10
12
17
8
12
8
16
12
18
10
6
9
7
13
13
13
17
19
6
6
12
7
7
13
6
9
17
14
10
8
12
19
7
16
9
12
19
14
18
13
20
11
17
19
9
15
8
11
8
18
18
15
18
13
11
14
16
16
14
6
7
17
7
6
16
10
19
19
6
12
18
19
7
6
8
17
20
19
7
19
18
11
16
19
11
16
6
9
17
10
18
6
11
13
16
17
11
9
10
8
11
10
8
13
10
19
12
12
20
18
20
11
7
17
8
13
18
10
6
17
18
12
16
20
11
16
18
12
20
17
15
17
14
12
11
20
6
14
14
8
9
8
11
18
9
7
14
19
10
14
11
16
8
10
11
17
9
19
20
12
17
20
9
9
15
8
17
10
18
6
14
11
14
9
13
9
7
19
17
19
15
8
17
8
9
17
17
19
17
13
11
9
9
18
14
19
17
8
8
20
17
9
7
15
18
16
10
11
14
16
9
7
14
8
14
9
7
13
12
12
16
18
11
10
16
13
18
13
15
16
16
6
12
9
13
7
18
12
12
10
6
14
17
13
11
14
8
15
10
7
19
15
18
14
20

12 37 51 66 85 99 118 143 167 194 212 239 253 278 305 328 344 374 401 427 440 458 482 507 527 548 563 593 622 