350 150 5 
12
14
9
17
17
20
20
13
7
11
8
8
19
16
13
8
5
19
9
13
13
5
16
6
12
5
14
8
9
11
19
11
5
5
15
6
17
17
14
12
14
9
5
6
5
5
14
19
8
14
16
13
8
15
19
14
9
17
18
19
19
7
17
16
11
7
17
20
17
10
18
15
10
5
9
17
17
9
19
20
10
8
8
12
8
10
18
14
16
15
16
15
12
5
7
14
20
12
8
5
10
8
8
12
5
7
12
15
17
20
19
18
5
11
8
17
5
14
8
12
9
7
17
19
13
15
12
14
10
14
12
17
5
20
7
14
6
7
5
11
12
14
6
5
16
14
9
5
7
18
11
18
11
17
12
7
12
11
8
7
19
19
20
14
8
19
8
10
5
13
12
10
10
14
6
6
18
8
19
15
6
16
19
7
16
20
10
20
19
17
20
17
9
5
9
6
13
16
18
10
10
16
11
6
19
13
9
11
5
18
13
7
10
14
9
20
15
10
19
17
9
11
8
5
19
10
19
17
11
18
14
5
13
9
7
6
16
19
7
15
16
20
16
5
11
5
5
15
17
9
14
6
5
15
11
10
9
10
9
5
9
16
19
20
6
16
11
18
7
8
9
7
11
6
19
18
18
13
14
19
12
10
19
12
17
7
6
8
19
15
19
12
17
19
10
13
14
13
13
19
17
20
7
13
14
15
15
5
5
13
12
5
9
20
12
10
20
9
16
7
9
16
10
13
10
19
10
10
11
8
5
16
6
14
8
8
17
9
11
6
13
15
9
15
16
17
14
8
6
14

26 43 63 91 110 120 145 158 171 197 213 226 240 263 289 300 325 349 367 389 401 412 440 457 471 481 508 533 544 571 583 608 631 659 677 701 731 748 771 797 810 820 842 865 889 907 926 944 974 986 1001 1021 1051 1081 1097 1119 1140 1155 1180 1203 1227 1254 1281 1311 1337 1361 1380 1406 1435 1461 1482 1497 1522 1534 1552 1575 1601 1618 1629 1651 1665 1675 1687 1710 1726 1740 1760 1784 1808 1838 1860 1889 1910 1935 1954 1976 1992 2021 2046 2075 2100 2123 2134 2146 2173 2203 2227 2247 2268 2282 2312 2329 2344 2367 2380 2408 2425 2438 2462 2472 2497 2512 2542 2564 2577 2597 2616 2630 2642 2662 2675 2687 2717 2746 2769 2796 2812 2837 2861 2889 2909 2921 2936 2965 2976 2988 3012 3022 3042 