200 100 7 
11
15
12
20
15
13
14
12
13
14
16
8
7
9
10
19
17
20
20
20
17
14
8
12
17
11
11
11
8
14
17
20
20
16
9
15
13
11
7
19
12
19
13
14
13
13
8
14
13
13
16
9
20
7
11
13
15
8
18
13
10
19
10
20
7
18
7
15
14
15
13
7
7
17
8
19
10
11
7
18
15
18
20
10
17
15
13
17
12
10
9
15
17
14
8
7
13
19
7
10
13
11
17
11
14
13
18
17
8
7
10
7
10
7
13
16
12
13
12
12
16
7
17
13
10
9
9
12
8
17
20
14
16
17
20
9
20
16
11
7
7
15
20
11
11
10
7
9
20
10
13
9
17
14
17
19
10
14
20
18
12
14
15
12
13
19
11
11
18
10
19
10
9
8
10
20
10
16
13
13
19
18
10
11
9
7
8
7
19
16
13
20
13
13
16
11
18
11
13
12

24 44 66 95 113 131 155 169 183 209 223 250 275 303 330 353 375 404 420 448 475 499 514 532 561 579 603 626 645 662 685 701 722 752 769 788 808 836 851 865 892 917 946 968 985 1011 1040 1062 1078 1108 1132 1158 1188 1218 1244 1261 1285 1299 1315 1339 1356 1383 1398 1415 1433 1451 1481 1497 1514 1532 1556 1573 1598 1623 1640 1668 1682 1702 1732 1755 1778 1802 1828 1846 1874 1901 1927 1952 1979 2000 2027 2055 2085 2113 2140 2170 2199 2220 2242 