300 20 5 
9
15
14
12
12
15
15
18
19
5
13
11
19
18
20
16
7
19
11
13
5
7
5
13
16
19
19
8
15
6
12
10
14
9
16
6
20
10
9
11
5
9
19
5
9
17
14
7
13
11
18
8
8
16
18
12
16
14
19
5
14
13
15
8
15
18
5
5
12
20
20
18
13
13
8
7
10
18
19
15
18
7
16
13
15
13
20
13
9
13
6
13
10
10
16
11
18
18
6
17
13
5
7
15
17
10
18
7
12
13
11
15
14
13
13
18
18
6
18
8
19
10
17
8
13
5
8
11
17
17
10
18
13
7
10
10
11
7
9
15
9
10
13
16
9
6
18
17
9
18
5
6
6
11
15
15
13
6
14
14
19
6
10
17
5
16
7
12
18
14
6
7
7
17
17
8
11
10
7
18
13
11
20
14
10
9
5
8
20
20
11
14
15
11
14
5
14
10
19
13
13
5
17
5
16
9
16
17
12
17
19
11
20
7
8
9
8
11
14
14
8
9
6
19
15
6
13
6
14
11
9
19
6
5
17
19
11
12
18
19
5
18
15
6
8
15
9
13
6
11
16
6
19
11
8
19
10
16
15
13
15
12
15
8
20
6
15
8
15
16
14
20
12
7
19
11
15
10
14
20
13
15
19
10
12
19
9
8
8
17
14
17
7
20
13
19
15
16
18
13

18 36 61 89 99 114 126 156 181 192 206 224 240 267 295 322 349 376 390 