200 20 6 
14
7
18
18
16
15
19
16
10
8
15
19
10
18
6
7
8
19
15
16
19
18
8
8
14
18
13
19
11
20
9
13
8
17
15
17
19
8
16
11
11
10
7
18
6
7
20
18
19
8
17
14
6
7
12
7
12
18
17
6
15
11
11
10
16
19
9
7
7
19
13
16
13
14
17
8
13
19
7
7
20
11
8
14
12
11
8
6
8
7
10
12
13
8
8
6
14
15
18
9
8
15
7
6
16
12
17
13
6
11
8
19
11
7
8
12
17
16
6
17
9
11
11
6
11
14
14
13
16
10
7
14
10
19
17
17
18
7
18
13
9
17
9
14
11
17
11
17
15
20
15
14
7
11
18
10
12
14
19
13
12
11
17
10
14
10
6
11
20
11
14
19
12
9
10
10
13
18
12
16
12
9
13
12
16
11
18
10
17
16
10
8
15
9
13
19
16
17
11
13

21 42 65 88 105 129 158 181 194 222 250 262 291 303 326 338 350 367 389 