200 30 5 
9
13
6
16
6
5
5
13
9
11
6
16
16
6
7
13
15
8
14
14
6
5
15
10
17
8
14
7
14
19
18
13
20
6
11
13
18
18
6
18
6
14
14
7
16
9
20
10
5
17
18
15
8
20
13
7
6
5
10
18
16
17
18
19
15
18
9
20
19
19
11
10
12
6
7
9
13
19
17
11
14
17
19
13
17
10
19
11
7
10
11
13
20
8
5
18
16
8
5
12
15
16
12
12
20
10
10
15
17
10
20
8
18
16
6
17
11
16
10
13
14
16
10
16
18
17
18
16
16
18
10
13
16
17
18
16
20
19
15
16
19
7
5
10
9
6
5
18
12
13
10
5
18
14
14
17
18
20
18
7
8
6
14
16
13
14
5
14
5
10
13
20
11
18
13
9
11
11
8
8
14
11
10
11
11
14
16
10
11
9
13
15
14
13
9
12
13
14
12
15

20 40 63 76 105 116 133 146 167 181 205 235 257 269 279 304 317 340 355 366 381 393 409 439 450 469 498 517 534 