200 150 5 
6
15
19
10
17
7
18
14
16
9
18
12
10
15
6
13
5
6
9
13
11
16
20
17
14
9
18
11
10
13
17
11
10
8
12
8
14
14
7
15
11
12
11
11
19
14
19
6
7
19
5
15
11
14
5
13
9
14
7
19
8
16
20
20
13
19
14
8
19
12
7
16
8
11
15
7
8
14
13
9
13
5
16
8
7
6
6
13
9
18
12
12
20
7
7
11
8
7
19
20
8
9
10
8
13
15
7
7
14
8
11
14
15
6
16
16
7
18
13
8
6
15
9
13
7
12
19
7
18
14
17
17
5
14
7
16
20
14
11
19
15
18
7
12
19
13
15
14
19
9
19
6
9
11
6
15
7
6
16
17
19
15
17
9
19
17
8
15
5
18
19
20
18
5
7
11
19
18
19
10
20
19
16
16
9
16
11
9
15
13
6
16
20
18
11
20
9
11
19
14

20 36 54 81 94 106 136 148 169 181 205 216 238 268 284 307 336 359 383 403 413 428 440 453 477 496 521 533 559 589 607 618 645 674 685 705 733 762 775 804 825 846 870 897 926 949 963 984 1009 1025 1039 1052 1076 1092 1111 1137 1162 1173 1186 1197 1210 1240 1268 1298 1327 1349 1375 1388 1402 1426 1456 1476 1500 1513 1538 1566 1596 1620 1639 1658 1677 1697 1710 1731 1752 1771 1786 1807 1831 1849 1864 1877 1893 1920 1943 1969 1992 2017 2040 2050 2071 2095 2107 2131 2159 2179 2192 2212 2235 2250 2267 2291 2302 2317 2339 2352 2378 2403 2427 2442 2472 2484 2512 2538 2567 2585 2595 2620 2639 2659 2672 2688 2707 2735 2758 2776 2796 2820 2831 2842 2859 2885 2915 2928 2943 2973 3001 3014 3031 