350 150 5 
9
14
19
8
13
20
12
10
11
8
6
17
14
9
14
15
11
13
8
16
16
17
11
8
18
14
13
10
8
13
17
11
18
13
13
6
14
18
17
16
11
15
5
15
15
7
19
7
7
17
5
5
14
10
15
15
15
15
16
12
14
11
6
16
20
14
16
11
9
15
7
19
8
19
15
14
13
15
10
20
17
10
15
20
10
6
9
7
12
17
18
18
5
7
18
16
8
10
19
15
8
20
7
9
7
12
11
6
15
8
13
16
17
18
13
7
13
14
16
6
17
11
11
6
5
8
14
17
6
8
14
10
17
9
7
11
19
18
18
15
15
11
20
17
15
17
7
20
14
10
13
5
6
5
17
14
6
6
17
13
6
17
9
20
13
5
17
17
19
11
11
17
19
15
5
17
19
14
6
5
7
16
6
12
18
9
14
20
15
10
19
10
16
13
13
5
20
17
13
20
14
18
14
20
20
13
10
6
5
18
16
17
14
11
5
20
15
12
10
15
9
12
12
18
11
19
17
5
14
20
17
10
13
13
19
16
9
12
11
10
12
5
16
16
12
17
18
19
19
9
11
6
12
19
5
12
16
12
13
13
19
7
7
13
8
5
19
14
12
5
14
20
17
14
11
9
9
11
19
19
7
6
11
19
16
8
6
16
7
15
10
19
10
17
7
19
7
17
5
20
19
16
13
12
12
5
11
6
13
16
18
11
18
11
17
13
13
18
5
5
8
5
15
16
12
11
7
6
18
9
17
12
7
20
15
10
5
19
7
14
16
9
7
18
14
17
6
12
11
10

17 30 41 61 78 88 101 112 129 150 177 206 220 248 277 293 317 346 371 395 419 449 459 472 491 514 529 543 569 579 599 619 639 654 667 692 720 735 761 776 799 819 841 863 875 897 927 948 970 987 1007 1037 1059 1074 1097 1117 1128 1143 1165 1195 1216 1244 1254 1268 1291 1306 1331 1350 1362 1382 1410 1427 1446 1462 1487 1506 1521 1547 1575 1588 1598 1622 1635 1645 1661 1674 1700 1729 1755 1766 1779 1802 1815 1827 1841 1855 1873 1899 1921 1946 1962 1980 2010 2028 2053 2076 2090 2118 2136 2161 2181 2202 2212 2239 2261 2284 2303 2317 2346 2372 2390 2404 2426 2439 2452 2478 2495 2525 2539 2566 2580 2596 2615 2643 2666 2691 2716 2732 2761 2781 2793 2821 2839 2854 2870 2886 2908 2919 2938 