200 40 5 
15
10
5
18
14
18
14
15
20
13
6
12
19
7
5
9
19
6
11
18
10
10
6
12
12
19
8
18
5
19
7
16
5
5
6
16
12
15
5
19
6
20
5
19
8
13
15
6
12
9
5
5
9
18
9
14
7
19
12
7
17
6
10
20
11
18
20
10
6
6
13
5
18
15
10
7
20
16
20
18
8
18
16
8
9
9
16
17
14
10
11
13
7
10
11
10
9
9
6
8
5
15
15
11
16
5
13
17
15
7
12
5
17
8
18
19
17
6
5
13
12
16
12
13
16
6
19
11
6
16
19
18
17
18
17
14
7
14
6
9
16
10
15
6
12
19
5
13
10
18
15
9
7
14
7
14
19
19
11
15
10
17
5
15
17
8
13
6
16
18
13
6
15
17
5
15
20
12
16
16
12
20
6
14
7
11
20
10
9
7
9
14
14
19
19
8
14
8
9
11

18 30 46 62 90 102 124 134 158 185 205 224 235 250 260 287 310 327 339 356 369 395 407 424 441 463 478 506 532 542 555 583 613 635 658 671 693 706 732 