300 50 6 
20
10
11
8
19
19
11
8
18
15
8
7
18
16
13
20
20
9
8
17
13
17
17
12
17
18
16
16
12
20
18
8
17
14
10
10
10
11
15
17
6
20
20
17
18
15
20
15
8
20
8
12
7
20
20
15
20
20
17
17
9
8
11
7
16
15
20
19
7
6
13
7
18
11
17
12
13
14
6
8
6
6
7
7
8
8
10
18
7
18
18
11
13
10
19
8
13
14
7
14
10
13
17
19
17
10
13
6
8
20
14
8
9
8
16
20
17
13
17
11
15
14
15
12
7
11
19
20
9
19
15
12
15
20
8
16
7
6
18
16
13
13
18
13
12
11
13
16
13
20
19
17
13
19
15
18
12
11
8
19
17
18
8
19
20
11
7
17
20
18
7
11
20
11
11
14
14
19
11
12
8
12
12
9
17
13
16
20
15
19
16
19
6
13
16
20
19
20
12
15
20
12
6
8
11
19
13
18
9
12
18
16
9
6
10
8
9
11
11
14
20
16
12
9
15
18
12
15
11
9
20
16
20
8
7
18
16
11
16
6
20
12
16
14
18
11
17
16
10
18
13
11
8
6
9
16
11
15
9
15
18
8
7
14
19
8
6
9
6
17
12
12
9
9
14
18
14
8
20
7
20
12
15
16
10
8
15
6
14
19
18
11
7
15
10
7
6
11
17
16

21 39 64 81 99 119 132 148 167 180 195 219 248 268 285 305 329 346 372 393 405 429 446 469 488 513 530 542 563 580 594 617 635 654 670 694 706 728 740 760 783 808 838 855 883 898 911 925 953 