350 10 7 
18
18
12
9
19
8
10
17
17
16
15
18
19
16
18
20
8
11
19
7
13
20
12
18
13
9
11
19
19
18
16
12
13
19
7
7
16
8
17
18
19
14
19
11
18
11
12
9
12
11
14
14
15
10
14
7
19
14
9
20
18
13
15
12
13
8
19
9
17
11
9
11
14
16
15
8
10
14
19
15
12
11
12
8
14
11
8
15
18
12
13
7
16
16
17
17
19
15
11
10
9
15
10
13
16
17
17
13
10
17
16
18
15
13
17
17
11
13
18
16
15
20
11
13
15
10
20
18
14
16
12
8
8
18
8
11
13
7
7
15
17
11
9
14
13
20
14
7
11
14
14
14
12
14
9
18
16
13
16
14
7
11
8
15
15
7
15
16
14
19
7
17
9
12
10
17
15
11
15
19
7
7
18
15
15
7
15
16
20
18
20
9
13
13
20
14
13
10
19
14
11
17
13
18
15
13
20
12
17
15
11
11
8
17
8
16
18
20
7
14
13
11
8
13
14
17
20
16
13
10
19
9
15
17
19
16
16
17
15
16
13
18
16
14
12
15
7
14
17
19
16
20
9
9
15
16
8
18
10
17
20
16
9
11
15
7
15
13
19
14
18
19
9
17
9
14
8
17
13
7
13
7
20
9
9
11
13
19
15
18
18
7
17
13
10
9
12
8
18
17
9
9
7
7
9
20
15
19
12
14
15
17
12
18
20
13
11
10
11
12
20
15
18
14
19
17
19
12
15
10
8
14
17
13
11
12
10
15
14
14
20
9
7
12
17
7
19
10
8
20

18 46 60 84 110 127 156 180 203 