300 40 6 
7
8
16
20
16
6
12
14
10
15
11
16
18
10
10
8
20
19
8
10
8
14
12
18
18
13
17
7
11
11
12
9
9
6
13
16
13
10
12
18
14
16
15
15
14
11
18
20
12
12
7
18
11
13
8
6
13
16
16
8
6
12
12
9
10
16
16
15
12
17
20
14
7
19
10
10
8
14
15
17
7
16
10
8
17
6
9
18
13
16
6
18
11
20
14
13
8
7
19
20
13
12
17
8
19
8
12
9
7
8
16
16
18
13
19
19
16
8
10
6
20
20
10
6
17
17
17
13
7
10
7
19
11
9
14
6
18
14
11
20
11
9
10
15
16
7
8
10
12
18
16
9
11
9
17
18
17
9
20
10
6
20
7
7
6
8
8
16
13
7
12
7
13
19
10
9
13
9
20
6
12
6
18
17
19
7
9
9
11
16
18
12
8
16
10
18
6
6
14
10
16
10
9
7
6
15
14
15
11
8
6
9
9
13
10
13
15
15
16
20
16
18
17
10
13
6
8
9
14
8
6
12
7
18
13
6
20
15
10
15
15
19
13
7
6
7
11
20
8
16
18
15
14
7
8
13
18
18
19
18
8
10
17
11
13
10
18
14
11
7
17
14
13
7
17
11
13
13
11
14
16
19
19
8
11
12
14
13
16
17
17
13
6
17
9
12
14
18
13
11

21 41 69 97 124 142 171 185 204 225 242 257 280 309 332 359 385 399 424 443 461 482 508 525 554 582 602 615 633 651 674 699 721 741 758 788 808 824 839 