350 50 5 
16
20
13
15
7
11
6
16
20
18
12
18
20
15
9
6
19
17
9
12
15
12
9
10
13
19
17
8
11
10
20
15
6
12
6
19
13
11
14
14
5
7
12
16
15
17
12
20
7
16
11
20
13
20
9
15
9
8
16
10
11
13
5
5
17
5
12
15
13
13
16
13
6
15
20
7
14
7
19
19
19
20
15
7
10
17
8
9
9
5
11
9
19
8
13
17
10
7
8
11
15
9
6
20
14
19
11
16
9
8
8
14
17
5
12
13
12
13
14
15
19
17
9
13
11
18
7
11
7
9
17
14
12
7
5
11
5
8
10
17
8
14
16
10
8
11
11
14
12
15
18
9
16
19
19
14
11
20
9
12
17
20
16
16
10
14
8
10
19
9
8
20
19
15
5
17
16
14
20
19
19
14
12
16
9
20
16
5
11
6
11
11
17
16
12
9
19
7
5
10
16
13
14
17
18
20
15
10
17
5
14
19
7
19
6
11
20
12
9
9
20
16
6
16
13
5
14
18
13
10
20
18
20
11
20
15
13
20
6
14
19
10
18
6
18
6
5
18
11
19
5
18
12
10
18
20
15
11
14
18
18
15
14
11
7
12
17
6
13
9
16
19
14
19
7
5
10
15
20
14
5
16
13
9
12
11
6
14
14
9
19
17
8
14
11
12
17
8
14
14
8
9
8
20
10
9
6
7
9
5
8
6
9
12
8
5
13
12
11
6
17
9
5
7
9
14
18
13
10
7
18
16
7
13
20
6
16
19
6
20
6
18
12
18
17
16
15
15
5
6

24 46 58 84 114 134 158 181 194 212 232 247 258 270 287 306 331 354 384 398 416 442 464 484 503 517 532 542 555 581 606 628 657 668 693 720 734 760 778 790 803 828 845 873 889 907 936 960 985 