100 150 5 
15
13
8
6
11
15
7
8
15
10
20
17
11
8
5
6
8
16
13
10
7
18
18
10
20
18
20
11
17
20
12
16
16
9
17
16
16
9
16
7
13
18
13
11
17
15
5
18
15
12
6
18
17
9
17
10
16
14
15
15
5
14
18
9
14
15
13
16
19
9
7
16
9
12
11
5
6
7
19
19
6
6
7
20
14
12
17
8
15
18
19
8
14
14
11
12
17
7
5
14

19 32 54 72 94 105 133 147 167 179 204 216 241 258 275 297 324 334 362 387 398 417 434 457 486 500 517 545 575 590 609 621 650 680 697 726 738 754 767 782 810 840 868 888 911 924 941 958 980 997 1007 1022 1043 1056 1068 1084 1111 1121 1142 1168 1181 1206 1230 1246 1263 1285 1297 1313 1339 1360 1377 1396 1406 1427 1449 1463 1485 1499 1524 1553 1568 1590 1606 1628 1638 1667 1680 1694 1712 1738 1751 1765 1790 1816 1846 1867 1884 1899 1914 1940 1957 1974 2001 2031 2044 2065 2089 2115 2135 2164 2183 2202 2223 2242 2269 2283 2298 2314 2330 2340 2352 2365 2380 2410 2435 2457 2477 2499 2521 2543 2557 2567 2577 2603 2615 2638 2654 2680 2709 2733 2744 2774 2791 2814 2828 2857 2883 2912 2931 