20 100 5 
15
12
12
6
20
6
12
7
5
11
9
20
17
12
8
16
20
6
5
5

25 46 64 74 95 114 134 151 166 194 221 250 265 289 312 329 344 373 391 414 437 449 462 472 487 497 526 540 568 597 617 630 654 673 693 703 722 742 756 767 796 812 826 845 861 876 889 914 937 967 986 1004 1019 1049 1079 1102 1120 1133 1153 1170 1183 1196 1209 1236 1260 1280 1303 1330 1353 1375 1389 1410 1423 1448 1475 1486 1504 1531 1545 1557 1575 1591 1603 1619 1633 1663 1685 1704 1715 1741 1771 1782 1810 1832 1844 1859 1874 1901 1927 