200 30 5 
15
10
20
5
17
15
18
7
12
12
5
16
9
19
5
12
15
14
8
9
10
14
9
5
9
18
10
9
7
11
11
7
12
13
11
17
20
8
14
10
17
8
15
16
13
10
8
10
18
17
16
14
13
7
5
7
16
7
11
5
8
11
19
5
14
17
15
19
17
20
20
13
20
8
17
10
20
5
16
10
14
8
10
15
14
7
16
13
10
19
7
14
16
19
19
10
13
14
8
5
17
9
13
8
15
18
18
5
8
12
19
5
10
13
14
20
5
20
17
16
15
14
7
13
9
11
5
13
18
12
15
14
10
16
17
20
9
16
11
9
16
7
12
18
16
6
18
20
11
7
17
6
8
16
19
9
10
10
15
6
19
19
12
6
5
17
7
8
10
8
19
14
20
13
17
9
7
12
17
7
6
7
8
9
11
16
18
10
11
9
9
13
9
10
6
6
10
19
8
12

28 50 72 82 105 134 162 186 203 220 242 268 283 313 334 363 390 405 432 450 473 495 509 524 547 567 586 604 619 