200 10 5 
8
7
8
8
5
5
10
13
19
14
5
10
12
20
19
7
7
17
17
6
12
14
11
8
7
18
9
17
18
8
9
9
14
20
16
20
18
7
11
20
8
17
11
14
19
7
16
11
6
5
5
15
17
5
12
15
13
17
11
14
11
5
8
9
7
9
17
5
19
13
15
5
17
5
12
16
16
8
18
17
12
20
6
17
15
20
5
19
12
5
13
14
14
5
15
17
12
12
20
17
15
16
14
6
7
20
16
7
11
16
16
19
16
7
12
19
13
20
11
12
12
7
6
8
18
15
6
7
19
8
16
18
16
7
14
17
18
19
15
13
12
7
19
8
12
5
15
12
18
13
8
18
20
14
14
20
17
12
6
5
20
19
13
15
12
11
9
12
10
12
18
9
10
20
18
9
6
7
8
6
7
6
19
13
13
19
13
10
17
20
6
17
9
6
19
16
12
19
7
17

15 41 61 74 98 128 139 161 174 