400 100 5 
13
8
5
14
19
20
17
13
13
16
17
16
10
13
20
14
17
19
15
17
7
6
10
7
16
8
12
8
5
15
20
10
7
8
10
17
19
12
6
10
7
18
15
10
20
6
6
19
20
8
20
7
13
8
16
16
7
17
6
15
11
19
5
19
13
5
8
12
11
10
7
16
6
20
14
14
16
7
15
18
6
15
20
9
17
20
7
5
8
13
5
18
8
19
16
10
6
7
5
7
20
7
14
7
18
13
8
20
7
8
7
20
16
15
8
14
9
19
7
15
10
5
19
12
19
8
15
9
11
7
10
9
5
10
17
6
20
5
20
20
17
18
6
17
10
17
8
16
13
12
9
6
6
16
7
20
5
8
9
6
19
12
16
11
7
11
10
7
20
5
9
5
5
12
20
17
11
11
13
5
6
8
19
18
19
6
8
17
5
14
6
10
7
15
13
5
17
19
16
16
9
20
17
16
11
14
10
11
12
7
13
6
12
13
14
10
10
15
16
12
12
15
13
13
15
6
11
15
12
9
11
10
12
10
19
14
13
17
14
9
5
13
18
11
6
5
19
7
19
20
6
13
18
5
8
7
18
11
16
17
15
5
19
12
20
15
7
20
17
12
9
17
13
19
19
11
13
8
8
18
5
12
18
12
14
7
14
16
9
5
6
18
19
15
16
16
10
12
5
13
15
8
20
12
12
19
7
16
8
12
7
17
8
16
12
17
9
14
7
15
11
13
20
12
16
16
10
12
5
8
5
16
16
11
6
18
11
20
8
16
16
11
6
12
6
7
12
19
10
17
11
13
17
10
18
5
13
15
9
9
14
12
15
20
11
15
6
10
18
15
13
20
12
13
15
13
20
9
10
11
10
8
19
18
19
20
7
6
19
5
5
15
13
15
11
18
9
11
14
14

24 37 59 71 91 111 136 163 184 203 214 236 249 259 273 286 300 310 330 347 359 375 386 404 423 452 469 484 507 533 560 577 589 617 628 646 659 680 693 706 731 741 766 782 796 822 835 851 875 897 921 932 944 974 993 1004 1032 1060 1081 1101 1127 1143 1172 1186 1205 1229 1256 1283 1304 1315 1329 1359 1379 1393 1407 1422 1447 1466 1485 1501 1528 1545 1564 1591 1618 1641 1658 1684 1708 1726 1754 1767 1796 1817 1837 1847 1872 1900 1913 