400 100 7 
9
10
15
18
20
11
12
7
14
19
12
10
10
18
18
13
16
10
20
15
7
17
11
13
9
7
9
20
9
7
10
17
17
9
19
8
18
14
20
10
14
15
13
8
18
16
19
9
14
8
13
12
19
10
11
18
8
14
16
8
15
13
8
19
15
9
16
19
11
17
12
12
10
11
18
10
10
11
17
14
9
20
17
20
19
19
8
10
18
13
9
10
18
7
16
11
9
17
10
11
9
20
12
18
13
14
9
16
16
14
20
10
18
11
14
19
10
12
8
14
20
15
20
20
15
9
14
19
8
12
8
12
19
16
8
16
15
9
9
18
13
8
16
18
20
10
9
15
14
12
19
14
17
16
7
17
9
12
12
13
18
10
11
10
14
14
12
14
12
13
17
19
16
12
15
7
8
20
9
17
20
10
17
16
17
16
8
9
8
15
20
13
12
7
15
9
12
8
20
16
20
10
8
12
12
16
13
19
7
15
8
13
12
9
13
9
10
12
9
14
11
20
19
7
7
14
9
15
16
11
15
16
15
8
19
7
12
8
12
12
9
16
7
9
10
16
11
15
18
7
8
17
8
15
18
7
12
14
15
8
8
10
12
13
14
16
14
8
16
11
8
14
10
12
12
12
18
7
20
19
12
8
19
15
12
13
9
15
18
8
15
11
9
7
13
15
18
13
11
17
16
12
14
8
10
17
19
8
10
8
12
9
11
11
7
14
17
15
7
18
8
17
11
7
19
13
11
8
10
17
9
7
11
15
8
16
14
11
14
7
11
18
18
15
18
12
18
16
9
16
10
11
15
19
15
13
13
16
14
10
18
19
16
10
17
11
12
12
12
11
13
16
12
20
8
18
8
11
17
17
14
7
20
18
10
18
14
13
16
11
10
18
7
16
13
10
7
19
12
15

26 49 69 88 110 130 150 179 195 211 228 258 273 302 324 352 375 394 409 437 463 482 504 526 545 566 594 617 640 664 680 706 724 752 778 807 827 848 878 901 919 935 949 977 995 1009 1025 1049 1066 1082 1104 1120 1137 1154 1177 1201 1215 1243 1271 1285 1304 1331 1350 1380 1410 1424 1449 1464 1489 1507 1521 1537 1554 1573 1603 1627 1652 1667 1689 1711 1734 1754 1775 1795 1819 1849 1867 1891 1909 1930 1955 1975 1989 2019 2036 2058 2072 2088 2107 