200 40 5 
13
7
7
8
18
17
20
9
14
20
16
5
11
8
7
6
15
7
9
20
19
7
5
8
6
10
7
6
19
18
20
11
16
9
20
19
8
16
15
14
12
6
11
19
5
11
5
6
13
6
13
6
15
20
7
10
12
18
15
14
16
13
13
8
20
7
9
16
5
13
17
15
20
7
9
7
15
15
18
19
17
6
14
16
6
19
19
13
17
13
14
15
17
11
10
8
17
10
17
8
15
15
17
5
16
14
19
7
18
10
8
7
18
14
5
10
14
11
17
8
13
19
13
17
14
6
19
18
15
10
17
20
16
16
8
7
7
20
16
13
20
6
15
9
7
7
10
10
17
6
11
19
9
12
19
13
16
20
17
14
7
15
20
12
15
6
14
13
16
18
9
17
15
9
14
18
10
9
20
10
6
10
6
6
11
15
9
10
13
14
12
5
15
16
16
6
19
11
10
15

10 21 38 52 77 88 114 126 136 149 172 198 220 234 251 261 277 295 306 316 326 342 370 397 427 446 456 480 495 505 526 546 562 591 617 647 668 682 693 