100 150 7 
17
16
20
7
12
14
10
14
15
15
19
12
19
16
8
9
13
9
18
7
7
16
7
10
16
12
16
18
18
16
17
17
20
7
12
16
11
15
14
8
11
17
13
12
8
8
16
16
19
9
18
16
11
9
13
8
8
17
10
16
15
12
12
20
9
8
14
12
9
16
8
8
14
8
16
19
19
7
19
12
20
18
9
13
8
14
9
13
14
18
20
14
13
15
9
16
18
7
13
11

29 44 73 101 120 135 157 187 206 220 250 275 301 324 338 367 396 423 444 474 497 525 549 568 584 598 626 645 666 690 712 740 765 782 809 827 841 855 882 906 920 944 963 985 1003 1027 1057 1079 1106 1126 1140 1170 1196 1218 1248 1274 1298 1317 1336 1353 1381 1400 1423 1439 1465 1492 1510 1537 1551 1570 1589 1607 1631 1661 1676 1701 1716 1743 1763 1789 1807 1831 1857 1882 1905 1919 1947 1975 2005 2020 2034 2058 2079 2101 2122 2147 2164 2180 2197 2226 2243 2272 2297 2323 2341 2361 2387 2404 2427 2450 2475 2490 2518 2541 2571 2586 2611 2628 2646 2668 2690 2706 2732 2748 2763 2778 2807 2824 2841 2859 2874 2892 2909 2938 2966 2992 3016 3043 3061 3083 3109 3130 3160 3174 3200 3230 3246 3265 3281 