30 150 5 
9
16
9
20
17
12
18
12
11
5
19
7
19
6
8
14
10
9
6
19
14
7
15
18
9
16
19
6
9
13

19 29 43 58 81 108 130 141 170 183 208 219 231 245 261 279 301 321 335 355 372 382 393 407 432 442 469 480 498 513 532 551 578 598 625 646 658 687 714 729 750 780 802 824 840 861 888 900 929 940 964 984 1002 1012 1039 1056 1080 1106 1134 1158 1183 1193 1222 1233 1256 1272 1286 1303 1313 1330 1352 1364 1394 1415 1433 1450 1472 1493 1518 1533 1561 1587 1602 1626 1651 1679 1690 1713 1735 1750 1770 1796 1815 1834 1857 1883 1912 1923 1940 1961 1990 2012 2032 2057 2084 2100 2130 2141 2156 2169 2189 2208 2220 2232 2260 2284 2307 2329 2344 2362 2386 2415 2432 2442 2470 2485 2502 2526 2547 2568 2589 2616 2637 2655 2675 2701 2727 2745 2760 2784 2801 2824 2840 2855 2882 2909 2919 2930 2942 