100 150 5 
6
19
17
17
5
14
18
13
12
14
9
6
7
8
6
13
6
17
12
11
11
16
18
8
17
6
12
12
15
11
10
5
13
11
16
9
7
17
6
12
15
18
16
19
7
14
16
10
16
19
10
19
13
18
9
16
11
6
16
19
5
18
20
19
18
10
8
18
18
20
8
14
10
16
11
20
12
7
19
11
11
16
6
16
13
9
18
14
17
19
12
17
19
14
10
11
13
8
18
6

15 38 65 76 94 114 135 163 186 210 222 240 252 280 297 320 330 351 361 381 396 407 434 461 481 508 530 544 565 582 606 630 653 667 682 707 723 747 774 802 832 862 872 897 923 938 962 976 996 1018 1044 1063 1089 1113 1135 1148 1170 1199 1220 1247 1270 1282 1307 1333 1346 1368 1388 1412 1426 1453 1475 1499 1516 1527 1547 1570 1598 1611 1633 1663 1678 1699 1727 1753 1770 1784 1806 1832 1860 1880 1910 1934 1960 1989 2011 2041 2054 2077 2105 2120 2147 2170 2184 2199 2210 2226 2252 2265 2284 2311 2331 2349 2375 2387 2411 2437 2465 2484 2503 2527 2538 2549 2572 2600 2617 2644 2661 2691 2719 2737 2749 2776 2790 2819 2829 2846 2859 2886 2907 2936 2954 2982 3010 3034 3045 3062 3085 3097 3122 