200 10 5 
17
16
14
12
11
6
14
8
6
10
17
6
16
19
18
16
9
17
18
5
7
16
11
10
11
14
17
15
19
16
11
20
17
18
17
11
12
15
6
15
5
16
8
6
13
8
5
19
5
15
17
15
6
12
5
9
19
9
10
11
11
18
7
15
19
14
6
18
20
18
13
8
16
18
12
16
11
9
19
9
7
10
6
5
17
8
19
13
11
19
19
5
9
20
16
18
15
12
6
9
10
8
12
9
15
7
5
12
18
14
18
10
8
12
10
15
14
10
13
14
11
5
5
6
19
16
15
20
14
19
8
9
8
8
11
13
10
8
10
19
10
17
11
15
14
11
5
6
6
11
10
5
11
7
8
5
19
12
11
13
6
12
5
8
5
12
17
9
10
13
20
12
11
8
5
15
19
16
14
17
18
19
19
9
19
17
19
10
15
16
13
6
17
15
5
17
9
10
6
7

12 33 46 66 91 118 147 174 200 