20 100 5 
15
14
19
10
15
5
17
19
7
15
12
8
11
16
7
13
10
7
20
13

21 39 53 76 94 107 128 153 178 196 221 242 262 285 302 326 352 367 380 405 430 453 465 480 504 530 548 560 581 604 622 636 660 688 699 728 747 777 792 819 833 858 888 912 939 962 974 1002 1023 1048 1077 1094 1110 1121 1141 1163 1179 1199 1214 1225 1250 1271 1295 1321 1334 1352 1378 1402 1419 1443 1462 1478 1496 1510 1535 1553 1563 1577 1588 1609 1632 1651 1668 1694 1720 1739 1760 1778 1806 1820 1832 1858 1875 1890 1920 1936 1950 1979 1998 