300 50 5 
18
9
17
17
7
20
19
19
7
14
19
6
11
14
17
20
19
19
10
15
7
19
17
5
17
5
14
18
10
11
12
6
17
5
14
9
19
18
18
13
7
7
9
19
10
5
5
16
11
6
19
17
7
8
11
12
7
13
6
9
8
18
16
18
12
15
14
7
15
15
18
20
13
17
12
7
18
13
19
13
18
11
20
12
10
16
10
6
6
11
15
12
5
15
18
17
10
17
10
17
20
5
10
18
16
19
5
10
13
16
19
17
16
11
5
8
9
5
6
10
6
20
18
18
7
10
11
13
18
17
10
17
8
10
19
15
7
7
12
5
17
5
15
6
13
14
13
14
13
13
6
17
16
19
7
19
8
10
19
14
14
8
5
15
5
7
20
17
12
19
8
15
8
19
12
20
18
11
5
5
12
17
18
17
10
15
5
8
15
8
17
10
5
14
19
17
17
20
6
18
6
16
18
16
9
19
5
17
5
11
20
5
16
9
20
20
13
15
20
8
20
12
13
11
15
11
13
17
6
8
16
9
13
5
17
16
12
13
15
7
16
7
19
7
16
12
17
18
18
12
13
11
15
14
16
8
20
7
11
7
10
13
11
15
9
12
14
8
9
9
5
14
9
5
10
18
19
20
20
17
15
14
8
9
8
6
18
10
12
9
5
9
7
9
15
11
18
11
16
15

28 56 85 104 116 127 137 154 171 199 220 233 260 278 296 308 336 350 376 403 421 438 465 477 487 497 511 521 546 565 585 610 637 660 676 694 707 721 739 755 785 802 827 839 865 884 897 915 942 