100 150 6 
16
8
18
18
20
14
6
16
10
15
19
20
11
18
19
15
17
19
20
17
10
14
11
16
10
15
11
8
16
15
15
15
19
12
11
13
18
18
19
14
19
11
6
19
7
17
20
13
6
16
16
13
10
8
11
12
18
10
7
6
15
11
19
19
15
14
12
6
11
15
7
17
17
16
19
14
10
10
14
11
20
13
16
10
12
20
20
11
8
15
8
10
7
18
19
15
6
6
7
16

19 49 63 93 123 136 162 174 200 218 234 261 283 313 328 346 367 386 400 426 438 458 483 496 514 529 543 567 587 610 628 656 669 691 703 723 753 782 797 827 853 874 895 921 946 972 994 1014 1029 1044 1072 1086 1109 1126 1140 1157 1174 1188 1210 1227 1247 1265 1286 1305 1332 1346 1358 1378 1397 1420 1436 1452 1482 1508 1534 1558 1572 1590 1614 1632 1645 1670 1682 1704 1717 1741 1754 1779 1804 1831 1843 1858 1881 1901 1917 1932 1955 1979 1992 2019 2047 2070 2091 2114 2131 2150 2170 2200 2220 2232 2258 2286 2309 2328 2344 2361 2382 2402 2426 2448 2476 2496 2523 2540 2555 2576 2588 2617 2642 2660 2678 2701 2725 2749 2766 2785 2804 2819 2835 2858 2879 2903 2918 2943 2971 3001 3017 3030 3054 