200 30 6 
7
14
9
14
19
14
6
16
11
11
12
14
14
9
16
15
14
6
8
11
17
13
15
6
16
11
18
11
19
11
7
12
8
11
12
19
8
11
15
9
8
18
19
20
8
19
9
7
13
19
20
10
6
8
13
6
19
10
13
6
8
10
13
7
14
10
14
11
13
6
20
8
20
6
14
19
8
10
10
15
14
13
15
9
12
9
18
16
16
10
11
8
9
14
19
10
7
10
9
15
14
20
17
17
17
9
14
11
7
16
15
14
6
17
16
15
9
10
10
13
17
10
8
17
18
18
17
18
19
16
20
19
12
16
19
17
18
12
9
8
15
17
18
15
14
10
13
16
12
13
17
20
8
10
16
20
6
11
10
14
16
18
16
13
14
10
15
19
15
16
18
6
6
8
10
17
11
16
8
18
18
9
19
6
7
14
10
10
6
13
17
17
15
9
17
12
18
8
9
12

27 42 57 72 94 113 136 158 182 203 230 243 258 277 302 327 343 358 385 409 425 440 457 474 498 522 549 577 602 