200 150 6 
16
12
15
15
11
19
10
7
20
10
17
15
15
10
13
14
9
19
8
20
12
7
13
13
14
6
14
9
13
18
6
15
18
20
20
12
14
11
8
19
9
16
7
16
16
12
20
6
18
20
10
15
8
10
13
7
10
17
13
8
20
10
6
7
10
11
6
13
20
11
12
8
15
13
15
11
10
11
16
7
15
14
18
11
10
13
7
11
19
11
10
8
12
11
20
13
7
14
8
20
18
20
10
12
9
11
10
19
16
13
6
9
7
16
18
8
12
14
9
20
6
11
14
17
17
11
16
12
18
9
6
17
6
19
20
13
6
9
10
10
12
16
9
17
20
6
16
11
17
11
14
8
17
19
8
8
11
17
8
17
13
15
19
15
20
17
19
8
9
7
12
7
10
12
20
17
18
6
10
14
9
8
10
11
12
6
7
18
17
11
20
16
16
10
9
14
10
11
10
18

13 38 65 92 111 138 158 183 211 233 260 285 306 330 346 376 403 421 448 468 484 498 515 540 557 576 605 629 656 680 704 716 741 768 794 817 846 861 891 911 926 938 968 986 1013 1029 1050 1068 1096 1122 1152 1174 1190 1209 1228 1247 1259 1285 1314 1327 1349 1366 1392 1421 1446 1465 1492 1508 1533 1559 1576 1592 1607 1624 1638 1667 1694 1711 1737 1754 1771 1786 1810 1831 1843 1867 1881 1902 1929 1942 1954 1967 1984 2013 2025 2054 2071 2096 2121 2150 2174 2204 2233 2245 2275 2295 2312 2332 2349 2374 2392 2416 2438 2468 2488 2515 2533 2563 2591 2608 2636 2659 2684 2709 2727 2742 2762 2781 2796 2814 2844 2873 2888 2915 2944 2965 2977 2991 3005 3024 3052 3069 3085 3108 3134 3152 3165 3177 3196 