20 100 7 
13
18
19
19
11
20
14
12
17
14
14
16
10
15
16
15
7
8
14
13

18 32 58 79 101 123 147 175 202 227 253 276 304 320 339 358 381 406 435 455 481 506 525 544 562 579 600 628 645 659 682 696 721 744 771 799 824 838 864 888 918 946 968 985 1014 1033 1048 1069 1084 1107 1134 1164 1192 1208 1235 1259 1273 1299 1317 1342 1364 1379 1403 1420 1446 1462 1479 1509 1526 1556 1583 1606 1633 1657 1686 1705 1727 1750 1765 1784 1808 1828 1844 1868 1886 1901 1917 1937 1965 1995 2016 2037 2057 2077 2102 2123 2153 2179 2205 