200 30 5 
16
18
7
9
15
12
13
18
8
18
7
19
13
16
17
7
6
18
5
17
16
11
19
6
11
17
14
7
19
12
7
18
12
15
14
8
20
5
6
18
19
16
9
16
6
14
11
19
13
13
19
12
17
17
8
20
10
19
8
13
16
12
14
9
17
18
5
10
18
18
8
9
9
15
12
11
11
9
17
16
17
18
20
14
16
13
9
14
9
8
7
5
14
12
20
5
6
18
18
5
19
8
10
15
18
5
9
9
19
9
8
6
10
8
17
13
20
8
14
10
14
9
19
20
19
5
15
15
20
8
16
18
13
18
5
12
6
10
7
19
7
5
10
13
15
7
16
18
7
10
16
17
18
13
5
19
8
14
9
13
19
11
20
10
10
6
16
8
12
7
15
17
15
6
14
13
10
9
11
6
15
10
6
12
13
13
20
10
5
16
10
9
11
20
8
19
16
12
19
11

13 41 54 70 92 102 113 138 165 192 207 227 254 267 286 310 329 352 368 379 406 420 449 474 503 516 546 572 589 