300 150 5 
18
5
17
18
20
11
13
19
16
14
9
5
5
11
10
12
9
5
8
9
9
5
10
13
13
16
18
18
16
8
20
6
15
6
13
9
16
6
17
9
5
19
5
12
17
5
15
15
10
8
11
12
15
16
15
16
12
9
17
14
12
19
7
14
15
14
16
11
12
18
17
12
7
19
18
16
7
19
10
15
18
8
8
14
10
15
20
19
12
17
5
11
5
6
5
9
8
7
18
15
15
8
5
17
14
5
8
8
14
12
20
5
8
12
9
7
15
12
18
14
20
16
7
17
20
7
20
13
5
8
11
14
17
14
6
19
18
18
15
13
14
8
19
9
5
12
20
15
9
15
15
9
12
12
14
7
17
16
14
18
12
10
19
17
11
15
10
9
9
16
15
7
17
16
17
19
16
17
19
13
14
15
20
11
14
15
17
7
19
8
9
18
5
19
18
13
5
16
10
10
14
10
17
14
13
11
5
10
18
18
13
10
6
20
10
14
15
16
10
7
19
8
15
20
10
13
16
13
6
11
15
15
7
5
11
10
10
17
6
7
18
7
9
15
10
6
7
8
10
8
16
16
8
7
7
15
16
16
6
8
7
7
15
16
13
11
6
19
17
11
14
19
9
9
17
18
18
14
5
18
5
14
11
10
11
13
9
12
18
19
10
5
16
12
20
5
7
19
11
16

12 41 65 82 102 124 148 167 178 203 229 256 284 308 328 350 365 378 407 433 454 479 505 524 553 566 593 606 630 649 669 696 713 728 747 760 783 802 817 846 870 884 907 928 955 985 1003 1021 1047 1072 1084 1099 1118 1145 1170 1198 1216 1240 1256 1284 1306 1325 1354 1374 1401 1431 1445 1461 1479 1498 1520 1532 1560 1573 1590 1610 1623 1634 1650 1667 1694 1710 1726 1746 1757 1773 1791 1802 1813 1840 1870 1887 1906 1925 1939 1960 1988 2008 2037 2053 2075 2094 2124 2141 2160 2190 2210 2227 2256 2285 2303 2326 2337 2362 2374 2389 2419 2430 2459 2475 2495 2506 2524 2536 2559 2574 2588 2602 2632 2660 2670 2689 2701 2713 2730 2740 2760 2781 2796 2825 2838 2855 2868 2882 2910 2928 2952 2964 2981 