300 20 5 
10
7
18
15
16
6
8
16
11
20
14
12
12
16
7
9
15
11
18
10
11
10
13
17
11
11
14
18
18
11
15
9
11
7
10
14
15
18
6
7
11
6
16
15
16
15
13
6
12
20
15
10
10
7
6
20
6
15
9
5
19
20
6
19
16
11
6
15
8
18
20
9
9
15
15
6
7
20
14
17
18
5
20
15
6
13
5
7
18
14
7
18
11
7
12
15
17
11
15
11
17
16
13
15
13
5
6
10
10
7
19
16
8
6
11
19
7
20
17
17
8
13
16
14
17
13
10
20
6
15
12
8
20
18
7
15
15
17
11
17
15
18
20
13
6
14
9
13
5
19
19
11
16
7
11
19
15
14
7
11
7
14
7
17
8
17
10
20
7
10
6
5
15
12
8
15
20
7
9
5
9
20
18
11
18
19
17
8
12
18
12
11
12
17
5
11
5
5
15
19
14
10
16
14
19
12
8
15
10
7
17
20
9
13
7
11
7
8
9
6
16
17
16
12
13
17
16
16
19
5
14
6
10
7
17
18
17
11
11
19
16
7
9
17
15
7
9
19
5
15
12
20
19
18
12
6
18
19
16
7
10
11
14
20
5
10
16
11
19
17
10
5
15
15
10
20
17
10
17
9
6
16
18
10
13
15
8
18
19
18
13
9
18
13
8
5
5
11
6
17

14 29 58 82 102 130 157 174 186 196 219 249 269 287 298 315 338 357 372 