200 10 7 
19
14
13
12
7
19
11
7
8
18
10
10
12
19
9
19
17
15
16
19
14
9
18
11
10
18
20
16
16
9
9
17
8
16
20
19
15
14
12
8
19
9
17
18
8
20
8
14
8
11
10
9
19
15
11
10
9
7
10
12
19
15
17
14
20
7
9
15
8
18
8
13
17
20
13
8
8
20
7
16
9
16
15
14
13
13
20
14
19
12
18
11
20
15
7
12
8
13
17
8
13
16
10
11
7
10
18
16
14
17
13
7
10
12
11
15
8
16
19
11
19
18
7
15
13
8
7
8
12
16
17
8
14
9
15
16
14
18
16
8
11
18
10
14
15
8
14
12
10
13
14
7
7
15
8
16
18
16
14
20
12
18
20
7
15
7
9
18
20
7
8
18
20
12
8
19
14
18
14
15
7
8
19
10
11
12
8
8
14
10
18
14
15
15
7
15
19
16
15
15

20 47 65 84 108 134 162 192 210 