400 10 6 
11
16
10
17
20
6
16
6
7
18
12
16
13
12
13
12
7
6
6
19
15
6
16
11
8
19
12
9
6
15
13
20
11
7
15
20
12
12
8
6
17
15
16
20
15
19
14
18
17
20
17
8
18
15
14
19
9
9
7
8
7
8
14
7
20
6
16
18
17
6
12
11
10
16
11
15
8
9
15
13
11
18
7
19
14
10
7
12
16
16
19
20
12
6
18
11
17
12
12
16
16
14
9
6
13
13
19
17
17
10
7
11
15
12
8
15
10
8
15
10
7
7
19
20
19
20
13
8
17
13
10
10
20
11
9
19
16
20
18
13
18
14
14
7
16
6
9
11
17
7
11
17
19
11
15
12
10
17
11
18
9
9
9
19
20
8
20
12
20
18
17
10
19
15
20
15
9
12
6
7
14
14
18
14
9
19
15
10
11
10
12
10
13
14
17
16
10
7
17
10
11
14
7
8
7
14
6
20
14
13
17
8
8
20
13
17
15
12
20
13
9
13
13
17
7
9
11
17
7
13
17
13
11
7
14
13
9
8
9
18
7
11
16
13
13
19
14
15
12
11
17
13
11
11
8
14
16
17
6
9
10
6
9
6
8
6
15
18
9
10
16
10
13
13
6
12
11
12
7
15
20
16
20
7
15
12
10
17
6
6
9
9
10
19
10
10
14
11
19
19
9
15
13
20
12
7
8
8
20
19
14
12
9
13
10
10
18
13
6
16
15
8
15
8
18
18
10
8
8
20
13
14
19
11
19
8
19
19
10
20
16
20
18
11
20
18
10
8
9
16
9
16
6
10
9
20
6
8
12
13
11
14
14
12
16
19
10
7
9
9
10
14
10
14
19
6
19
13
15
6
16
19
6
15
11
15
7
15
11
9
6
8
8
14
16
19
20
18
6
12

15 38 53 78 90 120 148 160 173 