350 30 5 
8
18
15
10
6
7
9
16
19
16
8
6
10
20
7
10
16
12
10
13
18
8
20
9
17
17
7
20
11
14
13
6
12
11
8
8
5
7
5
13
11
12
6
5
19
5
15
16
13
11
17
16
14
16
6
18
19
16
12
15
19
20
6
13
20
9
15
11
16
17
16
13
9
9
19
5
11
10
9
19
17
19
10
14
11
7
11
19
14
19
5
14
12
20
19
7
6
6
11
14
16
15
17
9
20
13
9
13
9
13
12
12
20
14
12
15
16
5
11
20
10
19
9
9
16
20
13
10
12
9
6
6
12
8
18
9
20
17
14
6
5
5
15
19
15
19
17
10
5
19
14
12
16
6
17
9
7
13
11
14
13
9
6
14
12
19
9
20
17
14
11
7
7
10
11
15
9
9
15
8
18
7
11
20
7
6
5
6
8
7
7
12
18
16
20
12
8
10
15
19
20
10
8
9
8
19
8
9
10
10
15
16
16
10
12
20
7
9
13
7
11
11
7
11
18
5
8
8
9
20
11
13
20
15
13
20
16
10
14
8
11
13
9
11
6
5
7
19
9
9
16
20
8
15
20
5
5
16
10
12
6
9
7
10
9
20
17
15
5
6
20
5
18
10
5
16
12
14
5
9
20
13
8
7
8
13
6
15
20
9
18
13
8
17
9
20
11
16
14
18
17
15
20
8
10
9
10
8
11
15
14
15
16
12
11
6
18
11
5
19
5
8
7
5
6
20
11
17
19
13
10
6
11
13
20
8
8
18
18
11
10
14
9
13
6
16
18
9
14
19

23 37 64 93 115 126 142 167 194 206 226 249 275 305 328 352 374 398 418 435 454 482 493 505 532 543 562 581 610 