300 20 7 
19
12
15
8
12
19
18
17
18
16
8
17
7
7
10
18
14
20
14
12
11
16
10
8
16
7
12
12
12
13
10
10
9
7
20
9
15
11
10
13
10
11
17
9
9
19
13
20
14
9
13
9
11
19
17
8
20
17
11
20
19
13
13
11
17
10
7
15
17
9
19
14
19
12
13
7
13
20
10
13
14
18
12
11
12
9
10
9
15
8
9
20
13
9
13
20
19
13
9
18
13
13
7
9
18
9
8
13
14
17
8
9
12
13
20
20
20
20
19
9
15
10
11
10
10
15
7
7
20
18
18
10
11
20
18
9
8
7
7
18
17
8
18
17
16
19
17
18
19
7
17
19
7
11
7
11
8
17
12
17
20
10
12
7
15
10
7
12
13
15
7
19
11
13
15
15
18
8
20
9
9
19
17
16
16
20
14
10
17
12
19
15
17
12
10
15
11
12
14
11
20
11
8
14
19
12
16
8
18
18
14
16
16
10
17
8
12
11
12
12
19
14
10
19
7
15
8
18
11
8
12
18
9
9
11
11
19
7
12
11
10
20
13
9
12
20
20
17
12
18
20
16
11
13
14
18
13
17
15
12
18
8
16
18
20
19
20
17
20
17
10
8
16
8
19
19
11
9
20
10
12
13
9
14
11
11
8
11
17
20
16
7
20
13
11
10
11
18
12
10

20 37 67 86 111 129 153 174 194 221 250 277 297 321 344 361 379 395 419 