20 100 7 
13
7
12
9
11
20
11
12
12
17
20
9
19
20
7
19
17
19
20
11

24 50 78 107 134 149 168 186 201 222 246 268 285 304 329 358 385 401 430 457 478 494 509 523 542 570 592 608 634 660 674 698 715 742 770 799 819 836 862 885 910 927 949 970 989 1012 1035 1063 1086 1100 1122 1151 1176 1198 1220 1244 1274 1293 1315 1345 1366 1389 1411 1441 1460 1480 1496 1518 1542 1565 1584 1602 1618 1636 1665 1682 1705 1733 1752 1769 1795 1809 1830 1851 1877 1895 1911 1933 1949 1974 1988 2003 2032 2061 2077 2104 2128 2147 2161 