200 100 5 
8
6
13
18
5
20
17
11
14
15
13
20
12
13
10
19
13
5
9
5
8
12
7
18
6
13
18
20
15
14
11
19
18
17
12
18
10
9
12
16
13
14
17
7
6
18
5
9
6
20
12
12
6
5
20
19
16
10
14
16
15
17
12
6
20
7
12
20
10
9
20
15
12
10
14
14
6
20
6
12
10
18
17
9
20
14
17
18
15
7
7
19
9
5
8
10
20
16
18
14
15
13
16
16
5
10
13
16
20
13
6
19
17
7
19
19
10
15
7
8
11
13
5
6
5
19
6
7
12
19
8
10
16
13
9
11
15
7
5
6
8
19
12
6
19
11
8
19
16
16
13
12
13
19
17
16
11
19
14
19
19
9
6
15
5
17
7
9
18
10
15
6
11
14
17
14
8
6
8
16
14
8
12
6
11
19
19
9
19
13
10
8
17
10
19
6
6
16
17
18

15 25 43 70 93 115 140 156 181 200 218 229 243 267 281 310 323 340 367 390 418 428 448 478 488 498 522 540 550 560 590 611 623 637 652 663 686 710 723 743 770 783 806 828 841 870 883 904 922 942 960 973 991 1018 1045 1057 1072 1098 1126 1153 1169 1193 1219 1248 1266 1296 1324 1337 1366 1396 1424 1435 1445 1455 1471 1488 1516 1526 1550 1578 1602 1614 1637 1651 1661 1682 1694 1720 1732 1757 1770 1785 1804 1827 1840 1860 1870 1888 1914 