200 50 5 
10
9
9
17
14
9
16
6
16
14
18
16
5
7
16
10
12
8
15
5
16
13
12
12
15
13
14
10
12
19
11
11
18
9
14
16
10
6
7
7
15
10
19
11
16
7
13
7
6
19
5
17
6
11
16
5
9
9
17
14
10
9
7
13
16
9
6
19
13
15
10
17
5
16
9
18
19
13
9
7
9
16
19
20
7
8
6
9
14
18
14
20
5
9
6
20
11
15
11
17
14
12
19
10
12
5
15
15
8
17
13
17
15
9
17
6
11
14
20
17
7
15
13
18
5
10
16
10
13
19
20
18
6
20
10
12
10
20
10
9
5
10
16
13
14
19
7
16
9
19
20
6
12
8
7
17
17
5
14
6
12
14
10
13
13
15
5
13
8
18
20
8
19
17
10
18
15
8
14
8
11
15
14
15
5
7
19
10
18
18
6
16
17
8
20
12
11
7
14
7

11 34 62 89 110 133 152 180 198 218 245 259 279 290 316 344 359 388 401 429 450 478 492 515 534 552 566 590 604 622 642 670 687 704 725 749 771 798 813 825 854 866 893 917 927 955 981 993 1010 