200 40 7 
19
9
18
19
12
18
17
14
19
20
8
19
19
12
12
12
16
15
19
20
8
11
7
16
11
18
11
17
16
15
13
19
10
19
12
15
8
11
20
9
20
20
18
10
9
8
18
8
13
10
17
16
7
8
11
19
17
11
18
7
9
8
12
17
14
18
19
12
10
9
17
17
19
11
15
14
19
9
17
18
13
11
8
20
16
17
11
20
11
15
12
15
7
20
19
15
11
7
14
8
16
9
10
9
12
8
8
13
14
8
12
8
12
14
12
19
19
20
13
10
19
15
14
15
16
12
9
17
17
9
19
9
17
18
18
15
13
19
18
12
20
19
19
10
20
18
19
16
14
18
19
19
7
14
15
11
19
11
7
14
11
7
12
9
15
9
16
11
8
16
12
13
19
9
15
10
10
9
11
7
17
8
8
14
7
16
17
8
13
19
9
8
7
20
16
7
7
8
11
15

25 46 71 88 114 139 159 179 197 223 252 273 287 308 331 345 367 394 410 434 463 481 510 532 555 578 600 622 645 673 703 726 753 778 807 822 838 864 882 