300 10 6 
17
10
11
7
15
20
15
19
15
6
13
6
11
13
6
7
11
20
19
14
10
6
15
11
14
17
13
14
20
11
11
13
7
8
9
6
19
19
9
19
13
14
8
17
15
6
7
13
8
6
19
12
18
8
10
20
15
15
6
8
7
6
14
11
11
13
14
20
9
14
15
8
13
10
9
13
14
13
18
20
10
19
8
17
17
19
14
19
11
20
13
17
11
19
16
8
18
13
6
9
13
18
12
7
12
9
8
11
8
7
9
7
16
19
11
20
20
15
7
12
14
15
13
13
15
20
20
6
6
14
6
13
7
13
16
13
10
20
19
12
9
13
18
9
12
8
17
7
8
18
14
9
13
11
16
12
16
16
17
6
13
8
11
15
16
10
16
9
16
16
6
9
7
9
19
20
8
11
16
9
9
16
16
8
6
15
10
15
19
11
8
10
10
10
14
11
7
15
17
9
13
6
7
7
7
8
7
16
6
9
14
12
8
18
17
11
14
14
13
9
6
18
15
20
10
20
8
7
20
8
16
18
10
11
12
12
19
15
10
7
14
10
10
9
19
9
11
8
20
19
11
19
17
8
9
10
20
19
19
15
18
7
11
19
11
12
9
12
16
18
18
6
10
16
14
17
17
6
17
11
17
6
7
18
9
11
16
17
15
10
11
17
13
10
13
6
7
14
11
18

24 42 58 79 106 133 161 190 210 