350 10 6 
8
19
14
8
13
13
10
6
20
6
12
6
20
16
17
8
13
15
13
7
10
15
13
7
18
6
16
20
18
20
9
11
7
11
20
17
17
16
20
16
7
19
20
20
6
8
11
6
12
8
20
9
8
12
9
18
6
6
7
16
12
6
13
14
11
12
6
7
8
13
18
10
11
6
9
12
17
18
20
9
15
13
13
14
15
6
12
7
12
14
6
6
7
6
6
7
15
8
19
13
9
14
12
19
11
7
10
16
20
6
6
13
12
8
20
13
13
9
19
8
15
12
6
11
20
17
13
17
14
19
18
16
10
18
10
18
9
10
13
9
15
12
8
16
13
6
15
16
6
15
17
18
20
15
8
6
19
17
7
7
13
8
9
13
16
19
7
17
18
8
15
12
6
12
6
7
14
13
12
18
19
18
20
15
18
19
16
15
13
8
18
17
16
10
10
14
19
20
15
6
15
16
17
11
8
12
15
20
19
11
7
14
6
18
20
6
17
13
18
15
9
12
16
11
10
14
13
16
9
15
14
8
14
19
7
15
19
11
18
7
11
13
11
10
7
7
7
8
17
14
8
17
9
7
7
14
8
9
19
15
16
8
17
7
16
17
11
11
16
6
20
18
7
7
15
18
6
14
20
7
16
11
11
16
13
12
14
18
15
13
17
6
17
10
9
11
10
15
7
20
11
15
15
9
7
11
12
17
6
17
10
17
8
6
8
10
8
12
11
18
6
6
19
8
9
10
15
17
8
19
18
7
8
6
19
18
14
19
14
6
6
17
11
10
15
13
11
18
17
19

26 54 68 92 110 137 167 186 205 