100 150 7 
13
17
16
16
9
10
18
18
10
17
15
13
17
19
17
12
15
12
11
19
14
7
11
14
15
19
11
17
10
11
11
17
18
19
16
11
18
16
10
18
9
19
12
12
20
18
14
13
15
14
9
16
18
11
19
7
14
18
11
11
20
18
18
19
18
13
20
7
11
20
9
16
9
8
19
8
8
14
12
18
18
16
19
10
8
19
11
17
14
9
19
20
11
12
15
20
11
11
12
11

24 52 72 95 118 142 169 193 207 224 243 264 283 300 319 341 360 374 395 416 434 462 489 505 535 552 571 590 605 624 648 666 695 712 728 754 771 791 816 841 864 880 895 912 940 968 984 1002 1032 1047 1076 1095 1117 1142 1163 1182 1201 1223 1244 1261 1280 1296 1314 1337 1357 1374 1388 1417 1441 1457 1477 1491 1511 1538 1562 1589 1619 1634 1659 1682 1709 1735 1760 1789 1814 1844 1868 1894 1913 1933 1957 1974 1989 2019 2044 2070 2086 2103 2117 2136 2151 2176 2191 2207 2223 2251 2265 2286 2308 2331 2347 2367 2390 2414 2442 2460 2482 2501 2522 2538 2559 2576 2596 2620 2647 2664 2684 2711 2725 2744 2758 2776 2805 2825 2853 2880 2907 2935 2964 2985 3000 3017 3043 3070 3098 3127 3156 3179 3202 