300 30 7 
7
10
10
18
20
10
9
15
17
15
15
10
16
14
9
15
7
13
19
19
17
10
9
9
11
15
13
10
9
12
17
7
20
16
12
12
10
15
20
15
8
19
18
13
8
16
10
8
18
10
18
10
10
17
16
8
19
13
18
12
16
12
16
18
11
10
19
15
8
12
14
11
13
12
8
15
11
17
13
7
14
18
14
13
17
11
12
20
19
10
10
8
9
8
17
9
19
15
8
14
10
12
19
15
15
19
13
18
20
10
19
18
20
16
12
19
15
20
8
17
12
19
16
8
19
9
10
7
13
14
15
7
15
9
10
18
17
8
20
19
8
8
18
20
11
12
14
14
9
17
10
7
10
17
10
12
8
12
8
10
20
7
17
20
7
17
14
19
20
14
9
11
18
9
11
15
14
20
7
8
11
15
19
9
18
7
13
14
9
11
7
18
8
9
11
16
20
11
19
10
20
20
16
14
7
17
11
15
14
7
9
20
12
13
19
19
11
9
13
17
10
14
7
10
20
9
13
13
14
20
18
13
12
16
7
10
12
19
12
17
8
20
10
11
8
17
9
9
18
15
12
18
7
7
10
8
7
15
17
13
9
15
9
14
16
15
20
11
8
12
20
9
15
8
16
8
16
15
7
16
18
20
11
14
19
10
18
12
10
14
10
19
14
14
13
12
19
8
13
20

24 46 69 84 108 136 160 183 212 232 253 269 288 303 329 343 364 384 409 438 461 487 501 524 549 572 600 624 647 