400 150 6 
10
17
12
12
11
8
9
11
8
6
13
9
18
19
15
9
7
6
6
12
14
12
16
8
13
7
14
10
15
17
9
20
14
12
12
11
20
18
16
16
8
14
12
13
12
8
14
10
18
15
11
16
20
6
8
7
15
11
18
13
12
15
12
7
19
20
13
6
19
10
12
9
9
12
7
15
7
14
18
13
19
19
8
11
15
20
10
16
19
19
9
8
20
7
12
11
16
6
10
12
15
7
17
17
6
16
6
13
12
18
11
15
18
9
18
20
15
8
6
9
16
18
8
16
6
13
7
19
6
15
14
15
10
12
7
7
7
11
20
15
13
16
20
6
12
17
20
6
6
13
11
18
9
14
13
6
14
16
13
11
14
6
20
13
16
16
16
7
12
10
7
10
6
7
8
19
12
11
10
12
11
15
17
14
8
11
9
12
16
6
7
10
20
19
10
20
10
7
13
18
9
8
13
20
11
6
8
6
19
20
15
13
6
9
10
15
14
9
17
10
20
15
20
19
18
14
10
11
6
10
12
8
10
19
12
8
8
20
12
6
18
14
9
8
8
6
20
12
16
6
6
19
18
12
6
7
14
12
17
14
9
8
18
14
16
9
7
13
13
6
19
7
8
16
18
7
14
19
12
14
20
7
6
10
18
15
20
18
14
7
13
17
15
11
16
10
6
19
9
9
9
19
6
16
16
15
10
9
14
14
6
11
7
11
9
18
13
20
9
7
6
6
16
8
17
14
13
15
6
18
15
12
10
19
16
12
7
12
18
6
10
9
14
10
7
17
14
7
16
9
20
18
6
12
17
6
16
14
14
10
15
10
12
17
17
17
12
9
18
13
11
10
19
17
20
8
13
12
17
6
17
10
17
9
7
19
6
12
10
15
6
7
19
13
20
16
20
6
7
15

24 50 62 84 109 122 135 151 180 209 236 248 269 285 309 336 354 370 396 417 446 475 504 523 546 567 582 603 632 658 670 688 715 745 759 786 810 823 840 856 885 911 926 948 964 994 1011 1035 1055 1082 1105 1117 1133 1153 1178 1205 1229 1249 1266 1284 1299 1319 1339 1367 1395 1415 1429 1451 1464 1490 1511 1532 1555 1575 1598 1611 1631 1644 1672 1701 1715 1737 1752 1773 1791 1813 1829 1848 1870 1883 1902 1919 1935 1949 1972 1987 2017 2032 2044 2073 2092 2117 2139 2155 2176 2195 2218 2237 2250 2273 2300 2312 2327 2342 2360 2376 2389 2416 2441 2469 2483 2505 2525 2554 2580 2602 2624 2642 2657 2673 2699 2714 2730 2750 2766 2795 2811 2839 2860 2879 2906 2936 2957 2971 2990 3018 3039 3067 3085 