400 10 6 
10
20
8
10
10
8
17
10
10
15
17
20
20
6
9
16
19
19
10
19
14
17
18
16
7
16
17
11
7
17
17
6
17
9
16
20
16
7
18
14
9
6
12
7
17
14
7
16
19
8
15
10
20
6
11
14
20
13
11
16
19
13
11
14
16
15
14
11
12
13
19
19
16
11
13
20
19
19
16
13
13
18
18
10
13
11
9
7
19
13
18
13
8
17
13
9
7
18
16
10
18
8
7
7
6
7
17
7
15
17
16
15
19
10
11
16
7
12
16
18
15
9
9
20
6
16
15
19
11
17
15
11
13
6
9
15
11
19
7
11
9
14
18
18
15
8
16
11
10
6
13
11
8
8
8
20
7
20
17
20
14
15
8
15
9
9
15
14
8
13
12
6
9
7
13
12
13
13
16
9
14
11
10
6
19
9
7
13
20
18
17
13
10
13
9
15
20
10
14
16
15
9
19
11
18
18
18
7
9
12
15
6
8
15
18
10
12
16
9
7
11
14
8
16
13
19
15
15
8
14
11
12
6
20
11
18
11
13
9
10
17
14
17
14
18
15
14
9
20
19
10
7
9
11
15
14
15
20
14
13
17
19
8
15
8
11
19
12
16
14
18
7
12
6
20
16
19
7
8
19
8
14
18
20
11
7
14
11
17
12
9
8
6
7
16
8
18
10
16
13
10
12
10
8
13
12
17
14
10
11
7
19
9
15
15
14
10
12
8
13
10
19
18
10
13
18
12
16
15
8
18
11
14
7
15
18
19
6
12
18
20
16
17
6
10
11
6
9
7
11
8
14
17
13
13
17
6
11
7
9
20
18
11
6
10
11
13
15
11
20
20
11
12
20
16
7
15
10
11
10
12
6
15
7
10
20
9
11
12
16
13
10
8
15
9
8
13
11
10
6

25 45 63 82 105 120 133 163 179 