300 40 6 
16
6
16
17
18
14
16
7
7
6
15
19
15
10
11
7
12
9
15
13
11
14
11
17
17
17
8
10
20
11
18
6
16
17
12
8
18
6
20
10
18
6
14
7
10
19
8
16
9
20
14
20
12
11
16
18
12
17
10
19
6
12
11
6
20
7
18
12
9
9
7
18
20
13
20
16
9
19
17
14
11
8
13
19
13
10
16
7
11
8
8
20
10
16
16
10
9
15
19
16
20
19
7
14
10
9
20
12
6
17
19
17
10
10
8
7
8
7
7
20
11
20
19
13
6
11
9
11
10
13
18
20
18
20
6
8
19
16
8
15
20
15
6
18
17
8
11
16
7
15
8
8
8
7
11
18
17
6
10
10
15
11
7
19
9
11
19
15
13
7
15
19
20
14
19
10
19
10
16
17
16
15
16
18
18
8
8
19
14
16
11
7
12
13
14
8
16
11
10
17
12
11
16
15
6
8
13
9
17
17
15
19
9
9
15
17
15
17
17
11
9
14
16
9
10
11
9
20
18
18
11
6
8
16
10
10
19
20
8
14
18
10
17
7
14
11
8
20
8
16
18
15
7
8
10
7
17
10
18
19
12
15
7
17
10
13
10
7
13
15
18
14
13
20
14
17
17
9
16
13
14
17
8
9
9
20
13
7
17
11
20
6
13
6
8
17
7
6
16
6

27 53 76 94 108 124 142 172 190 213 240 262 284 310 322 335 354 376 392 407 428 445 465 492 509 535 555 585 612 637 664 685 705 725 742 767 789 814 835 