20 100 6 
8
15
20
11
8
11
10
6
9
15
7
14
11
10
6
8
11
17
16
17

18 41 62 75 97 116 129 146 161 187 201 214 240 260 278 299 319 335 365 385 413 429 447 476 495 515 540 565 594 615 643 671 688 712 740 756 772 797 812 841 861 884 899 924 949 976 994 1017 1034 1047 1074 1100 1120 1136 1163 1192 1205 1219 1245 1265 1295 1320 1338 1364 1377 1395 1423 1445 1458 1478 1498 1527 1544 1557 1572 1589 1614 1643 1668 1687 1704 1722 1743 1772 1798 1814 1830 1850 1869 1888 1900 1923 1938 1968 1994 2008 2038 2062 2079 