350 40 7 
13
11
8
16
18
9
15
16
12
9
17
7
11
13
15
8
10
13
11
11
13
18
8
14
15
12
9
14
14
12
12
17
11
14
17
20
19
19
15
16
10
11
7
20
8
12
8
10
15
11
8
18
16
11
12
18
11
18
20
14
8
11
11
12
16
19
18
20
8
8
15
15
7
11
15
14
11
10
17
20
16
12
20
16
10
9
9
9
14
19
19
20
8
13
11
18
20
12
14
14
7
8
12
13
14
10
15
17
18
8
7
17
9
18
14
8
16
14
20
9
19
16
11
18
15
20
15
19
10
19
8
11
9
14
8
13
19
9
12
18
11
13
16
18
10
16
18
16
16
12
11
11
12
7
7
7
9
7
10
15
13
20
8
13
16
17
11
13
16
13
7
19
8
9
13
14
12
10
20
17
16
12
7
11
7
7
7
11
15
12
20
19
17
14
14
16
13
7
12
11
15
13
20
14
11
18
7
17
11
16
19
20
9
8
17
19
8
18
18
16
13
20
10
18
18
19
17
10
7
12
14
11
14
16
16
13
20
17
12
12
13
20
18
14
14
13
12
19
16
13
14
8
7
18
10
10
9
14
18
11
19
15
16
13
20
14
10
12
17
18
18
8
17
16
9
16
17
20
10
13
18
7
11
19
14
16
11
20
8
9
18
17
9
18
15
7
18
14
8
20
16
14
8
9
9
13
20
10
14
8
19
7
8
19
15
16
12
19
10
16
19
18
12
11
11
16
7
7
8
7
15
12
11
8
15
10
7
15
10
7
19
18
18
9
14
20
13
17
16
13

14 34 48 76 104 122 140 164 192 209 236 258 287 305 321 335 363 379 398 422 439 462 488 507 536 552 567 595 623 651 667 685 706 736 760 783 802 827 845 