200 50 5 
11
19
20
7
13
14
15
17
10
17
7
5
8
10
18
17
10
18
20
11
17
19
19
15
20
7
10
10
18
19
17
6
7
20
13
6
14
8
20
5
7
17
20
10
9
5
20
15
9
9
11
18
12
16
16
11
9
14
17
15
18
18
8
5
20
20
11
7
13
10
19
11
14
17
15
18
18
10
10
16
14
19
10
14
8
8
11
13
13
10
11
12
13
15
7
11
10
9
6
16
18
11
20
10
8
10
18
5
10
17
12
14
14
7
11
7
14
20
12
12
7
18
16
7
12
17
5
17
16
13
6
10
20
20
15
11
13
19
19
10
10
16
17
15
20
13
20
20
6
11
11
17
16
14
8
9
7
16
12
15
15
8
19
13
11
12
12
7
20
20
12
11
9
17
19
11
6
14
15
15
8
6
16
20
15
6
12
10
5
20
19
13
14
17
5
17
16
11
19
20

27 54 69 91 103 133 143 168 197 212 235 253 264 285 306 322 344 364 382 403 423 440 464 487 508 537 559 572 594 620 638 651 663 684 705 715 735 751 772 799 810 833 861 877 892 913 938 948 970 