20 150 5 
20
12
10
15
18
17
16
17
20
5
16
8
7
6
5
7
19
7
15
10

25 37 60 87 101 128 140 163 184 206 223 234 263 286 304 316 342 356 367 396 407 437 466 482 508 534 552 581 591 603 615 629 646 671 684 704 720 733 763 781 808 819 843 855 865 886 914 931 947 961 983 1001 1030 1056 1073 1084 1099 1124 1139 1159 1180 1208 1232 1242 1252 1279 1302 1315 1338 1358 1387 1411 1433 1447 1459 1479 1507 1535 1550 1568 1586 1605 1616 1627 1642 1665 1679 1708 1728 1757 1787 1809 1830 1854 1865 1887 1911 1929 1946 1969 1989 2019 2043 2067 2079 2098 2110 2121 2146 2174 2184 2196 2214 2227 2254 2277 2306 2329 2353 2378 2391 2406 2428 2454 2482 2497 2525 2548 2559 2585 2603 2623 2647 2670 2697 2715 2730 2757 2777 2788 2817 2835 2851 2865 2889 2899 2911 2923 2938 