350 40 5 
19
19
11
9
14
15
13
11
10
7
8
10
16
12
17
5
19
8
15
18
18
10
5
15
17
14
13
11
19
17
17
6
11
20
16
6
20
14
15
11
12
7
14
6
8
18
13
5
5
11
14
18
11
18
12
14
6
6
13
8
8
5
20
18
9
19
10
5
16
9
14
19
7
16
10
14
10
14
8
8
16
16
5
10
14
9
5
9
8
10
7
5
9
19
10
20
20
8
16
15
12
7
18
11
17
9
20
11
12
7
11
20
14
16
12
17
20
8
7
8
13
18
19
12
14
18
11
20
6
12
10
13
14
17
19
11
20
11
5
6
8
6
13
18
5
18
12
15
20
6
10
19
14
8
10
20
17
10
16
11
5
7
17
5
15
14
10
12
6
14
20
5
20
19
6
11
14
15
11
12
8
12
6
18
19
17
19
5
9
20
16
15
10
16
12
17
7
7
14
20
15
9
9
18
9
5
15
5
17
14
20
16
6
18
20
13
20
8
7
7
13
8
19
10
13
16
19
7
14
19
8
12
9
20
13
19
14
20
15
10
6
8
12
19
7
15
11
13
8
19
13
19
6
13
18
18
6
14
15
17
11
11
14
12
10
8
7
18
13
9
14
17
5
5
13
13
19
12
19
8
9
10
13
15
12
12
20
17
12
19
7
6
8
7
10
13
12
13
15
6
12
12
5
17
5
12
14
7
18
16
5
8
13
6
15
20
6
13
17
14
9
6
19
13
11
14
20
5
5
10
14
7
20
20
11
20
16
6
7
7
11
20
8
19
13
15
12
10
14
7

30 52 82 103 125 147 172 194 224 242 261 278 304 325 344 360 382 399 415 436 459 477 497 508 521 533 551 569 586 605 624 648 674 699 714 725 737 747 776 