400 150 5 
8
6
14
9
14
16
13
15
9
9
20
15
7
20
14
13
14
20
19
14
10
16
15
15
7
6
5
7
18
17
20
10
11
13
8
16
13
10
20
5
17
15
15
18
16
18
13
13
8
5
16
12
17
18
14
15
16
11
20
15
12
11
11
17
15
17
10
16
15
15
12
10
13
13
20
10
13
19
14
6
8
7
8
9
14
20
17
19
16
12
16
15
13
14
8
6
12
11
10
19
10
6
12
6
19
11
9
13
6
18
9
16
20
19
19
11
9
11
16
18
15
16
17
15
15
18
20
16
9
19
18
15
6
8
13
18
12
16
8
20
18
5
7
19
5
16
10
12
10
18
20
19
20
16
16
8
9
14
6
6
16
16
10
14
13
13
5
20
16
5
9
7
11
20
15
7
19
7
20
18
9
15
19
16
9
19
20
16
18
11
6
18
7
11
8
7
5
12
15
5
7
17
19
15
7
8
10
20
6
15
9
7
13
10
8
16
20
18
5
17
19
16
12
11
7
11
6
17
8
14
16
13
9
13
14
18
15
9
14
19
5
17
17
18
15
12
8
11
14
5
12
17
20
6
17
9
8
8
11
6
12
10
18
5
13
16
18
10
11
14
6
10
9
5
5
11
7
12
13
8
15
19
16
10
12
5
12
20
18
12
16
13
10
9
12
19
12
19
7
14
18
16
7
18
10
18
13
10
13
20
14
17
14
5
9
18
5
20
6
20
12
13
12
14
9
18
6
17
14
14
6
5
14
6
11
20
16
17
15
7
8
9
20
13
5
18
16
19
5
11
6
17
16
19
7
17
19
14
9
5
11
8
7
9
5
9
9
7
19
9
5
10
18
5
6
5
10
19
12
20
5
19
20
19
20
7
10
14
14
5
12
9
10
9
16
17
16
16
9
18

19 39 62 92 108 121 150 167 177 204 233 245 271 293 303 322 350 379 391 415 435 452 479 501 514 542 565 587 601 623 647 666 679 691 716 738 765 783 810 831 855 868 894 908 931 959 981 998 1021 1038 1059 1083 1111 1141 1156 1176 1201 1219 1234 1244 1274 1298 1328 1347 1366 1383 1395 1418 1446 1464 1494 1516 1537 1557 1583 1606 1628 1650 1662 1684 1695 1715 1729 1758 1785 1809 1828 1840 1851 1874 1894 1921 1949 1963 1980 1996 2024 2047 2060 2073 2093 2121 2150 2179 2196 2224 2243 2271 2281 2299 2319 2342 2364 2377 2402 2418 2438 2467 2481 2493 2508 2524 2541 2563 2576 2602 2632 2662 2675 2704 2723 2738 2766 2776 2792 2810 2831 2860 2890 2905 2924 2952 2975 3000 3011 3034 3046 3073 3091 