100 100 6 
15
18
13
16
18
17
20
9
13
6
7
16
11
12
15
8
13
19
15
14
10
7
7
19
6
19
16
15
18
19
19
6
18
10
7
19
17
16
7
8
15
13
16
17
7
9
15
7
15
12
10
14
17
8
10
18
18
6
14
18
18
20
11
19
20
17
6
7
13
9
16
15
12
19
20
8
17
9
13
10
19
14
7
19
14
15
8
12
13
8
15
13
7
17
12
12
20
8
16
14

17 46 73 88 109 135 162 185 200 219 241 267 296 325 352 380 403 415 436 455 480 496 509 523 548 561 573 594 606 630 655 685 697 714 741 757 785 812 833 856 875 896 908 929 958 984 996 1008 1020 1038 1058 1074 1094 1111 1135 1151 1166 1193 1216 1237 1260 1280 1307 1333 1352 1378 1391 1411 1427 1454 1477 1497 1517 1546 1561 1590 1613 1643 1669 1699 1722 1744 1771 1798 1824 1843 1856 1881 1911 1939 1969 1986 2004 2021 2046 2069 2098 2112 2138 