100 150 5 
19
19
10
12
14
17
16
16
12
17
5
20
20
11
15
9
6
16
15
16
15
11
17
16
10
6
6
9
9
17
20
7
20
15
12
9
17
17
13
18
20
7
7
16
9
19
18
11
16
17
16
16
8
5
16
15
16
19
20
17
10
20
6
14
16
7
6
14
11
7
7
14
18
12
11
6
16
20
12
8
10
19
13
11
15
9
16
10
16
19
9
7
17
20
18
19
17
6
16
18

11 32 46 74 91 119 148 168 195 211 237 253 283 303 314 344 360 375 398 414 425 440 470 480 496 511 540 561 580 590 620 635 649 665 677 687 714 729 752 766 787 798 812 834 864 887 914 937 949 979 1006 1023 1047 1072 1096 1126 1148 1162 1187 1207 1224 1234 1251 1262 1286 1308 1332 1349 1361 1388 1406 1433 1456 1466 1483 1493 1518 1536 1551 1578 1602 1618 1634 1652 1677 1699 1716 1742 1752 1762 1772 1801 1813 1837 1860 1880 1906 1916 1946 1962 1981 2009 2034 2052 2071 2090 2106 2125 2139 2164 2189 2210 2223 2234 2244 2265 2278 2299 2315 2328 2342 2356 2371 2396 2415 2426 2455 2478 2502 2520 2539 2566 2582 2606 2616 2633 2647 2666 2691 2720 2730 2760 2772 2795 2811 2839 2853 2864 2874 