300 150 7 
18
20
10
16
7
18
19
10
7
9
18
15
7
12
15
15
16
14
20
9
16
7
7
17
8
13
16
20
8
12
17
16
12
18
16
16
13
10
9
19
12
14
13
14
15
8
10
17
17
12
11
17
15
20
8
14
9
10
20
18
16
15
10
20
17
14
12
9
7
18
15
12
9
9
9
17
16
7
13
18
7
9
8
17
11
15
17
12
16
16
10
16
10
7
13
9
18
10
9
12
19
19
7
7
20
8
12
8
11
17
10
18
11
9
8
13
13
20
16
8
18
18
20
12
8
18
8
9
15
20
10
12
7
11
7
9
14
8
16
18
19
16
19
10
20
16
14
18
18
14
18
7
19
17
17
15
12
14
13
19
17
10
20
8
14
13
20
19
18
8
20
19
20
20
10
18
20
15
14
9
10
19
12
9
11
17
13
14
8
13
13
14
8
9
8
14
8
12
12
12
18
20
17
10
11
13
20
20
20
16
16
9
14
12
17
7
8
10
14
17
7
18
20
14
17
11
15
15
7
10
13
7
16
15
19
10
15
8
13
15
19
10
8
11
11
20
13
15
7
17
11
7
12
20
18
14
17
17
17
9
16
11
7
9
15
13
18
8
14
12
15
20
15
18
16
8
7
17
10
16
14
14
10
8
8
7
10
12
8
11
10
17
12
17
20
15
20
20
10
13

26 40 55 79 100 129 154 177 207 227 250 278 297 315 332 355 370 400 428 450 477 492 522 541 571 601 622 641 671 695 712 732 747 777 799 825 849 874 900 919 948 974 998 1012 1039 1064 1079 1104 1129 1157 1180 1208 1224 1248 1271 1301 1325 1342 1369 1384 1406 1435 1459 1484 1508 1538 1565 1587 1601 1624 1648 1675 1691 1712 1740 1762 1777 1793 1819 1837 1861 1878 1895 1924 1952 1976 1995 2012 2042 2066 2094 2123 2145 2172 2202 2223 2242 2272 2302 2321 2341 2358 2381 2406 2424 2449 2465 2482 2500 2530 2550 2576 2596 2610 2624 2638 2663 2690 2707 2737 2767 2796 2820 2834 2861 2878 2899 2924 2941 2955 2981 2996 3025 3040 3065 3091 3105 3119 3144 3174 3195 3212 3235 3251 3271 3300 3315 3338 3358 