350 150 6 
7
14
9
8
6
7
10
10
6
9
16
19
9
12
17
17
7
11
20
15
11
20
15
7
14
14
10
13
6
20
16
18
9
12
7
19
13
10
19
13
18
12
13
18
9
18
9
10
7
8
9
17
20
20
11
14
16
14
12
8
20
20
17
16
19
7
9
9
14
10
6
12
12
8
6
14
9
17
20
18
14
19
15
20
14
17
17
14
15
14
8
16
15
15
11
6
16
12
11
7
17
10
6
10
11
16
18
9
9
12
14
20
10
15
18
13
8
6
11
13
20
9
6
7
17
10
7
15
17
8
18
14
6
13
15
18
17
11
11
12
10
12
7
17
11
20
18
9
8
17
16
16
17
12
8
15
13
16
18
8
19
10
8
19
15
13
13
15
9
11
13
11
12
19
12
13
20
11
8
6
14
20
14
8
11
16
18
13
16
12
7
15
10
10
20
8
6
18
15
10
14
10
12
19
13
12
13
18
11
19
12
6
11
13
16
18
9
18
13
12
19
18
15
18
7
16
14
15
20
14
7
15
16
19
11
11
10
6
13
17
9
10
16
16
13
9
18
20
15
10
10
14
13
11
14
10
15
11
10
18
19
8
14
17
13
8
15
16
17
15
13
12
20
9
10
16
14
20
18
13
16
11
17
9
16
16
20
15
7
8
9
14
9
6
10
15
7
8
19
20
18
16
6
8
7
17
12
18
6
8
16
6
17
9
11
15
19
9
10
6
10
10
16
13
19
7
13
15
17
18
17
9
9
20
20
9
7
18
18
18
14
18
17
7
18
16
8
17
9
7

28 46 64 86 101 129 152 179 206 223 250 279 292 304 333 361 381 411 440 454 478 501 527 540 561 587 602 623 648 663 692 708 721 745 767 786 810 823 844 866 888 914 931 948 960 986 1006 1028 1055 1075 1101 1114 1144 1158 1180 1206 1220 1233 1252 1265 1294 1314 1344 1364 1379 1395 1420 1438 1464 1484 1512 1532 1554 1577 1601 1614 1638 1668 1690 1716 1736 1756 1774 1791 1809 1831 1852 1870 1890 1903 1931 1957 1975 1992 2019 2036 2064 2088 2112 2127 2149 2165 2178 2207 2224 2237 2260 2282 2307 2324 2344 2366 2395 2408 2426 2444 2471 2496 2511 2528 2551 2576 2598 2625 2654 2674 2690 2720 2742 2763 2778 2792 2816 2837 2865 2891 2913 2931 2959 2980 2996 3019 3033 3046 3066 3080 3092 3114 3133 