300 30 5 
20
10
20
6
16
15
8
13
15
5
16
9
13
7
8
7
18
13
10
9
6
13
17
12
7
18
16
8
8
12
19
8
13
8
6
10
20
18
5
9
6
8
20
9
15
16
16
18
9
13
5
17
16
14
18
11
18
8
10
20
5
5
12
16
13
13
5
7
14
20
20
14
15
19
15
19
16
11
20
9
13
8
18
5
19
19
9
8
19
10
15
15
5
20
5
7
14
15
9
5
5
13
13
5
19
15
8
16
9
16
12
20
6
5
8
15
8
18
14
11
19
17
7
17
16
16
6
7
8
8
11
11
18
5
9
5
9
19
9
8
17
5
16
10
11
12
15
5
7
6
10
12
9
20
11
17
16
17
7
6
19
16
17
19
12
5
14
8
9
7
9
19
17
20
8
20
5
5
15
15
7
20
19
18
14
12
17
8
10
15
16
13
6
13
5
19
12
20
5
20
13
19
16
9
16
20
12
10
11
9
16
7
16
6
18
7
10
15
19
14
8
19
9
20
9
9
13
20
9
10
7
19
11
16
6
18
7
13
20
20
6
15
10
20
12
19
16
17
20
7
7
11
18
20
11
19
5
12
19
14
12
16
10
11
11
5
19
5
14
8
9
10
13
16
5
13
16
19
19
9
5
11
7
7
16
10
12
18
18
12
13
9
13
13
8
20
6
11
15
11

20 50 77 88 101 119 140 168 190 206 225 247 261 273 284 296 319 340 359 388 406 434 451 480 508 532 543 567 583 