30 100 7 
19
19
16
15
8
11
7
19
14
18
19
14
19
15
7
17
14
17
13
12
18
20
7
8
12
15
10
7
14
20

22 51 72 99 125 141 156 184 202 227 256 284 299 322 341 370 387 406 426 450 472 489 511 530 554 572 588 614 643 663 689 707 721 744 768 784 803 830 856 877 891 912 931 952 974 992 1008 1031 1058 1083 1107 1135 1164 1178 1194 1209 1226 1242 1269 1285 1310 1337 1358 1388 1403 1431 1445 1466 1488 1503 1528 1544 1572 1598 1618 1639 1665 1689 1706 1736 1762 1782 1802 1817 1846 1863 1883 1904 1932 1949 1969 1986 2012 2029 2044 2061 2081 2102 2130 