200 100 5 
16
5
10
16
18
10
5
14
19
17
20
9
18
12
15
19
18
14
15
19
19
13
16
5
14
8
5
15
17
11
13
7
12
17
5
19
11
9
14
17
5
12
16
9
20
14
14
16
6
19
12
14
19
5
15
18
16
19
5
20
20
11
5
11
9
10
7
17
5
19
6
19
9
15
5
13
10
5
17
6
14
11
5
8
9
11
19
19
9
8
18
17
15
19
19
13
15
9
9
16
9
16
7
13
9
18
12
14
12
8
13
13
20
11
18
7
13
7
20
14
17
18
20
15
9
11
16
20
6
6
18
10
15
7
9
5
11
12
12
18
17
16
12
13
14
14
9
5
7
19
8
13
16
7
20
20
12
13
19
7
5
8
10
5
14
16
19
20
8
6
13
18
18
5
5
14
5
9
20
8
14
5
9
7
13
15
9
9
14
14
20
16
5
7
9
11
16
20
13
18

12 39 67 82 94 118 135 147 174 188 200 217 243 263 277 304 332 352 380 405 434 452 480 492 504 527 557 567 588 605 631 654 673 690 711 724 740 757 781 803 831 847 864 888 906 928 957 986 1004 1020 1049 1063 1081 1108 1126 1148 1170 1180 1200 1220 1231 1255 1274 1292 1312 1334 1351 1371 1396 1410 1439 1466 1476 1505 1535 1560 1585 1597 1621 1636 1663 1674 1697 1727 1757 1768 1795 1814 1837 1866 1893 1910 1936 1958 1982 2011 2031 2059 2086 