30 150 6 
13
20
12
10
19
19
8
6
18
13
16
11
13
12
19
6
10
14
18
11
15
14
9
11
20
14
16
14
20
6

20 47 70 83 112 135 160 190 217 241 261 276 288 303 320 350 369 382 409 438 468 480 494 508 526 548 565 594 607 630 649 666 692 706 725 741 761 786 806 818 836 853 881 902 929 947 973 989 1009 1022 1037 1062 1082 1104 1128 1147 1160 1177 1202 1226 1238 1268 1284 1304 1325 1346 1365 1386 1405 1421 1436 1458 1483 1503 1520 1535 1561 1584 1598 1622 1637 1654 1681 1695 1711 1734 1750 1763 1782 1808 1838 1856 1878 1901 1920 1945 1961 1977 2002 2016 2041 2060 2072 2092 2110 2132 2158 2177 2203 2216 2243 2263 2277 2306 2320 2346 2373 2387 2399 2414 2435 2451 2465 2492 2518 2538 2558 2584 2599 2619 2642 2659 2689 2708 2735 2749 2764 2792 2809 2835 2851 2877 2907 2928 2948 2973 3000 3029 3053 