300 40 5 
19
15
11
8
17
11
16
20
17
13
14
12
18
14
14
8
12
6
19
12
20
5
19
9
19
17
6
7
6
17
13
19
6
10
20
20
10
8
11
18
12
15
17
8
10
18
18
9
14
20
20
17
16
13
12
14
10
15
6
15
12
9
20
11
17
12
6
5
18
13
11
15
9
11
7
13
9
17
6
11
12
13
16
17
12
18
14
6
7
10
12
19
13
17
15
9
12
14
8
6
14
19
9
19
16
8
8
18
6
18
18
7
14
10
18
20
18
11
18
9
18
12
17
11
17
15
5
20
15
8
19
12
7
18
13
7
9
15
11
15
11
15
13
20
11
19
16
16
9
17
15
15
19
11
12
15
16
12
15
5
17
18
14
17
5
18
14
18
12
8
9
13
15
14
16
10
13
15
18
15
9
13
14
17
18
16
6
8
19
15
5
19
12
20
18
12
16
11
5
13
18
11
9
19
9
8
18
17
11
8
17
8
9
5
6
6
7
18
6
13
16
18
14
6
7
5
6
5
17
20
9
15
17
15
20
9
19
5
12
18
13
20
5
20
19
17
17
7
11
11
5
6
16
11
18
6
11
14
19
5
14
6
19
16
18
14
17
7
20
13
6
20
12
12
5
10
14
11
20
10
20
17
11
12
12
19
11
12
14
7
17
19
17
9
10
8
14
14
9
6

26 48 74 84 108 133 147 159 176 198 218 244 268 289 306 329 341 362 375 392 415 434 445 467 494 517 529 550 579 600 626 641 665 687 707 724 738 760 787 