300 20 7 
19
20
18
18
19
7
15
9
9
8
9
8
8
18
13
17
12
18
19
18
12
8
12
20
11
16
9
18
17
13
8
13
20
10
18
16
9
18
9
14
8
14
14
17
9
19
11
15
20
14
20
14
20
13
14
13
14
13
16
7
11
11
17
19
16
10
10
15
15
17
16
8
9
7
13
12
8
10
9
19
17
19
11
11
14
13
20
20
12
20
7
20
10
15
19
12
20
12
19
13
12
20
16
19
15
11
20
10
9
16
15
17
9
14
13
14
13
8
9
20
14
19
15
18
13
19
14
19
20
20
19
19
14
20
9
10
11
11
10
12
7
13
13
11
8
12
20
7
7
10
12
11
9
10
20
10
7
16
16
8
11
14
19
17
17
20
19
9
20
18
17
13
11
13
19
12
9
19
13
20
11
9
7
11
10
9
12
16
10
7
13
13
13
11
11
19
7
7
18
10
16
18
17
17
8
17
19
9
19
15
14
11
19
9
12
18
13
14
9
12
9
15
11
19
11
9
17
16
18
16
8
12
13
18
10
12
9
18
9
20
12
15
20
13
17
10
20
13
15
15
7
8
20
7
12
12
17
20
10
20
17
13
13
9
17
19
14
16
13
13
7
11
10
10
11
11
8
14
12
20
13
16
19
17
17
9
11
10
18
11
10
19
18
8
13
19
8
11
16
7

19 49 73 88 111 129 158 175 205 233 255 271 293 307 330 351 376 402 429 