200 100 6 
6
12
10
9
6
7
20
14
8
13
18
12
14
9
12
10
12
11
19
19
11
6
9
13
18
19
14
20
16
12
20
14
11
10
11
18
9
6
20
12
20
19
10
10
6
10
8
9
10
15
10
17
14
12
20
16
9
12
20
20
11
12
18
6
15
12
15
12
20
18
18
6
9
12
20
19
18
17
17
10
15
20
15
16
13
16
9
17
6
10
16
13
20
11
8
10
14
17
12
7
17
16
12
20
20
13
19
13
7
13
9
6
14
20
13
12
7
8
9
8
14
13
14
13
11
19
10
10
12
8
15
9
20
10
16
20
19
19
7
12
17
8
20
19
7
12
6
14
8
18
20
20
16
19
12
6
10
10
18
11
8
7
18
10
9
9
11
11
6
14
13
17
14
20
18
9
12
16
11
15
15
8
15
10
6
10
8
8
14
18
11
16
15
17
11
10
12
18
11
10

23 51 63 77 94 121 141 155 171 198 221 244 274 297 324 353 371 397 411 440 460 475 499 525 547 571 583 605 635 655 668 684 704 716 745 775 802 829 841 855 879 896 915 929 944 956 977 1000 1017 1030 1055 1084 1101 1119 1145 1169 1197 1221 1240 1254 1276 1295 1320 1345 1364 1386 1415 1443 1473 1485 1509 1528 1548 1566 1593 1612 1639 1661 1686 1709 1725 1743 1758 1780 1797 1819 1834 1863 1892 1922 1942 1972 1991 2018 2041 2065 2081 2094 2122 