300 30 7 
15
19
19
18
14
12
18
15
7
11
20
12
19
7
14
16
13
9
19
9
14
10
12
13
15
10
20
20
15
10
9
16
15
13
14
20
10
12
7
7
14
17
11
10
10
19
17
12
8
16
10
19
18
17
18
14
7
13
14
13
8
20
16
17
15
16
20
18
11
8
17
10
15
14
7
11
14
7
20
16
9
19
9
13
19
12
10
18
11
13
15
11
18
18
20
13
9
14
10
9
15
16
12
8
19
11
9
10
15
16
20
19
18
17
18
15
9
15
18
9
15
16
14
18
7
12
14
10
12
8
19
13
18
10
9
19
17
9
11
20
8
16
13
18
8
12
14
19
16
20
10
10
16
10
10
18
16
12
19
14
9
11
8
9
12
20
11
9
7
19
18
17
15
13
14
11
9
13
12
17
19
10
19
20
8
14
9
20
13
18
9
17
10
15
19
10
16
17
19
10
19
20
9
17
8
9
18
9
17
10
15
9
15
9
9
10
11
10
15
15
12
9
14
9
9
12
15
12
19
10
12
12
9
17
19
13
15
12
20
16
14
11
20
13
8
17
13
14
17
20
13
14
9
13
17
12
18
20
12
9
9
19
15
9
19
11
17
16
8
10
19
18
14
15
13
18
17
7
7
20
7
11
13
18
12
8
16
16
9
14
8
8
17
8
19
19
16
9
16
13

27 57 80 108 138 160 188 218 242 262 278 296 318 339 368 390 406 433 453 467 491 513 528 546 564 582 610 637 658 