350 10 7 
13
16
16
16
7
19
16
7
15
7
10
11
12
17
10
13
20
19
10
16
10
7
11
14
7
17
20
12
17
13
17
9
7
16
15
13
18
16
9
16
11
16
11
20
13
20
13
13
12
10
15
7
8
15
10
17
15
13
10
7
12
16
12
7
12
8
11
16
7
13
15
15
18
13
7
20
7
19
18
20
14
20
12
19
12
7
7
12
11
8
18
18
20
9
19
17
12
14
10
9
19
8
19
19
12
13
15
16
8
8
9
16
16
13
10
18
10
10
13
10
9
18
10
18
7
8
13
9
11
17
19
9
8
12
16
13
19
16
20
10
12
19
16
11
8
8
20
13
19
18
9
12
13
14
17
13
7
13
18
12
13
19
12
17
7
11
16
13
11
8
19
8
7
17
11
13
11
13
8
13
11
13
18
16
17
9
13
14
16
11
15
19
17
14
8
15
7
19
12
15
15
9
19
17
10
14
14
19
12
16
9
8
12
8
9
13
10
10
16
16
11
7
7
11
19
9
12
8
10
19
8
16
13
14
19
8
14
14
16
18
13
8
7
17
14
9
19
15
14
12
9
17
16
15
15
18
18
14
20
8
16
15
17
7
14
11
15
12
19
14
13
17
9
7
8
19
11
16
19
11
13
14
19
16
16
19
18
10
7
19
11
15
20
18
7
8
9
14
12
15
10
9
12
12
8
14
17
12
15
14
8
14
13
13
16
11
15
17
17
7
10
17
13
8
15
14
13
12
18
14
15
16
15
11
7
8
20
19
19
7
12
16
12
20
8
10
20
11
20
11

27 51 70 98 126 156 180 210 234 