300 30 6 
12
15
19
13
14
11
14
10
6
9
16
16
8
11
7
9
18
12
16
14
10
13
14
18
20
17
20
20
12
15
6
10
19
14
16
19
8
17
19
15
11
18
13
9
14
17
13
10
13
6
14
11
14
12
9
14
17
13
19
8
14
7
15
16
14
13
16
12
10
12
10
7
13
14
8
17
6
12
9
9
17
18
9
7
16
9
17
6
6
18
20
8
13
11
9
20
17
20
18
8
11
19
18
11
18
11
6
15
16
13
7
11
17
10
8
7
8
15
8
14
14
10
7
12
19
17
13
15
15
15
6
15
11
20
12
15
20
14
12
16
14
18
8
13
7
13
13
14
20
9
7
10
17
20
18
18
14
6
9
11
6
7
7
12
18
12
17
19
17
17
19
19
15
16
13
18
17
16
20
20
12
16
7
8
10
7
10
8
15
12
11
16
12
13
18
8
13
17
14
11
16
15
11
14
10
19
10
16
19
15
12
12
6
11
14
11
15
7
17
19
6
17
16
6
16
9
8
18
17
6
13
18
20
14
6
8
12
19
16
18
10
12
9
14
11
14
8
15
9
13
12
19
12
8
19
19
14
14
18
7
19
14
14
10
14
19
14
7
20
17
7
8
13
7
10
14
13
13
17
13
19
13
8
16
18
8
19
14
11
17
16
8
16
9
14
8
14
12
16
10

18 46 59 85 109 130 146 158 180 202 223 243 261 289 306 320 340 366 388 404 432 453 483 510 539 569 596 612 634 