200 20 6 
13
20
13
18
20
16
18
13
12
15
8
17
14
15
9
6
17
18
20
11
10
16
16
13
18
8
11
20
17
8
18
9
15
9
19
20
9
11
19
8
16
8
18
11
20
17
19
8
10
10
10
9
8
7
19
15
7
7
17
9
8
14
17
20
11
13
20
10
17
14
11
12
16
7
6
17
9
15
10
9
7
6
12
10
16
13
14
6
7
8
20
10
7
14
7
9
13
11
6
9
6
13
6
17
7
17
15
19
14
11
17
13
8
9
18
7
8
13
6
19
10
10
8
11
16
19
13
18
6
8
9
6
15
16
10
12
20
9
9
12
6
13
13
11
12
14
9
14
19
13
17
9
16
14
20
14
20
18
9
16
7
18
6
14
20
8
9
15
9
13
9
17
6
9
10
16
16
19
16
14
11
20
9
6
13
6
16
7
17
8
8
13
12
12
15
13
12
20
17
16

15 40 54 81 97 120 132 161 191 207 232 257 270 286 298 313 338 355 378 