300 50 7 
9
14
12
16
12
12
15
7
20
17
11
11
7
7
13
16
8
10
9
15
7
16
10
19
10
9
13
7
17
11
16
18
15
12
11
12
17
12
20
8
17
11
20
16
19
16
10
20
7
11
13
13
18
13
13
9
10
7
14
17
16
15
20
17
18
17
8
17
10
20
17
15
7
10
10
18
7
10
7
7
13
12
10
11
9
20
8
10
18
15
11
9
9
16
12
17
11
12
13
15
13
15
8
14
16
15
20
8
20
19
20
9
19
15
9
19
9
20
8
9
15
15
11
13
18
9
14
20
14
12
13
14
17
16
14
8
7
9
8
7
9
7
7
20
8
15
10
13
11
15
17
19
8
7
14
11
16
15
16
10
11
10
20
18
20
17
9
7
18
18
16
12
11
13
13
19
20
9
14
18
12
19
9
19
16
18
20
10
7
9
9
20
17
14
10
10
18
12
9
17
16
12
18
12
9
10
8
8
20
13
16
20
11
15
10
13
10
15
9
15
16
7
7
15
9
8
19
17
12
7
14
9
15
12
20
18
16
11
19
20
11
8
11
20
10
18
8
15
14
7
9
7
16
15
15
13
11
15
13
7
17
8
14
12
20
13
18
19
7
12
16
9
12
17
20
18
8
14
17
7
13
11
16
12
7
11
18
20
15
14
17
18
8
11
17
10
8
16
10
8

19 33 57 71 94 124 143 173 198 224 246 268 290 310 334 351 375 397 417 439 468 485 507 526 545 563 579 603 623 639 665 687 713 733 752 769 784 814 828 851 866 880 910 929 952 982 998 1026 1053 