10 150 6 
20
7
10
8
10
12
17
16
19
6

18 36 53 82 111 141 165 181 205 231 247 276 289 311 326 356 382 412 433 446 471 501 519 545 562 583 603 617 646 676 701 718 742 754 768 781 795 812 831 857 881 893 920 932 950 975 1004 1020 1045 1068 1094 1122 1138 1155 1183 1213 1241 1264 1277 1297 1325 1342 1356 1373 1403 1425 1446 1471 1494 1516 1539 1559 1573 1592 1605 1633 1648 1676 1701 1715 1741 1757 1785 1812 1836 1863 1892 1921 1936 1959 1972 1988 2003 2033 2048 2060 2085 2115 2137 2162 2185 2210 2231 2260 2284 2297 2315 2333 2349 2373 2388 2401 2422 2448 2471 2497 2516 2540 2563 2579 2595 2615 2630 2644 2667 2688 2710 2730 2752 2764 2782 2804 2832 2862 2886 2912 2929 2941 2970 2984 3009 3021 3044 3063 3080 3098 3116 3139 3154 