200 50 7 
15
8
10
15
14
7
15
20
11
17
11
10
16
16
18
12
19
14
13
19
16
20
12
19
13
16
11
18
17
20
15
15
8
13
9
11
8
19
20
16
11
20
19
8
8
8
18
19
9
20
13
10
16
20
19
15
10
9
19
11
7
14
13
8
11
10
11
7
11
15
16
11
15
8
16
14
8
17
7
9
11
9
15
14
18
13
13
14
20
15
13
20
12
18
8
19
20
8
10
15
13
10
14
9
19
19
13
16
20
9
18
17
17
10
18
19
8
18
11
16
16
16
9
7
14
15
10
10
11
7
18
8
18
16
9
20
17
20
9
10
18
10
10
17
14
10
16
17
8
18
16
11
11
8
8
20
14
8
12
10
19
14
15
13
7
18
19
14
17
13
16
15
17
17
13
8
12
15
12
20
15
20
9
13
11
9
11
14
10
12
19
13
7
12
16
8
13
18
17
8

18 43 67 83 108 135 162 178 202 229 253 275 300 316 330 354 384 402 424 448 474 488 514 540 559 575 594 611 628 654 680 704 719 736 752 768 791 820 843 858 875 904 923 952 969 999 1028 1052 1077 