350 20 6 
14
16
20
9
16
19
18
14
20
12
20
6
7
6
7
10
6
8
10
20
10
6
17
6
20
14
11
16
12
11
8
18
15
7
12
6
10
9
14
20
15
18
11
8
12
8
16
11
10
18
12
14
13
16
7
10
6
15
11
9
16
12
10
19
16
11
14
19
18
11
19
18
15
6
16
20
20
18
9
14
6
12
17
11
14
14
20
18
20
10
7
13
8
13
12
9
12
20
9
20
17
20
15
10
20
8
9
15
14
20
7
7
13
9
9
13
12
17
8
15
17
7
18
13
12
19
6
19
17
14
17
7
18
8
19
11
15
20
15
7
16
11
15
6
11
14
6
17
20
13
8
6
13
10
16
10
12
6
14
12
7
11
7
11
17
16
13
14
14
12
8
12
13
14
17
12
8
17
18
19
19
6
15
11
12
14
20
11
20
13
6
14
6
8
15
8
14
20
14
6
13
10
13
13
9
19
16
10
11
16
10
11
11
10
15
10
17
17
19
7
18
17
19
12
17
16
17
10
16
11
13
20
15
16
11
10
12
11
13
17
9
6
14
19
18
9
18
8
8
18
8
11
13
14
9
15
10
7
13
6
19
18
11
12
13
8
7
8
20
17
11
14
7
8
19
12
10
19
18
6
14
10
7
6
15
7
13
7
8
17
9
8
7
13
15
11
6
11
19
19
8
17
12
16
12
14
20
13
18
11
20
15
12
15
19
19
19
16
11
19
13
18
11
13
16
13
6
10
7
13
13
16
11
11
19
11
17
16
13
6
20
10
16
12
6
15
12
8
19
10

25 55 85 109 121 146 170 192 205 221 237 256 277 297 314 342 365 382 399 