30 150 6 
13
14
9
11
18
18
13
14
9
14
19
19
9
7
19
16
7
15
19
6
8
8
7
12
10
7
18
12
17
8

28 50 65 83 96 126 149 175 204 229 250 263 278 304 328 343 362 390 406 419 435 451 478 504 520 544 560 580 593 616 646 676 690 720 737 761 778 793 812 831 857 874 889 915 931 955 980 999 1026 1040 1057 1086 1115 1129 1141 1161 1182 1202 1219 1234 1260 1276 1302 1329 1344 1364 1382 1399 1411 1424 1453 1479 1500 1515 1531 1551 1581 1610 1625 1648 1672 1689 1706 1725 1750 1766 1782 1805 1834 1847 1872 1891 1909 1927 1954 1984 1997 2010 2026 2045 2072 2085 2109 2123 2147 2160 2179 2193 2210 2240 2255 2279 2298 2320 2332 2346 2362 2389 2416 2437 2467 2487 2509 2537 2553 2573 2599 2623 2647 2675 2697 2724 2740 2758 2776 2790 2804 2828 2844 2869 2897 2916 2944 2963 2989 3004 3025 3050 3071 