300 50 6 
8
15
12
11
19
12
6
8
18
13
17
8
9
7
18
15
18
17
18
10
13
20
20
8
14
8
20
16
10
16
15
15
15
10
8
14
6
13
6
14
20
19
6
19
7
17
7
15
19
11
8
15
10
14
7
13
20
12
20
16
11
17
8
11
19
18
10
17
15
9
16
14
14
6
12
19
10
15
9
8
15
16
12
13
15
14
11
17
18
16
11
16
20
17
18
13
7
16
7
11
18
6
16
9
18
15
16
19
7
10
7
6
19
11
17
13
6
7
13
8
20
15
8
10
10
18
19
9
19
11
19
18
6
10
16
19
10
12
14
18
6
11
16
11
19
9
15
13
14
16
16
8
8
20
16
8
10
13
7
16
7
18
11
8
13
13
9
11
19
15
9
17
12
16
8
16
16
13
14
9
17
19
8
9
10
12
6
10
13
18
20
10
19
17
13
16
7
14
10
8
18
12
17
19
17
18
20
13
15
14
20
12
6
17
16
10
13
11
13
7
12
12
10
19
11
16
14
8
14
6
20
12
15
17
18
14
16
7
16
13
18
8
10
8
6
12
14
13
16
12
10
18
15
19
7
18
9
8
14
9
18
16
8
6
8
16
13
9
19
14
16
12
11
18
11
11
16
20
15
11
15
13
11
17
19
9
12
8
10
18
10
13
14
8
17
9
14
8
16
15

23 50 73 89 102 131 158 173 192 219 241 256 270 282 312 329 349 371 384 412 434 464 486 515 537 552 578 595 622 647 665 693 715 745 763 775 793 807 837 864 887 905 921 936 957 980 1007 1021 1037 