300 40 7 
11
15
12
15
16
15
8
13
9
14
19
18
9
18
7
7
17
12
13
7
10
16
17
16
15
8
18
13
9
18
7
16
13
9
20
11
19
13
9
16
15
19
9
12
17
17
13
13
15
14
17
13
7
16
16
10
8
12
8
13
10
9
18
12
12
8
14
20
16
10
13
7
15
16
9
15
12
14
16
20
20
16
11
8
15
14
19
11
19
10
11
7
15
13
19
19
15
16
20
10
8
7
12
18
10
10
15
18
16
8
18
14
14
14
16
20
15
14
18
20
13
18
20
17
8
14
15
12
17
7
20
20
14
9
12
11
13
18
17
11
14
15
17
11
12
19
14
10
9
8
19
16
15
15
11
10
15
8
15
10
15
14
12
18
11
18
20
10
10
11
19
9
19
19
18
9
14
14
12
13
10
19
11
19
8
12
12
8
15
18
11
9
15
8
14
16
9
16
14
10
8
15
19
18
19
18
9
17
17
13
10
17
18
13
16
7
11
11
15
11
8
11
20
13
16
9
17
11
7
15
15
20
14
20
13
16
9
14
17
10
12
17
7
14
9
18
12
20
13
13
20
12
17
20
12
16
8
12
11
16
13
15
18
19
9
17
9
12
9
11
11
18
7
18
9
10
11
10
9
11
10
13
11
11
19
15
19
11
16
10
8
15
18
12
7
9
18
7
15
20

24 45 62 78 101 126 154 171 200 222 251 274 299 324 343 373 402 432 450 479 502 528 553 581 601 620 647 665 685 701 715 734 761 780 810 832 861 886 905 