30 100 7 
18
14
14
10
15
9
13
19
17
15
16
16
13
15
9
8
18
15
7
10
7
10
9
10
11
7
19
9
15
14

17 36 65 88 104 133 156 176 202 220 243 257 273 287 311 331 353 379 406 436 459 481 503 530 557 578 602 621 639 666 695 723 740 768 791 808 833 857 884 901 919 934 963 989 1003 1017 1034 1058 1080 1094 1119 1138 1158 1179 1207 1226 1249 1274 1300 1327 1350 1374 1399 1415 1443 1462 1478 1504 1534 1563 1583 1606 1635 1665 1685 1704 1730 1745 1771 1800 1814 1844 1865 1891 1908 1927 1953 1980 1995 2017 2040 2060 2082 2109 2135 2153 2181 2210 2240 