20 100 6 
13
13
8
17
17
14
18
12
12
9
16
10
15
14
16
7
18
10
14
19

22 50 69 83 103 132 160 174 204 222 239 269 288 315 329 353 380 404 427 453 480 497 519 548 564 592 606 621 636 649 678 692 706 721 749 764 785 801 829 851 874 901 925 954 979 999 1018 1044 1057 1077 1102 1115 1137 1158 1187 1206 1219 1240 1255 1273 1289 1318 1337 1362 1387 1413 1425 1447 1467 1479 1495 1515 1527 1553 1568 1590 1618 1643 1662 1682 1708 1734 1750 1773 1800 1816 1839 1860 1885 1910 1922 1937 1952 1974 1989 2006 2022 2045 2073 