300 20 7 
17
18
14
7
10
9
15
15
20
11
20
12
15
9
12
11
18
8
8
13
7
12
8
11
8
10
10
12
12
17
20
11
17
15
18
16
7
12
12
9
11
19
7
15
18
14
16
13
20
8
11
7
19
16
13
11
15
8
17
15
18
19
11
16
20
9
10
18
20
17
12
14
18
9
17
18
20
10
18
15
7
14
8
10
11
11
16
12
20
14
7
14
8
12
10
19
12
12
8
17
17
10
20
15
20
7
19
16
18
11
11
12
7
14
9
8
20
17
10
14
11
18
7
7
16
19
13
11
8
17
18
10
15
13
19
15
13
17
13
20
7
9
19
9
12
13
20
20
18
16
12
20
7
7
17
19
7
16
10
11
10
14
18
17
12
18
8
17
18
13
13
15
13
19
9
14
7
15
13
17
20
19
20
16
18
19
11
18
8
14
11
14
18
11
19
9
15
8
17
20
18
17
17
16
9
11
13
20
13
19
7
16
18
8
8
13
19
19
16
10
19
9
15
15
18
12
11
8
7
13
7
12
12
10
10
18
19
20
9
18
15
14
15
18
15
18
8
14
13
8
14
10
16
17
19
19
19
11
18
15
18
19
13
14
8
18
18
15
20
13
8
13
18
12
13
17
14
10
20
8
12
20
15
9
16
16
17
19
7
14
7
9
15
8
19
18
16
18
17
16

22 43 72 91 108 132 152 167 192 218 233 252 276 294 310 330 345 374 402 