200 40 6 
11
10
9
18
17
18
18
6
6
6
15
9
9
14
19
18
11
17
20
15
10
12
6
19
8
17
19
11
8
19
6
12
18
9
6
12
9
7
8
9
10
20
20
12
8
14
20
6
13
20
15
11
13
13
18
19
8
16
17
7
13
10
7
15
14
12
12
16
12
8
19
9
15
8
9
15
19
7
9
11
8
16
18
8
11
17
7
18
10
19
12
16
7
17
7
9
13
6
10
9
20
16
14
9
10
11
12
14
11
19
13
6
7
19
9
14
6
18
10
16
7
17
14
20
11
10
8
6
18
15
11
19
7
20
20
11
11
12
11
6
16
10
15
11
14
10
12
13
17
8
17
15
18
6
15
17
13
17
13
6
6
13
20
11
12
12
10
20
10
13
7
11
16
12
16
16
7
18
10
12
16
8
9
8
13
10
10
20
6
18
18
14
16
20
19
11
7
9
19
13

23 38 54 70 85 104 118 146 169 193 208 224 251 266 293 307 327 350 377 392 419 445 460 487 508 532 546 573 594 624 646 668 682 705 730 759 789 809 834 