20 150 5 
9
13
7
12
20
8
8
20
12
14
6
15
19
12
18
17
15
17
6
6

15 28 55 82 101 114 128 139 149 177 205 224 235 245 255 272 284 297 327 345 366 390 415 429 453 466 491 504 528 544 555 572 584 606 632 649 676 702 726 750 772 785 797 807 825 842 859 878 898 917 943 957 971 987 997 1010 1023 1034 1057 1072 1093 1117 1136 1153 1177 1196 1216 1244 1264 1294 1322 1334 1355 1378 1406 1434 1454 1477 1498 1516 1532 1548 1565 1586 1601 1622 1632 1659 1687 1712 1739 1765 1786 1806 1820 1847 1861 1872 1888 1908 1924 1936 1954 1979 2005 2033 2043 2064 2078 2088 2111 2135 2150 2174 2192 2211 2238 2259 2277 2290 2308 2321 2344 2368 2389 2403 2414 2424 2448 2477 2501 2530 2560 2570 2598 2612 2632 2656 2686 2711 2739 2768 2780 2795 2824 2840 2860 2882 2909 