200 20 6 
11
16
9
8
6
9
9
12
12
8
16
13
8
19
14
12
15
8
8
6
11
19
14
14
19
15
14
11
6
15
14
15
14
6
11
18
12
8
12
18
14
13
12
13
13
12
14
17
12
19
12
19
15
17
15
10
8
10
15
15
15
17
18
9
11
8
19
15
20
8
20
10
8
18
6
19
9
7
9
11
12
14
7
14
10
8
9
16
17
14
17
10
14
14
12
9
9
8
14
17
10
17
14
16
17
17
8
18
12
18
12
7
7
19
14
10
20
12
6
6
20
16
9
6
6
14
20
6
17
18
11
9
10
7
10
20
20
12
12
14
17
15
19
14
11
11
15
11
9
9
6
13
18
20
14
13
16
8
10
19
13
6
7
16
20
7
13
16
10
13
6
13
15
20
14
20
6
9
9
16
14
8
10
15
14
9
7
9
7
15
19
15
19
19
15
13
12
15
9
19

18 47 68 86 115 129 159 188 214 236 254 273 293 320 347 364 393 421 451 