400 10 7 
8
17
16
9
7
18
9
11
17
14
9
7
12
17
16
7
7
17
20
14
12
14
18
11
10
16
17
11
11
18
13
10
7
15
17
16
18
19
10
11
9
19
19
8
20
20
7
18
10
14
14
13
18
17
13
17
7
14
10
17
16
9
12
18
9
13
13
18
19
11
19
16
14
15
9
16
13
10
8
8
14
8
17
7
7
7
8
18
11
11
15
7
9
18
10
19
16
8
18
10
17
19
19
7
20
19
10
17
13
13
14
20
10
10
19
12
12
20
19
19
18
13
19
20
15
16
16
10
13
19
18
12
18
16
15
11
17
7
11
11
15
16
12
12
14
15
19
20
11
16
12
13
14
11
9
19
10
16
19
11
10
19
7
14
18
11
17
20
19
11
16
8
11
13
20
18
20
10
10
13
14
16
13
8
12
14
17
15
12
17
16
20
18
10
19
8
9
16
16
8
14
8
17
20
15
7
14
12
17
10
13
13
18
15
14
8
14
19
14
17
8
20
11
16
19
17
12
20
12
8
14
9
12
12
7
7
18
12
16
7
10
7
8
16
19
10
19
14
15
11
8
19
8
15
12
9
7
19
16
15
19
16
11
9
10
8
15
13
17
8
16
17
16
10
19
17
19
12
9
13
8
19
18
10
20
13
19
15
11
9
7
9
16
15
8
11
9
8
13
11
20
17
16
16
11
7
9
10
19
17
9
11
20
10
19
10
9
14
18
8
13
12
13
11
12
17
19
7
8
18
20
9
13
9
12
12
15
7
11
12
15
9
16
15
11
18
17
8
11
15
13
14
11
20
7
19
7
16
16
13
19
18
11
11
15
13
12
13
20
10
7
14
13
20
8
9
17
12
11
12
9
18
8
13
12
10
10
14
8
20
19
15
9
14
20
9
20
14
14
14

15 44 74 95 114 133 158 181 203 