200 30 6 
14
19
14
16
13
6
13
11
12
6
16
14
13
11
12
17
13
18
11
19
15
9
8
8
13
16
15
8
12
7
14
20
9
15
10
16
12
20
18
20
6
7
18
12
12
16
14
12
18
17
20
14
19
11
13
8
17
13
18
6
15
15
15
8
9
10
17
11
6
19
6
9
12
19
14
11
10
10
6
16
7
11
8
18
11
10
19
19
18
16
15
17
10
12
11
10
7
12
14
11
18
16
14
7
13
11
8
9
15
13
19
19
18
18
9
9
10
7
13
11
18
18
17
20
9
19
11
15
11
8
14
20
15
7
19
19
9
16
20
7
9
16
11
8
19
12
20
14
13
8
14
10
17
17
14
17
8
16
8
11
12
20
12
20
20
16
9
8
19
7
19
10
14
13
8
10
18
15
16
16
15
20
17
18
11
18
13
10
18
20
12
18
15
9
10
20
6
6
15
17

27 40 52 82 100 122 134 162 186 198 221 245 273 285 306 333 359 385 409 432 451 466 484 503 516 541 561 583 606 