400 100 5 
8
20
9
16
9
19
19
7
14
20
18
7
11
8
16
13
20
9
16
5
9
14
14
6
6
13
7
10
10
16
12
17
6
11
19
6
9
12
15
18
9
20
17
15
20
5
15
15
8
13
19
15
16
18
7
6
16
14
17
19
19
14
9
6
19
5
18
12
8
6
8
17
20
17
7
18
15
13
13
17
15
8
17
12
11
11
19
15
15
18
5
9
18
10
11
13
6
11
15
11
16
8
8
14
9
20
12
6
20
8
20
9
17
19
15
5
17
17
9
10
11
15
13
6
14
13
9
16
8
20
17
9
7
11
7
16
14
5
9
5
10
13
11
16
6
5
7
19
11
11
18
13
12
13
16
16
17
14
11
6
18
9
16
16
6
6
11
14
12
11
5
6
11
5
10
14
5
7
16
12
17
17
20
17
9
5
7
17
17
6
10
7
10
18
5
6
5
18
14
18
11
15
8
16
13
7
10
12
8
16
18
10
11
13
9
15
12
14
9
16
7
13
12
11
8
6
7
5
12
6
7
19
19
8
11
13
9
12
18
16
5
9
6
20
17
20
9
13
11
18
14
5
11
10
12
10
6
14
14
19
18
11
15
9
12
15
20
20
6
11
10
20
5
10
18
17
10
17
10
5
15
6
15
8
20
5
15
12
10
17
19
10
17
9
13
12
13
12
14
13
14
13
11
14
16
10
17
11
15
9
6
13
15
20
18
17
12
8
15
9
13
8
13
17
15
7
9
20
15
6
14
16
7
10
12
8
13
17
8
9
8
7
5
15
5
20
18
8
9
9
19
9
8
11
20
16
5
14
11
10
10
5
14
5
10
9
5
9
6
9
17
19
13
17
13
18
7
14
20
5
20
16
19
20
16
17
17
15
10
5
12
20
6
18
5
5
15
19
15
8

26 42 59 79 102 121 139 168 186 204 220 235 257 286 299 317 335 345 373 400 416 441 468 486 502 532 548 575 605 622 646 665 681 708 729 741 770 783 805 830 847 865 889 917 939 967 987 1012 1028 1039 1064 1077 1107 1131 1147 1175 1190 1209 1226 1246 1264 1281 1299 1311 1339 1366 1391 1409 1435 1461 1491 1511 1525 1537 1553 1580 1590 1617 1636 1663 1682 1697 1715 1725 1735 1756 1777 1803 1830 1855 1875 1885 1901 1920 1933 1957 1978 1990 2009 