350 20 6 
19
13
6
11
9
15
6
9
20
8
7
9
13
13
16
18
8
15
15
12
7
11
16
19
19
8
8
6
18
20
14
13
18
10
18
9
15
12
18
8
9
18
6
11
19
7
16
7
17
9
19
6
8
7
16
12
10
16
7
12
20
6
7
18
16
13
20
7
14
13
14
20
11
13
13
18
18
17
18
6
9
13
10
9
12
14
10
19
9
13
13
9
18
12
14
19
7
8
6
10
7
11
20
18
13
18
7
7
10
6
8
20
15
6
12
20
12
20
7
16
19
8
18
16
17
10
7
16
10
11
13
20
13
12
18
18
18
9
13
17
13
10
20
13
10
20
6
20
6
10
13
17
17
10
11
10
20
19
19
17
12
10
15
13
9
20
16
8
18
13
18
8
19
11
7
15
16
9
8
11
11
14
8
7
7
8
11
19
14
13
16
7
7
11
12
6
12
8
14
7
13
11
7
6
15
20
13
10
12
14
9
18
7
8
8
14
8
16
17
12
16
10
9
16
10
7
7
12
19
6
12
11
11
14
6
9
7
8
14
14
6
17
13
6
16
17
19
9
14
12
11
10
7
8
14
16
20
7
15
14
17
13
14
8
10
12
9
13
17
20
20
6
19
19
12
9
11
6
7
6
20
7
18
14
6
8
6
6
7
9
19
16
18
13
8
17
8
20
7
9
20
17
16
10
6
20
20
20
20
7
10
6
20
6
8
13
8
6
17
11
15
19
7
16
12
16
15
19
18
19
13
9
14
16
16
11
17
11
11
16
13
17
18
17
8
9
6
10
17
7

15 40 65 90 105 118 133 151 176 196 222 241 267 297 325 352 382 412 424 