350 100 7 
14
8
7
10
7
15
14
15
20
10
18
20
11
20
10
10
10
19
19
11
17
20
12
9
20
20
20
19
18
16
10
18
14
16
20
17
17
18
13
11
10
14
10
19
10
20
11
10
19
10
16
10
8
12
13
12
14
12
12
16
19
19
16
7
14
10
16
17
7
15
10
15
12
15
10
7
20
13
9
13
16
15
19
20
10
13
18
13
15
7
19
16
8
14
11
12
9
12
15
12
11
9
12
13
7
16
9
11
15
8
9
20
19
20
9
20
13
10
10
19
9
20
10
9
9
16
12
12
13
14
8
10
19
14
14
8
11
13
7
11
15
17
7
8
10
9
17
15
15
10
10
20
12
11
10
20
20
16
20
13
7
18
7
11
9
10
8
8
16
14
9
11
16
8
18
13
8
7
12
13
14
7
13
19
20
12
20
10
11
16
12
12
16
7
8
19
20
16
11
13
17
19
13
18
16
10
11
17
7
19
17
9
8
7
16
7
7
8
7
14
12
12
9
16
10
17
10
11
9
19
20
19
17
15
10
19
13
18
15
9
15
8
20
19
12
10
16
12
18
19
18
8
18
9
12
17
10
8
16
18
18
12
20
17
16
8
14
9
19
20
17
8
18
8
8
14
8
11
8
13
19
13
10
9
17
19
13
20
17
15
20
13
10
16
13
17
17
10
12
10
11
14
10
12
18
17
11
17
17
12
8
18
13
9
19
18
9
18
7
16
20
17
14
8
19
18
11
9
12
20
17
8
15
9
19
20
15
15
15
14
18
19
19
10
18
17
20
9
10
14

30 54 77 95 124 148 173 190 205 233 258 282 304 325 340 369 384 401 415 441 469 485 509 539 569 584 608 626 649 672 698 728 754 774 804 834 864 887 907 925 953 981 1004 1021 1049 1078 1099 1113 1139 1166 1191 1205 1220 1243 1268 1296 1324 1339 1359 1383 1412 1438 1463 1481 1507 1534 1559 1585 1607 1634 1656 1676 1702 1717 1747 1769 1794 1809 1838 1857 1886 1902 1932 1958 1978 2001 2020 2038 2065 2092 2116 2138 2156 2174 2197 2224 2254 2272 2298 