350 150 6 
14
16
15
6
16
12
19
8
12
13
10
8
9
20
17
9
11
19
9
7
16
11
13
8
18
9
7
12
17
17
19
14
10
15
20
19
9
19
12
14
9
10
19
6
16
10
9
11
12
10
20
12
6
20
18
14
20
6
9
6
16
12
19
8
14
10
15
6
13
6
18
9
12
20
6
10
14
12
19
7
12
16
14
18
16
7
15
7
18
18
19
7
12
6
13
17
7
16
17
8
6
11
10
13
20
10
11
13
19
6
9
20
13
18
13
7
16
8
16
19
7
11
11
18
18
18
13
7
10
19
15
20
7
16
18
10
19
6
17
19
14
6
11
11
16
11
20
17
9
10
19
19
19
17
17
6
10
11
8
8
9
14
19
14
8
18
11
20
7
9
16
10
12
11
20
12
9
11
13
17
17
15
11
15
18
7
13
18
9
6
7
11
10
20
14
9
10
19
12
11
16
19
7
13
11
8
17
7
20
15
13
20
6
6
13
7
11
18
12
15
20
15
16
6
12
9
18
14
13
14
15
20
11
20
6
8
7
16
7
14
7
13
17
12
7
7
7
19
20
17
8
8
8
12
15
8
11
12
12
12
15
14
7
9
14
16
17
16
13
19
10
16
11
9
16
14
17
17
10
14
14
9
15
9
15
13
7
9
19
17
10
13
17
12
9
14
11
18
19
18
14
10
12
9
17
18
17
11
8
6
20
16
15
16
7
7
6
18
11
6
10
9
9
6
13
16
9
12
17
18
17
12
7
14
20
15
7
18
15
13
17
8
11
11
11
17
15
8
12
11

28 42 60 82 108 120 133 145 162 174 188 206 236 256 270 300 315 330 344 362 384 400 423 437 460 488 500 525 537 550 564 590 614 628 646 672 687 716 744 759 787 806 831 856 878 905 935 957 986 999 1012 1031 1054 1079 1094 1124 1141 1153 1165 1190 1214 1235 1257 1269 1292 1314 1340 1362 1386 1406 1426 1442 1469 1493 1506 1536 1548 1561 1578 1601 1614 1637 1649 1675 1689 1705 1719 1736 1754 1780 1800 1829 1842 1854 1871 1891 1912 1932 1962 1977 1997 2020 2034 2047 2061 2085 2113 2130 2144 2160 2176 2198 2212 2230 2255 2280 2297 2320 2348 2367 2394 2422 2447 2475 2494 2520 2542 2556 2571 2600 2613 2639 2659 2672 2693 2719 2746 2766 2794 2819 2841 2869 2894 2906 2936 2961 2986 3007 3030 