30 100 6 
9
10
6
18
16
14
16
6
11
7
12
16
8
12
8
8
11
11
20
9
10
8
12
9
6
10
8
8
9
12

14 43 71 87 106 136 165 191 209 225 250 262 286 298 322 350 364 376 401 416 436 459 477 507 524 551 580 599 628 641 656 685 703 733 753 778 801 825 850 877 907 926 946 976 989 1009 1037 1060 1083 1096 1124 1139 1163 1191 1214 1243 1264 1289 1304 1334 1360 1378 1401 1426 1438 1466 1486 1503 1516 1537 1566 1593 1613 1635 1654 1682 1712 1727 1755 1781 1795 1823 1848 1870 1884 1906 1935 1964 1984 2011 2034 2046 2075 2087 2106 2133 2149 2165 2184 