350 30 6 
11
7
14
12
10
11
9
12
8
9
7
9
15
15
13
10
18
11
14
7
7
20
16
20
18
17
6
11
7
7
18
11
13
17
10
13
19
13
20
20
20
12
11
11
18
7
18
12
15
8
11
18
11
7
16
7
16
9
10
11
7
14
14
7
19
12
9
8
8
8
19
11
9
7
18
12
13
12
9
13
14
9
9
8
13
17
17
12
17
10
19
7
14
8
11
17
7
18
16
8
15
15
6
7
11
20
7
8
14
9
14
18
15
10
16
15
17
18
9
14
14
11
20
11
13
16
9
7
6
6
8
15
15
6
13
10
14
18
11
9
16
15
12
14
20
19
11
16
6
20
13
8
20
8
7
11
19
11
8
8
8
14
15
20
6
12
15
17
9
17
13
12
9
13
10
15
6
12
11
12
16
16
16
19
20
18
12
9
10
9
10
9
9
18
14
10
7
7
7
16
14
7
15
18
19
19
11
15
11
18
19
16
12
13
12
20
9
17
17
10
16
15
16
11
16
7
10
7
6
20
13
15
17
19
11
18
10
11
11
15
10
9
19
18
20
9
17
13
9
20
19
10
19
13
18
10
17
6
11
13
6
6
15
9
19
18
14
13
7
17
7
9
17
19
7
8
13
15
14
11
14
7
15
19
10
20
19
18
9
10
16
13
18
13
15
19
16
18
20
18
11
20
19
13
14
15
8
20
8
11
16
14
13
12
9
11
7
17
18
14
8
8
8
10
12
10
15
20
14
18
6
11
7
20
11
14
14
20
20
15
12
12
20
13
15
12
6
8
9
9

29 44 63 90 110 131 147 175 194 215 241 261 279 294 321 344 373 403 433 454 476 497 509 528 552 573 586 612 627 