200 10 6 
11
14
18
10
15
10
6
18
16
19
11
12
17
14
8
19
7
17
19
18
7
14
11
15
10
17
14
12
17
16
8
18
15
13
12
15
14
11
18
6
9
16
8
10
18
11
19
8
17
8
13
12
16
15
9
13
16
14
16
18
11
19
7
16
18
9
8
6
6
17
18
13
14
10
11
19
12
18
19
10
17
9
8
14
8
10
9
9
11
16
7
16
7
18
13
17
11
18
17
14
11
13
14
10
10
8
9
9
11
16
16
20
15
6
6
7
14
13
20
14
12
13
17
12
9
11
6
13
18
20
8
17
10
6
9
17
6
6
19
13
7
11
17
6
6
10
20
19
7
15
14
11
13
20
6
10
9
6
13
6
10
20
10
14
16
6
18
6
13
16
17
17
10
8
9
14
7
20
15
11
10
11
9
17
6
6
9
18
19
10
17
7
18
9
12
13
8
17
14
12

16 36 48 71 88 101 116 139 155 