350 20 7 
20
16
10
7
14
17
17
7
12
15
10
20
18
9
20
10
11
12
20
13
16
16
16
8
9
11
19
15
12
9
7
13
20
8
8
20
11
9
19
19
12
20
17
17
16
14
18
9
7
9
13
15
9
9
14
15
11
12
18
11
13
20
12
12
12
17
8
7
15
10
14
12
16
15
15
8
18
16
8
12
20
16
19
8
10
19
14
17
15
10
17
17
7
15
17
18
13
19
8
19
20
7
16
17
10
18
20
11
14
11
12
8
11
20
19
10
11
10
20
9
13
19
17
12
8
18
13
10
7
8
10
8
16
8
7
9
10
20
15
13
12
13
17
9
7
14
12
19
20
10
13
12
19
16
14
11
14
7
9
19
11
19
12
15
13
9
10
9
18
16
20
7
16
10
10
16
14
12
11
15
7
14
10
14
13
10
16
8
19
20
14
19
7
8
19
7
15
15
9
8
8
11
16
7
20
9
10
8
9
20
12
14
11
10
10
19
15
8
15
9
13
13
7
11
20
7
19
20
12
12
15
20
10
17
13
10
9
17
8
13
10
8
9
10
8
20
12
10
14
12
20
11
18
10
14
9
12
9
8
16
9
7
18
19
20
16
16
19
17
12
7
7
13
7
11
18
13
13
14
14
8
11
13
13
7
20
10
12
18
14
12
15
14
14
12
8
13
16
18
18
9
8
20
7
20
8
16
7
14
13
9
10
14
13
11
7
20
8
18
15
13
12
16
19
7
11
18
18
19
17
8
12
13
15
14
12
13
16
9
10
20
7
13
18
19
14
14
18
9
19

28 52 73 103 130 159 177 195 218 245 272 290 308 332 352 372 402 427 443 