200 100 5 
12
11
8
6
13
8
20
7
10
17
10
18
12
12
6
8
5
19
13
18
6
17
8
10
19
15
19
12
20
17
17
14
13
10
18
14
17
7
8
11
18
10
6
6
12
6
10
10
19
11
12
10
9
18
7
10
5
11
9
18
17
20
6
14
18
14
17
8
14
11
13
10
8
10
16
15
15
6
9
10
9
11
20
9
10
11
12
11
9
16
17
15
5
19
10
15
19
13
12
13
12
11
11
13
5
7
17
19
14
5
13
14
15
11
13
6
15
5
15
18
8
8
20
13
8
5
6
9
9
16
12
20
19
17
11
11
15
10
16
12
15
11
11
16
13
19
14
9
18
8
7
9
8
9
9
19
18
17
18
5
10
14
8
6
11
19
5
12
16
11
5
18
12
16
14
8
12
11
16
11
10
12
12
7
19
11
9
10
11
16
5
10
15
17
9
10
12
10
16
9

30 51 75 97 125 145 161 174 192 222 234 264 285 302 315 328 354 377 398 419 431 441 451 481 506 523 550 564 574 591 612 629 647 668 690 716 726 747 777 790 818 845 866 884 902 929 942 972 991 1019 1041 1053 1063 1086 1100 1118 1137 1162 1192 1207 1226 1248 1266 1296 1317 1346 1365 1383 1408 1418 1444 1463 1493 1523 1541 1569 1588 1607 1623 1637 1655 1677 1693 1710 1722 1738 1762 1781 1800 1817 1832 1858 1876 1900 1929 1956 1973 2002 2015 