350 150 6 
10
20
6
13
13
16
7
14
14
6
11
20
15
10
15
9
14
15
10
18
11
18
18
20
14
20
13
8
9
6
20
19
7
13
17
16
15
17
17
16
13
7
9
8
7
8
9
7
19
14
6
12
19
19
11
8
14
7
14
18
16
10
6
12
12
9
19
6
15
20
7
14
19
19
17
11
16
12
10
19
12
6
10
17
19
7
18
13
9
10
16
6
17
13
6
19
8
18
20
14
12
18
15
19
14
15
8
13
8
18
12
10
6
6
14
18
18
17
8
10
11
15
7
9
12
18
13
19
14
11
15
16
7
6
10
6
16
11
14
10
11
7
8
14
17
14
20
12
10
18
13
18
7
14
12
6
11
14
16
11
6
7
10
15
14
8
19
17
11
9
14
20
7
17
11
13
14
13
17
14
8
7
7
6
18
8
20
7
20
8
12
13
19
19
20
10
12
16
12
16
16
16
11
10
16
19
11
14
12
19
6
19
8
9
16
20
7
6
15
6
7
17
15
12
14
11
10
16
16
15
16
9
18
12
20
8
16
15
8
9
19
12
7
13
14
14
12
7
11
17
9
17
15
9
6
7
11
19
12
12
13
11
14
14
13
14
11
14
10
18
14
7
19
6
20
14
11
7
19
8
17
14
9
6
20
17
16
9
11
19
18
6
19
11
19
11
15
10
10
20
19
20
10
11
7
11
10
13
8
6
13
20
15
15
18
20
13
13
16
10
17
18
7
11
12
11
11
18
8
18
7
6
13
19
11
8
12
8
16
7
14
13
13
16
16
8
11
18
15
13

25 51 67 81 106 136 150 173 190 206 234 255 277 298 316 337 355 383 399 417 435 464 492 513 540 565 591 617 629 647 669 687 702 720 744 758 782 808 828 844 870 896 912 927 941 958 984 1012 1030 1059 1077 1090 1117 1145 1165 1190 1209 1231 1249 1264 1277 1303 1331 1353 1377 1399 1420 1447 1460 1473 1492 1505 1526 1553 1574 1604 1624 1643 1660 1676 1692 1706 1721 1750 1766 1789 1816 1837 1854 1867 1893 1917 1937 1961 1976 1993 2011 2024 2042 2060 2088 2102 2130 2148 2174 2195 2219 2249 2261 2285 2311 2323 2337 2349 2362 2375 2395 2414 2428 2450 2467 2487 2516 2528 2541 2557 2583 2609 2635 2649 2666 2678 2693 2710 2725 2747 2763 2787 2802 2818 2840 2864 2885 2908 2932 2958 2986 3005 3034 