350 150 6 
10
9
11
7
19
15
20
15
17
19
15
9
16
11
11
13
19
13
10
10
7
17
8
10
20
19
6
12
17
14
6
13
10
7
6
20
10
11
20
19
16
7
14
17
12
7
20
14
18
11
7
14
17
12
7
6
11
6
12
17
14
7
19
18
7
20
11
10
17
20
18
6
14
15
12
12
19
10
7
13
16
14
6
13
13
12
20
12
16
13
18
6
13
19
14
6
11
18
14
7
13
7
18
17
7
14
14
13
9
10
11
16
17
11
13
8
8
13
12
15
10
10
12
13
16
7
9
19
15
6
13
9
19
10
15
12
14
8
14
13
17
20
6
15
15
10
14
16
8
15
18
17
6
14
12
7
6
15
8
18
14
18
8
18
18
9
8
6
17
6
7
14
18
20
13
17
8
9
7
17
9
20
8
13
17
11
15
18
9
13
20
20
10
19
10
13
7
19
19
20
10
19
6
10
9
14
8
7
13
14
9
9
10
12
14
7
19
13
16
17
17
7
20
11
19
7
15
11
8
17
15
18
15
16
17
11
9
18
17
20
6
19
9
12
17
13
16
20
12
6
16
12
8
12
15
17
14
11
8
17
12
9
8
17
18
12
20
9
9
20
15
12
14
17
13
11
6
7
20
15
7
15
13
9
15
10
14
12
14
20
20
7
16
9
19
15
12
7
9
7
7
6
14
12
9
7
12
19
13
7
6
20
13
10
12
9
17
11
7
15
19
18
10
10
12
15
20
14
6
15
8
13
14
12
18
17
14
16
12
10
8
10
13
14
20
7
9
14
15
13

22 46 59 74 93 116 137 149 164 177 193 207 230 243 272 290 317 343 370 385 397 409 430 460 490 502 515 536 554 573 589 617 636 654 680 707 720 747 759 785 814 834 860 889 908 935 953 968 994 1013 1026 1043 1071 1089 1104 1131 1154 1178 1193 1223 1241 1257 1283 1310 1324 1344 1373 1403 1427 1441 1470 1495 1510 1528 1557 1577 1604 1619 1641 1669 1695 1722 1735 1749 1772 1794 1810 1827 1839 1868 1894 1913 1941 1954 1968 1985 2006 2027 2053 2080 2105 2131 2160 2185 2198 2213 2225 2246 2258 2274 2300 2324 2352 2369 2390 2416 2428 2447 2462 2488 2509 2530 2560 2573 2589 2614 2644 2662 2689 2705 2735 2765 2788 2815 2832 2846 2876 2890 2910 2928 2951 2974 2992 3021 3035 3060 3079 3094 3107 