200 100 7 
12
15
16
10
10
9
12
15
17
12
15
13
17
10
10
20
19
19
10
20
15
11
9
16
8
18
10
15
13
18
11
20
12
12
10
9
13
8
8
11
10
11
15
18
18
12
18
7
16
17
16
12
16
8
18
17
13
19
13
10
16
8
20
14
14
17
16
14
16
9
14
9
10
18
11
19
12
18
20
7
11
16
19
13
10
8
15
13
17
9
9
18
11
20
18
18
10
10
8
10
9
20
18
16
17
8
17
15
12
13
14
9
11
8
15
10
13
16
12
17
8
18
10
16
17
14
20
11
12
11
10
16
11
9
8
18
11
10
7
19
12
19
16
12
8
20
14
9
14
12
16
12
10
11
19
14
8
15
8
8
9
15
11
19
7
20
11
16
15
10
20
8
20
9
8
18
12
10
11
17
14
12
13
9
17
16
12
19
9
9
15
8
13
18
7
8
17
15
8
14

14 44 67 85 101 119 149 171 191 207 230 250 280 298 328 345 359 379 405 427 454 472 492 519 547 570 597 614 634 648 665 688 708 735 757 778 802 825 840 860 879 894 914 932 955 975 1000 1020 1036 1050 1067 1097 1122 1152 1170 1197 1220 1243 1266 1293 1316 1335 1362 1390 1419 1440 1467 1484 1503 1517 1542 1556 1586 1615 1644 1666 1680 1694 1723 1750 1775 1796 1810 1832 1848 1878 1895 1909 1935 1953 1977 1995 2023 2050 2073 2101 2118 2146 2172 