300 50 6 
9
6
10
14
18
14
16
12
16
8
10
8
11
17
10
17
14
9
11
14
10
20
11
19
20
20
19
7
17
9
9
8
6
17
7
12
13
11
14
16
16
11
16
20
19
9
20
12
9
16
8
6
15
16
7
15
16
7
18
15
12
7
11
18
7
11
20
17
6
13
8
6
8
8
19
11
19
8
10
20
6
6
12
18
16
19
9
18
7
19
19
14
18
20
19
14
14
19
18
12
19
15
6
15
17
20
20
15
6
15
14
11
17
9
16
17
11
6
14
11
19
15
6
10
20
9
7
16
6
19
9
9
7
12
8
7
7
12
6
6
10
6
7
18
8
12
9
11
20
16
7
20
14
13
7
15
15
9
20
7
9
14
20
9
15
9
7
10
13
18
6
16
12
20
12
15
16
8
13
6
8
6
12
15
17
19
16
10
11
19
14
9
19
18
18
14
18
16
6
13
14
12
8
14
15
9
9
12
9
15
10
15
15
16
20
6
16
13
18
9
6
20
10
17
6
20
7
13
10
8
13
20
12
16
16
13
16
14
16
7
12
12
18
12
18
9
9
20
11
17
19
20
13
12
10
8
13
20
7
13
12
17
17
10
20
16
15
11
7
18
16
7
10
15
18
14
18
18
15
17
12
12
16
11
9
9
9
8
12
15
12
6
14
12
13
19
17
14
10
18

19 32 49 61 81 107 135 152 169 197 218 247 274 298 316 337 362 377 405 422 447 475 501 519 537 553 581 611 623 652 680 693 713 731 757 780 801 821 836 864 893 905 931 960 974 987 1001 1021 1038 