20 150 7 
17
16
15
19
15
8
13
7
14
15
18
19
13
13
17
13
19
14
17
19

18 32 50 74 104 120 139 165 183 204 220 238 264 279 294 310 336 362 381 399 417 445 468 487 512 533 556 583 611 633 654 678 694 714 735 753 783 808 825 854 884 910 936 951 978 996 1024 1050 1074 1104 1118 1133 1151 1170 1184 1212 1230 1254 1282 1309 1325 1341 1357 1382 1396 1415 1431 1457 1482 1511 1529 1555 1579 1600 1615 1644 1663 1690 1720 1749 1769 1785 1805 1826 1841 1869 1888 1903 1917 1931 1950 1975 2003 2028 2044 2059 2078 2101 2126 2148 2166 2181 2208 2226 2243 2265 2286 2306 2322 2337 2360 2384 2405 2424 2451 2474 2488 2518 2537 2553 2579 2602 2617 2647 2662 2678 2699 2729 2759 2787 2801 2829 2859 2887 2913 2933 2962 2990 3010 3030 3057 3075 3091 3111 3141 3169 3187 3215 3245 