350 20 5 
10
9
10
14
12
18
18
8
5
16
5
9
11
8
19
11
13
7
6
19
15
6
19
20
6
13
13
19
6
12
10
11
10
8
10
18
19
19
5
11
6
16
20
13
15
5
20
5
10
17
6
8
19
16
10
11
12
13
13
6
16
7
16
5
5
7
12
17
7
17
18
16
19
9
8
8
17
8
17
10
6
15
11
12
8
11
16
7
19
10
5
19
11
13
7
15
19
14
6
5
14
19
18
13
5
20
6
17
8
10
18
18
8
8
14
9
20
15
11
16
18
12
12
18
17
5
5
15
12
20
19
5
18
18
12
12
20
8
8
16
14
18
16
5
9
5
6
6
16
19
5
14
18
12
11
11
8
7
20
15
8
17
8
9
9
5
8
19
7
14
5
13
9
9
18
11
17
14
11
11
20
15
6
9
11
18
8
6
9
12
11
6
14
15
15
9
11
5
15
12
7
13
6
17
18
6
17
12
8
10
6
16
8
13
5
9
5
5
14
11
12
12
19
11
7
19
15
12
18
10
8
14
13
14
17
18
17
18
19
16
6
17
13
12
19
18
10
7
8
14
18
18
9
14
19
8
12
8
17
12
5
11
11
17
15
8
16
9
14
5
18
16
18
12
11
10
15
9
13
9
11
20
14
19
8
11
19
20
18
20
12
17
11
17
17
13
6
20
11
14
16
6
6
18
5
19
5
15
18
8
7
8
7
16
9
7
16
10
12
7
20
15
8
17
13
19
17
10
9
10
8
10
16
13
6
16
7
13
5
20
5
7
15
13
20
9
11
20
10
20

12 23 48 68 89 115 142 159 180 206 218 241 262 289 312 334 359 374 394 