350 40 6 
10
8
11
11
17
12
16
15
6
18
10
18
18
11
20
11
15
20
18
10
9
11
20
6
17
15
10
8
12
9
18
6
18
15
17
6
7
7
6
20
15
19
9
18
12
18
12
19
15
13
18
19
14
6
19
17
14
20
12
15
8
19
7
18
11
17
18
14
8
17
20
8
17
13
11
19
6
10
7
7
12
20
18
15
8
13
14
6
9
8
11
11
12
7
17
19
18
14
17
15
12
17
16
14
15
19
15
14
13
10
16
14
17
15
20
14
10
19
20
18
9
15
6
20
20
19
11
13
9
9
20
20
14
15
16
13
17
7
10
12
6
13
18
18
8
20
14
7
20
16
11
20
9
18
16
14
15
15
6
11
17
10
7
20
8
9
6
11
7
7
15
9
6
10
8
17
8
10
10
8
6
15
18
6
10
17
15
11
6
12
14
14
7
6
11
16
14
15
6
8
11
18
19
18
6
12
17
16
19
14
13
13
13
7
12
15
11
17
7
13
11
14
14
15
20
12
19
11
19
9
9
13
7
9
11
18
6
20
8
18
13
9
14
6
7
20
7
10
6
11
16
20
20
17
8
19
11
18
19
8
12
16
20
9
15
18
15
10
8
8
10
16
11
7
10
14
6
15
19
11
13
15
7
6
10
11
20
17
14
10
10
15
18
10
14
8
10
14
10
7
6
12
7
18
7
17
13
10
14
12
8
7
6
6
19
13
11
6
14
16
8
15
8
20
19
10
17
6
20
6
20
9
14
16
20
13
19
14
12
8
6
19
19
8
18
14
15
6
16
16

30 50 68 91 111 132 150 164 188 203 224 246 275 297 316 337 365 394 409 435 462 490 506 536 562 581 611 640 658 673 692 712 739 762 784 803 817 845 862 