350 30 7 
10
10
12
8
16
16
14
12
13
11
20
15
19
10
14
20
17
8
7
12
7
18
20
8
8
20
15
12
18
9
17
19
17
13
19
11
9
20
10
13
13
20
7
11
8
9
17
14
9
8
14
20
18
18
11
14
10
14
9
11
9
16
11
16
10
17
9
16
18
7
16
19
19
8
13
10
20
11
16
17
11
11
15
9
8
13
10
7
8
16
11
10
10
16
8
19
9
15
12
14
11
12
11
9
19
9
16
16
11
8
12
20
13
16
20
11
7
19
12
14
11
17
13
20
10
17
16
9
10
9
8
18
14
10
7
17
18
14
20
16
12
7
12
14
17
13
20
19
16
10
8
20
14
9
12
16
13
14
16
7
16
12
18
15
13
7
16
19
19
9
8
14
8
20
12
9
10
17
11
13
10
18
15
12
7
12
19
7
11
7
18
12
10
9
13
14
12
7
10
10
10
14
13
19
15
19
16
12
17
16
10
7
19
11
10
9
9
10
18
8
11
12
8
13
10
12
13
15
13
15
19
15
10
13
9
17
17
10
18
18
7
18
19
10
16
14
14
11
18
19
11
11
20
9
15
7
17
15
18
17
12
7
7
15
14
8
14
17
19
9
7
16
19
13
10
13
10
14
8
7
14
17
13
17
13
14
16
16
16
20
9
15
15
18
10
19
16
19
7
9
12
14
10
11
17
17
14
16
11
11
14
18
7
18
20
18
19
15
14
11
9
9
20
12
16
18
10
7
15
12
20
19
11
7
9
12
9
7
9
20
17
20
20
17
10
8
12
19
14
16

24 45 74 102 124 141 171 192 216 231 257 286 301 319 333 348 376 390 414 439 461 484 502 527 548 573 589 604 624 