10 150 7 
9
19
9
20
9
16
12
15
11
12

28 44 60 74 90 117 142 172 198 224 249 264 282 298 317 331 355 375 393 423 442 466 490 513 533 556 573 589 619 645 663 681 710 729 753 770 788 814 828 852 873 887 914 938 962 984 1006 1023 1041 1055 1081 1103 1125 1152 1178 1205 1223 1243 1260 1279 1298 1313 1341 1355 1371 1397 1413 1433 1461 1482 1500 1523 1543 1563 1591 1620 1638 1664 1691 1718 1734 1761 1777 1802 1823 1841 1870 1899 1916 1939 1967 1984 2000 2021 2048 2070 2099 2116 2136 2155 2176 2196 2212 2229 2248 2263 2287 2306 2332 2357 2381 2402 2429 2445 2472 2490 2508 2531 2558 2583 2612 2642 2671 2685 2704 2728 2748 2776 2797 2811 2830 2855 2881 2908 2929 2953 2971 2997 3013 3028 3050 3077 3092 3107 3121 3149 3167 3189 3208 