100 100 5 
20
15
11
10
6
7
10
12
20
14
12
17
18
12
9
19
5
16
6
17
11
18
10
9
11
9
15
8
13
15
11
17
12
17
15
13
11
11
16
19
7
20
20
9
11
6
15
9
9
17
15
6
8
15
5
17
9
11
5
7
15
14
15
14
13
11
15
16
18
12
18
6
19
11
10
9
8
5
19
5
10
12
7
16
10
13
15
9
6
18
12
20
8
8
5
5
15
19
17
10

21 35 48 67 97 119 147 160 182 207 218 238 251 270 284 303 332 350 377 395 416 426 444 455 466 496 521 539 569 583 597 610 633 645 655 683 703 714 741 770 785 810 827 855 883 907 922 935 964 978 1006 1031 1061 1089 1117 1128 1156 1183 1206 1225 1237 1263 1290 1313 1338 1362 1378 1394 1420 1447 1473 1494 1515 1529 1540 1562 1576 1590 1617 1628 1652 1676 1692 1711 1721 1748 1775 1799 1811 1841 1867 1881 1896 1926 1942 1972 1994 2007 2033 