200 10 5 
10
6
7
10
11
11
8
10
5
14
5
10
17
10
18
14
15
12
6
19
13
10
15
14
12
7
7
18
14
20
6
6
18
8
7
6
19
18
15
8
13
14
12
18
18
7
10
11
12
13
12
15
20
7
8
7
19
10
20
8
6
10
16
10
7
16
20
12
10
13
12
6
5
15
17
16
20
18
9
17
12
8
17
10
14
11
11
20
14
18
19
7
20
18
6
13
18
7
5
6
8
20
6
13
5
8
12
10
15
17
8
10
5
5
16
12
18
14
15
13
20
6
12
7
14
20
16
5
11
5
18
10
5
15
5
19
5
17
6
10
11
15
14
12
15
13
14
13
9
10
12
11
15
15
8
16
13
7
20
12
10
18
20
18
8
5
18
17
12
20
5
7
15
18
19
17
20
8
5
5
11
20
10
20
5
20
14
10
9
20
12
8
7
20
18
5
11
14
20
16

12 35 62 77 87 105 117 137 155 