300 50 6 
16
12
17
13
13
19
12
18
20
8
20
7
16
9
15
10
17
13
15
12
18
9
7
9
10
14
16
13
17
12
7
8
16
15
13
11
10
14
9
9
11
15
20
12
19
14
11
12
9
9
8
11
8
16
8
15
10
7
11
16
10
14
10
12
6
11
6
17
8
7
10
14
13
12
13
12
12
14
20
9
8
7
20
15
15
7
13
13
20
6
15
17
6
15
10
13
15
18
12
15
14
17
13
13
7
17
11
10
16
7
11
11
16
12
10
7
8
19
8
6
20
15
16
6
16
11
13
6
19
10
13
18
9
16
16
7
16
15
11
16
15
10
17
11
17
19
6
19
15
11
14
13
9
12
6
20
12
18
11
13
18
20
8
7
19
19
17
15
15
6
10
7
12
7
6
16
8
11
14
7
7
14
7
6
14
10
9
10
10
18
15
17
12
9
7
9
10
13
9
13
16
20
11
10
15
15
11
9
13
14
14
8
16
10
6
8
7
18
7
11
7
19
17
9
13
17
14
6
20
12
20
19
13
10
16
15
13
11
13
16
17
10
17
20
7
7
17
8
18
18
6
6
12
10
12
19
7
13
17
15
17
19
12
11
16
8
20
8
17
13
11
15
16
12
19
9
14
17
12
20
6
14
12
20
10
16
13
12
8
16
19
8
10
18
12
12
9
20
9
13

18 39 62 86 114 135 148 165 185 202 224 239 259 271 298 316 346 362 387 411 438 456 482 510 534 546 562 580 606 633 652 678 699 715 729 742 760 785 797 818 844 869 896 916 946 968 998 1028 1050 