350 100 5 
9
17
6
13
20
7
7
16
10
12
19
7
18
8
6
14
14
20
16
20
14
19
9
19
16
5
19
6
12
10
15
6
16
20
18
5
7
16
9
15
15
7
10
14
10
15
13
13
5
7
12
14
8
20
7
16
14
5
10
11
6
13
19
15
8
18
14
12
12
18
20
18
7
6
20
13
7
9
16
9
18
10
11
12
10
16
17
20
19
13
8
14
8
7
6
9
11
19
19
11
12
18
16
18
12
17
8
13
17
12
6
12
12
19
7
5
10
15
17
9
9
6
20
6
12
13
17
14
15
14
8
8
14
11
6
5
20
17
14
6
16
16
7
12
13
10
7
17
17
10
15
5
6
7
7
11
8
9
10
5
14
12
6
12
12
18
13
5
8
14
15
16
12
14
12
19
11
8
20
7
7
9
17
18
19
9
8
5
5
19
12
5
14
20
19
15
12
18
13
8
16
15
18
20
12
14
12
8
15
5
5
17
20
19
17
6
7
20
15
11
10
18
12
8
8
15
9
10
8
17
15
8
19
13
16
8
9
7
15
19
17
8
18
6
16
17
6
11
12
15
5
7
17
15
20
5
19
20
16
19
6
7
10
12
11
15
15
6
11
17
13
12
8
9
19
14
18
10
9
8
8
18
16
16
16
18
11
20
9
12
14
20
14
13
6
11
14
14
9
20
10
6
15
11
14
18
17
17
19
7
17
20
20
6
11
15
16
18
10
13
16
15
13
20
10
11
11
15
5
17
6
12
13
11
12
8
9
8
19
8
11
15
6
9
8
19
11
10
9
7

13 38 56 75 92 115 136 155 165 185 206 217 247 268 296 308 335 355 373 397 421 446 471 492 507 521 531 549 569 596 611 639 669 687 702 720 745 767 789 817 837 849 865 878 894 904 920 936 959 974 994 1013 1028 1043 1061 1082 1095 1117 1136 1163 1185 1200 1220 1235 1265 1283 1306 1332 1342 1366 1393 1413 1431 1442 1459 1480 1506 1527 1556 1577 1603 1622 1647 1669 1695 1722 1740 1757 1768 1780 1792 1811 1838 1855 1873 1899 1911 1934 1963 