20 150 7 
11
20
8
14
16
8
20
15
8
8
14
8
11
12
10
19
9
9
11
20

29 52 69 98 116 131 148 170 198 220 237 254 284 300 320 348 373 390 415 435 451 479 495 522 538 565 586 615 637 651 673 687 703 730 755 775 795 812 839 857 880 899 923 951 978 998 1019 1049 1078 1106 1136 1160 1182 1203 1226 1249 1273 1299 1328 1345 1365 1395 1415 1438 1453 1475 1503 1519 1541 1559 1573 1595 1614 1642 1672 1697 1726 1742 1767 1781 1800 1814 1830 1846 1871 1895 1919 1934 1956 1986 2005 2025 2042 2056 2079 2093 2109 2132 2159 2183 2210 2231 2249 2264 2290 2314 2342 2369 2394 2414 2444 2466 2481 2502 2525 2542 2560 2590 2616 2639 2668 2682 2700 2716 2744 2765 2791 2819 2838 2856 2873 2889 2914 2942 2957 2976 2999 3029 3057 3077 3107 3130 3144 3172 3202 3227 3251 3266 3280 