200 40 6 
9
6
19
7
17
20
18
11
13
14
9
20
11
18
9
9
9
7
8
10
11
14
19
20
9
10
15
18
19
19
17
10
9
6
12
10
19
11
16
19
7
10
14
13
9
10
9
15
6
6
17
14
13
15
7
14
10
18
14
12
20
13
8
19
7
6
11
7
16
17
13
7
7
18
9
16
12
15
16
13
19
17
20
20
20
12
17
13
12
9
9
16
15
17
13
9
9
18
12
18
9
13
8
9
14
19
20
13
9
11
16
14
13
14
20
16
18
17
18
18
16
8
14
15
16
12
16
8
7
19
13
8
17
18
13
12
18
7
14
7
20
12
6
13
6
14
17
18
8
11
20
10
20
11
9
16
9
7
14
8
12
8
6
13
18
12
6
6
11
13
10
14
10
9
19
19
20
16
17
6
19
18
19
9
14
13
17
14
11
10
7
16
8
12
19
19
7
11
12
16

26 45 62 81 110 139 151 179 205 234 249 277 292 311 327 343 367 388 415 441 458 482 498 521 551 579 609 635 663 675 701 723 739 753 769 790 811 831 861 