300 20 6 
6
16
8
12
12
14
17
8
16
18
12
9
18
19
17
13
20
17
18
14
18
6
19
18
12
16
16
19
6
7
16
15
18
12
20
11
14
8
17
7
20
17
8
15
11
17
17
20
11
13
18
6
17
6
10
9
10
19
12
12
8
19
10
16
10
7
10
20
8
11
11
18
12
17
6
12
18
11
11
10
19
9
12
13
13
14
13
12
9
10
16
6
7
9
15
12
10
17
14
10
7
18
16
10
19
6
14
8
6
12
14
12
9
19
11
20
6
8
13
18
11
11
11
6
17
14
8
17
16
20
9
10
14
13
10
7
16
8
15
18
16
17
16
6
6
10
7
9
17
9
15
6
19
20
16
12
18
16
11
13
15
19
11
14
15
9
11
20
12
6
10
10
12
7
10
20
18
20
12
7
13
14
17
19
7
16
8
18
18
16
8
16
9
11
11
12
10
9
6
14
9
16
12
7
18
12
10
18
20
19
17
18
12
16
18
17
14
15
13
17
9
15
15
8
20
15
8
17
20
20
13
6
13
13
9
6
18
17
9
17
8
8
19
18
15
6
11
13
12
7
9
15
12
9
15
13
15
15
12
20
12
9
20
11
7
14
20
12
15
16
14
12
10
7
18
6
7
17
7
19
12
17
15
11
15
8
10
10
7
11
15
8
17
7
7
14
15
8
19
14

14 31 45 65 82 97 127 143 160 188 200 219 232 246 265 289 319 331 357 