200 40 5 
13
5
16
5
7
18
14
12
12
16
12
17
17
19
8
9
9
5
10
11
8
20
8
9
13
7
6
16
15
7
17
14
7
12
14
20
15
6
14
13
9
13
6
14
19
11
12
13
9
8
20
7
12
6
12
12
18
14
20
14
13
10
19
11
16
5
5
6
16
16
9
13
7
7
11
6
15
19
13
12
13
17
11
9
11
19
15
19
11
5
18
12
9
18
5
5
17
8
15
19
16
10
7
5
15
5
20
20
13
5
19
11
12
8
9
10
16
19
9
6
19
20
8
19
12
8
16
20
16
14
18
18
10
11
15
12
8
15
9
14
6
8
5
5
15
5
20
17
16
14
18
12
15
19
14
10
12
18
11
17
8
13
7
12
19
10
10
11
10
13
17
12
17
19
12
16
12
17
5
7
5
12
18
13
9
10
12
10
20
9
16
20
14
14
6
8
5
17
17
9

22 41 58 79 90 100 125 141 163 187 197 218 235 251 263 278 288 308 333 346 360 375 392 416 426 441 452 471 497 510 539 559 575 592 618 641 659 678 702 