20 100 5 
14
17
18
17
5
18
13
12
11
8
19
15
14
9
5
8
6
11
17
15

25 43 57 69 90 104 133 144 160 189 200 211 225 245 262 279 294 322 341 356 379 396 414 438 457 485 511 528 556 579 592 620 643 669 691 715 744 767 783 805 820 848 874 893 920 942 968 982 1000 1026 1054 1082 1095 1117 1130 1151 1177 1202 1216 1233 1252 1275 1299 1309 1335 1349 1367 1381 1399 1419 1436 1457 1471 1499 1520 1531 1555 1568 1598 1625 1636 1662 1688 1713 1742 1771 1798 1826 1837 1849 1861 1872 1884 1906 1929 1947 1969 1988 2002 