30 100 6 
15
18
12
17
12
7
16
16
11
11
16
14
20
6
14
11
6
14
6
10
18
9
19
20
14
10
17
11
7
19

19 41 59 76 89 111 129 145 163 190 209 236 265 288 312 336 357 378 403 421 439 457 474 501 518 533 552 579 604 630 648 660 683 711 727 755 768 787 810 826 839 863 884 908 928 942 966 993 1021 1033 1045 1066 1091 1105 1117 1141 1162 1190 1208 1232 1261 1281 1303 1319 1332 1359 1385 1405 1428 1449 1468 1488 1512 1533 1547 1571 1590 1606 1627 1655 1680 1697 1725 1744 1767 1786 1805 1828 1851 1864 1878 1897 1909 1923 1935 1957 1981 2006 2024 