300 40 7 
8
16
7
13
13
10
8
9
20
16
18
20
19
18
7
17
14
13
14
10
10
15
20
14
12
19
10
10
10
19
19
9
18
17
11
10
20
18
19
11
14
7
10
16
9
13
13
16
7
15
10
7
18
14
20
8
7
10
9
16
11
15
8
12
11
14
16
13
7
18
20
12
8
18
19
15
11
11
8
8
14
19
20
9
9
10
7
16
9
15
19
15
10
7
13
19
9
8
13
12
9
19
19
9
9
16
15
10
14
12
9
13
20
14
18
13
15
8
13
10
9
17
12
17
14
17
13
19
15
13
16
9
11
16
20
17
19
19
14
14
7
10
16
16
8
10
8
16
7
14
15
17
12
14
18
17
14
17
10
17
16
18
19
9
13
15
19
10
19
15
12
16
14
19
9
13
8
10
18
17
12
20
18
14
16
18
8
14
16
7
7
10
19
11
20
18
18
20
16
20
12
16
7
15
15
13
7
13
12
18
16
19
10
12
18
12
10
15
9
13
7
11
16
9
18
7
20
7
15
12
12
18
10
18
11
17
7
12
16
8
18
11
7
17
9
15
19
18
7
9
7
13
12
13
15
16
15
16
16
9
14
18
10
12
20
20
20
15
15
13
14
8
12
19
14
10
13
17
15
7
11
15
20
16
9
12
13
8
18
19
9
19
14
16
19
13
11
15
10
14

28 48 65 90 120 150 172 188 214 244 263 290 304 331 351 365 386 410 424 442 463 492 513 532 559 588 613 640 657 678 705 735 758 776 799 816 842 860 883 