200 150 6 
13
12
13
20
20
17
16
14
16
7
12
10
17
17
18
11
6
11
19
15
12
18
7
14
6
12
20
8
6
11
20
9
20
18
10
10
12
12
14
14
14
15
11
8
12
10
9
12
6
18
16
11
13
16
20
10
11
14
12
17
14
8
17
17
10
13
6
14
11
14
15
10
9
8
11
18
6
11
14
8
7
18
14
11
7
12
17
9
19
14
9
9
20
6
13
10
6
11
14
11
17
11
7
9
19
13
19
13
12
11
15
13
8
12
9
19
17
9
6
9
9
14
9
8
17
10
13
19
8
17
20
6
11
15
6
16
11
15
16
6
13
16
12
6
13
15
17
11
8
7
8
19
13
7
8
18
17
8
11
17
6
19
10
15
7
6
12
13
9
8
6
16
7
7
8
8
6
12
20
11
7
13
16
8
8
8
13
14
9
16
12
6
8
12
9
13
14
16
11
16

21 34 64 84 97 111 141 153 180 201 221 239 265 277 301 317 330 342 372 399 415 429 441 464 484 513 537 553 576 606 620 632 660 679 694 718 742 759 779 803 833 854 871 900 913 933 947 966 981 995 1022 1047 1066 1085 1111 1141 1168 1182 1212 1229 1257 1274 1295 1322 1341 1354 1377 1389 1404 1419 1438 1453 1479 1508 1523 1549 1569 1583 1601 1627 1642 1654 1677 1700 1724 1742 1770 1800 1817 1837 1850 1871 1899 1917 1944 1958 1983 2009 2029 2046 2061 2074 2088 2107 2137 2149 2164 2183 2201 2220 2249 2271 2287 2316 2341 2363 2386 2400 2418 2446 2465 2493 2522 2537 2549 2577 2602 2623 2636 2655 2682 2705 2735 2757 2774 2786 2810 2840 2863 2889 2908 2925 2943 2965 2995 3019 3034 3063 3081 