300 20 6 
14
11
18
10
19
8
18
7
15
8
8
9
19
10
20
17
6
6
7
12
13
17
11
9
15
11
20
7
14
11
9
8
18
7
8
13
10
15
14
12
14
13
9
8
14
20
13
8
6
15
10
17
19
12
17
7
19
17
7
11
16
6
15
8
15
7
7
20
15
13
11
18
13
11
13
20
15
12
16
9
19
18
19
11
13
6
12
16
7
20
12
20
6
11
8
13
10
7
9
6
11
7
19
6
15
13
20
17
12
14
10
7
20
18
18
11
12
11
10
20
19
18
18
18
11
13
14
6
16
6
16
18
11
7
10
20
10
19
18
19
6
18
7
6
8
8
8
18
8
13
17
8
18
13
11
8
16
18
14
8
20
17
8
15
9
11
18
16
8
7
9
20
12
16
19
12
10
6
12
10
16
19
18
14
18
19
20
18
6
8
13
16
16
11
17
19
15
11
8
9
11
17
12
8
14
8
19
6
13
11
8
16
9
8
13
11
20
9
19
13
14
8
8
19
18
13
9
19
7
14
14
6
15
12
19
6
7
13
20
14
9
14
11
20
14
19
8
17
9
17
6
12
7
9
10
12
17
17
16
14
20
6
16
20
13
6
13
13
17
18
10
9
13
13
17
8
15
13
19
10
6
17
14
8
17
16
8
14
8
6
12
20
14
13
12
12
13
19
19
15

19 34 60 78 99 122 146 159 175 194 224 250 264 278 301 317 337 355 369 