350 100 5 
5
8
11
6
10
19
12
20
19
16
13
5
6
12
12
17
7
10
13
12
11
11
15
8
14
15
18
9
18
10
6
9
10
10
5
14
6
8
20
9
15
13
5
16
5
7
17
15
6
13
20
10
18
15
10
6
13
17
9
9
5
10
14
14
5
7
12
13
9
5
18
11
19
16
13
14
14
5
14
20
16
15
13
5
5
16
14
5
9
13
19
15
6
16
18
14
16
8
8
13
13
19
14
18
9
15
12
6
8
14
11
9
13
8
15
19
11
5
5
14
10
11
8
18
13
20
10
17
17
20
18
5
8
10
17
6
7
5
10
16
13
9
17
20
5
17
18
14
13
7
6
8
8
18
17
13
17
16
15
15
18
20
17
13
19
17
18
15
6
8
15
20
19
14
7
15
16
18
15
13
19
13
9
10
11
11
5
5
11
9
8
17
9
16
13
13
6
17
10
5
14
16
20
10
19
6
5
17
5
18
13
8
5
16
6
14
10
13
13
19
19
10
14
13
14
15
15
12
9
17
16
17
7
7
16
11
5
9
20
17
13
10
20
7
11
8
6
11
14
17
16
15
17
9
8
12
11
9
13
20
20
10
12
9
9
18
12
13
17
14
11
9
16
17
12
18
12
12
17
9
15
15
6
17
13
14
14
6
6
7
18
12
14
19
6
6
11
12
14
9
15
14
18
16
6
16
14
17
18
5
13
15
5
14
7
18
14
18
8
20
9
17
19
13
16
5
7
17
6
10
16
8
6
16
17
14
7
15
17
12
19
10
20
7
8
6
12
8
14
13

28 38 63 89 112 126 156 186 196 225 253 266 286 297 320 337 363 388 410 427 442 465 493 522 547 568 584 598 621 642 664 676 692 716 730 751 761 785 813 839 865 891 917 928 951 963 985 999 1014 1031 1058 1070 1098 1127 1149 1177 1195 1220 1236 1255 1282 1302 1326 1339 1361 1371 1391 1404 1422 1438 1449 1464 1493 1521 1531 1559 1585 1613 1626 1642 1661 1672 1697 1707 1724 1735 1746 1762 1778 1795 1810 1823 1842 1855 1865 1881 1908 1921 1939 