300 150 7 
10
11
13
7
7
16
17
7
18
13
15
14
14
17
8
7
18
10
16
10
18
14
10
20
15
15
18
14
11
20
20
13
9
9
8
19
14
16
13
19
13
9
14
13
7
20
11
13
10
9
12
7
10
15
17
7
8
8
9
12
12
12
7
13
11
11
13
18
15
18
10
12
19
16
15
17
18
12
19
10
8
14
17
15
17
10
20
16
14
7
14
8
20
9
12
10
9
13
15
11
14
9
8
8
10
9
20
10
9
11
7
13
19
19
19
20
9
16
9
20
20
14
13
11
20
19
14
10
16
17
8
19
19
17
19
20
18
16
16
9
18
14
18
20
8
18
12
19
18
14
12
20
19
18
11
14
9
12
10
11
14
15
20
17
17
16
15
12
12
20
19
18
10
17
14
12
12
7
17
16
10
10
13
14
11
15
17
16
10
12
13
14
11
13
14
16
9
20
13
19
19
17
9
19
16
18
19
16
19
12
16
14
7
20
17
18
13
9
7
15
13
17
16
7
12
12
9
17
14
17
18
10
15
15
19
17
16
19
15
15
13
12
20
7
15
18
19
11
8
18
15
20
18
9
20
7
20
18
19
19
19
9
20
18
11
10
8
13
17
20
20
20
7
17
11
20
12
20
11
17
14
16
9
11
16
8
15
13
7
10
12
7
10
18
15
14
20
10
10
9

25 44 69 96 120 149 168 188 202 227 253 278 303 321 341 369 393 422 443 457 484 509 538 563 593 613 641 667 695 713 727 749 766 781 800 826 840 860 879 901 920 941 968 994 1008 1035 1057 1075 1101 1123 1150 1176 1200 1228 1253 1267 1288 1302 1322 1337 1366 1384 1411 1430 1452 1472 1501 1522 1541 1565 1587 1605 1629 1647 1672 1696 1710 1725 1753 1776 1804 1822 1849 1866 1888 1912 1931 1948 1967 1995 2010 2030 2054 2083 2104 2129 2151 2169 2199 2218 2239 2260 2289 2304 2322 2344 2359 2374 2400 2430 2456 2486 2503 2520 2543 2568 2595 2618 2633 2647 2665 2686 2700 2720 2738 2761 2784 2803 2833 2854 2874 2892 2916 2946 2976 2990 3008 3025 3049 3066 3086 3115 3137 3153 3170 3200 3227 3241 3267 