200 30 7 
14
19
11
20
15
14
8
8
11
16
11
12
20
13
19
14
17
11
18
8
14
11
16
9
15
11
9
20
10
14
10
19
11
18
9
9
11
10
19
19
8
16
15
16
12
19
7
15
9
11
10
12
15
20
12
14
12
19
14
17
8
14
14
9
19
8
11
17
14
12
19
16
16
16
18
19
7
10
8
9
18
16
11
11
19
17
17
20
11
16
7
12
20
8
17
12
11
10
16
17
9
14
10
18
13
19
17
9
14
16
13
7
18
9
14
19
13
7
10
9
10
18
18
19
9
8
17
10
12
16
8
17
12
16
7
15
8
8
8
16
16
12
13
14
8
11
15
20
18
10
14
9
15
8
12
12
12
10
19
17
11
9
20
19
8
10
15
17
18
10
18
20
14
17
10
16
14
8
15
20
14
20
19
7
11
17
19
18
19
18
18
11
15
9
18
8
8
19
10
19

26 54 68 88 112 131 145 163 181 195 218 246 269 292 314 343 370 397 425 446 475 503 523 553 579 604 621 641 665 