350 30 7 
16
12
11
11
15
9
9
13
11
15
13
17
16
16
12
13
7
14
12
16
16
19
19
16
8
20
7
17
10
20
14
13
19
10
7
15
15
8
19
14
17
9
13
19
12
14
20
8
14
11
13
14
19
9
16
12
7
11
17
17
11
20
8
20
7
13
16
14
14
14
20
19
17
10
13
9
11
20
17
9
11
20
7
17
7
17
8
14
8
17
8
8
20
15
7
18
9
9
19
14
16
13
8
16
20
18
10
7
7
18
18
12
13
7
16
11
18
18
10
19
12
15
15
17
15
19
12
9
13
17
9
12
19
8
13
19
14
16
10
17
12
15
13
17
8
13
15
7
19
14
20
9
16
11
14
12
14
14
18
7
13
9
12
9
12
12
11
8
11
19
13
12
10
17
15
20
18
18
13
10
12
10
14
11
15
18
9
11
8
10
9
16
8
14
17
20
12
12
10
17
10
7
16
8
18
9
17
15
12
11
10
9
9
18
9
13
7
10
16
11
17
18
12
15
12
15
15
12
7
15
12
16
11
8
20
13
13
16
17
13
19
18
9
7
13
13
18
14
12
7
9
8
7
8
18
8
17
18
12
11
13
20
14
10
10
17
7
17
14
7
19
19
17
16
19
18
15
19
8
12
17
7
14
14
9
9
13
16
14
8
9
16
16
18
13
9
12
18
20
8
13
9
10
13
10
14
16
15
15
7
9
12
18
16
9
19
7
16
14
10
7
15
15
19
18
13
14
15
12
8
20
10
11
20
18
8
16
15
14
20
17
18
19
12
11
19
12
15
12
11

27 41 55 74 97 117 144 173 201 224 238 262 277 296 317 345 368 387 411 440 470 487 509 528 551 570 588 612 634 