300 20 7 
12
16
10
20
12
20
20
20
18
15
15
19
14
9
19
18
16
8
7
8
12
12
14
7
11
18
11
19
11
13
12
8
10
11
19
9
9
11
10
20
16
20
13
10
20
9
16
17
14
15
13
9
12
20
8
14
10
8
10
10
11
8
8
11
13
17
16
19
16
20
17
18
14
20
17
16
17
15
16
20
8
9
16
15
9
15
15
15
14
10
12
20
12
19
20
19
19
20
14
16
12
17
7
7
16
17
11
19
15
16
18
10
8
13
17
10
19
14
18
8
10
11
20
11
16
17
14
16
20
12
11
10
9
16
13
17
13
20
13
15
16
17
11
7
16
15
18
13
20
20
8
18
8
14
11
15
12
10
17
16
16
8
16
19
19
8
16
13
9
17
19
12
11
9
10
11
17
17
20
11
10
10
19
17
20
8
17
16
10
7
20
10
8
12
8
10
9
17
9
13
14
15
9
8
17
12
13
19
8
20
18
20
8
7
17
10
20
17
11
12
17
11
8
12
9
19
17
13
19
8
10
18
18
7
10
19
18
17
11
19
15
17
20
15
11
12
20
15
10
9
14
16
9
17
13
8
15
7
19
12
20
17
7
10
14
16
17
14
20
12
8
16
10
16
11
8
17
8
12
12
12
7
14
15
10
10
13
10
8
16
13
9
12
8
9
11
19
19
11
8

28 56 71 97 117 144 171 190 206 221 238 256 277 296 314 341 363 380 402 