30 100 7 
14
9
20
14
10
7
12
9
12
9
14
8
12
16
14
10
12
11
17
8
15
12
7
18
20
10
19
14
12
15

26 44 72 88 117 134 154 171 189 215 232 256 272 302 325 339 361 380 396 424 447 476 498 513 535 565 585 600 628 651 668 687 701 721 743 773 791 811 840 860 881 906 921 936 964 986 1000 1023 1042 1056 1075 1092 1111 1140 1160 1175 1192 1222 1237 1251 1275 1294 1323 1350 1369 1398 1418 1439 1463 1489 1512 1527 1551 1568 1591 1607 1622 1650 1668 1688 1713 1741 1764 1791 1816 1831 1861 1878 1903 1927 1946 1972 2000 2021 2040 2067 2091 2117 2136 