300 30 7 
18
8
16
12
18
17
17
8
13
17
11
9
10
7
13
10
15
18
10
14
18
7
10
10
7
13
16
17
7
11
16
17
19
11
7
10
7
15
10
17
18
13
20
16
15
11
8
19
12
18
7
19
15
11
11
15
13
7
14
19
11
17
20
7
15
11
8
19
16
18
13
9
18
12
11
16
20
19
10
10
9
10
11
19
11
19
20
15
16
20
16
17
18
13
16
10
18
15
8
15
9
8
9
7
8
17
14
18
20
20
15
12
20
14
9
18
14
20
12
19
18
9
19
10
19
11
11
15
17
16
7
8
12
10
17
13
18
8
7
18
13
20
15
19
9
19
12
10
12
11
11
17
19
15
8
8
8
19
12
8
9
12
16
12
8
19
13
17
12
12
15
19
13
16
11
7
20
8
14
8
18
15
7
10
18
19
9
18
14
9
11
7
10
11
18
9
11
18
8
13
11
11
7
9
20
19
8
16
13
20
8
11
7
20
14
10
11
18
17
8
9
16
9
20
8
18
11
20
15
10
13
7
7
19
8
9
10
10
8
12
17
10
13
19
8
7
19
13
20
19
19
20
7
9
19
15
11
17
16
7
11
16
20
7
11
19
8
20
9
10
8
7
7
8
7
7
17
13
20
16
18
14
12
10
7
14
13
16
12
15
20
19
13
11
16
11
17
8
11
18

20 45 72 94 113 139 156 173 197 223 252 274 294 323 341 360 381 403 418 445 461 488 514 528 558 583 610 626 642 