200 30 6 
9
19
13
9
12
20
7
11
10
11
19
18
12
20
18
9
16
9
20
8
16
17
17
6
15
19
8
19
16
12
11
14
17
13
6
7
20
7
7
14
10
13
18
11
6
16
14
13
11
10
18
14
14
13
8
11
18
8
16
15
16
14
12
18
14
8
16
20
16
12
11
10
13
17
7
17
7
10
11
13
10
12
13
12
17
14
16
6
14
20
14
7
16
7
13
10
18
13
7
15
10
8
8
18
14
16
6
19
9
9
20
20
14
15
12
13
12
18
9
11
8
13
8
6
13
9
9
15
8
20
18
15
17
10
19
9
12
9
6
7
11
9
12
6
7
13
8
11
6
17
7
16
14
12
7
6
10
6
10
11
9
15
15
11
14
11
11
18
7
16
6
18
12
12
14
13
20
19
16
10
15
14
9
20
6
11
19
8
9
20
12
15
7
17
16
19
18
13
17
9

24 47 61 85 101 129 153 175 203 218 232 252 280 295 324 347 371 395 414 428 447 464 487 508 531 552 570 599 617 