10 150 7 
15
20
13
15
14
20
13
7
17
18

23 48 65 92 109 126 150 179 196 212 231 256 277 297 327 349 370 398 417 436 451 475 489 512 528 542 556 582 598 617 645 666 691 707 727 754 771 797 813 829 850 868 887 908 929 943 970 994 1024 1039 1063 1078 1104 1120 1147 1177 1200 1215 1229 1246 1276 1295 1315 1343 1366 1394 1423 1440 1457 1481 1495 1522 1540 1555 1583 1599 1621 1648 1670 1685 1702 1726 1754 1781 1800 1816 1844 1874 1900 1921 1935 1959 1984 2009 2027 2048 2072 2096 2111 2134 2158 2180 2207 2235 2253 2282 2303 2327 2341 2362 2384 2409 2424 2438 2460 2479 2503 2522 2538 2554 2568 2588 2616 2634 2657 2679 2695 2717 2737 2757 2782 2798 2827 2848 2866 2895 2920 2945 2962 2988 3009 3024 3051 3081 3100 3115 3142 3157 3182 