350 50 6 
8
19
13
12
18
10
10
18
17
14
12
19
17
8
13
8
15
8
7
20
17
18
12
14
9
19
15
7
17
19
8
17
10
16
13
18
18
20
20
10
19
19
10
8
10
15
9
16
13
16
18
13
16
16
16
7
12
12
19
6
15
14
16
17
19
7
10
12
11
18
8
20
7
12
14
13
17
14
10
20
13
7
6
13
9
13
9
13
17
8
11
13
12
15
6
13
7
19
18
13
7
15
16
7
13
8
7
14
15
15
9
7
6
16
10
18
9
7
13
8
13
13
10
12
14
16
13
13
10
16
9
20
12
19
11
12
19
20
17
9
18
6
19
15
10
16
14
20
8
18
6
7
17
13
7
9
18
18
14
18
16
15
13
19
19
13
7
15
11
14
6
10
11
14
14
13
9
9
18
18
7
16
20
11
16
11
20
13
6
20
15
13
6
13
20
19
16
19
20
20
8
15
12
7
13
8
8
18
7
17
6
12
12
18
18
11
12
12
10
20
9
12
17
8
18
9
12
6
12
8
12
16
9
16
9
13
9
8
6
18
12
9
16
15
9
15
14
15
6
9
11
11
18
10
7
18
11
19
10
19
15
7
9
8
9
16
20
18
16
15
12
11
20
17
7
7
9
10
9
17
20
18
18
12
18
11
13
17
20
18
13
16
9
14
14
7
19
6
6
13
9
7
17
10
7
17
14
15
6
8
13
18
9
6
16
19
12
12
13
11
19
16
20
20
11
20
17
11
13
9
10
13
12
15
19
7
19
14
8
11
10
10
7
11
7
10
16
7
13
13

30 59 88 113 139 163 188 214 231 255 267 282 308 326 347 376 391 403 433 454 468 494 515 531 556 582 599 627 647 663 675 695 709 729 753 771 784 799 819 836 862 884 912 933 954 966 987 1004 1026 