200 40 6 
10
11
11
7
18
9
7
17
16
11
7
8
7
18
13
8
9
10
20
11
14
12
15
15
16
20
20
20
8
12
13
20
12
10
14
14
17
9
14
15
14
14
10
11
10
15
7
9
15
15
8
19
9
10
19
17
20
6
19
7
12
12
19
9
10
20
11
16
6
19
12
10
6
20
17
8
9
6
16
14
17
20
18
11
10
12
9
17
14
15
12
10
9
7
6
9
6
18
14
9
19
15
9
18
19
20
8
18
20
14
20
16
8
6
10
9
9
12
8
13
7
10
16
19
16
19
19
14
9
6
6
13
6
18
6
9
14
12
19
17
12
8
10
19
10
7
17
15
12
15
19
10
12
20
10
10
16
6
14
15
19
10
11
10
16
16
19
13
9
18
16
12
15
16
12
9
14
15
10
8
10
6
14
18
6
12
7
20
16
18
8
7
16
19
13
13
12
15
16
8

21 46 70 90 109 127 139 155 170 196 214 233 248 273 303 333 361 386 407 419 433 459 484 509 535 561 581 596 624 640 663 682 700 727 743 766 788 806 832 