350 40 7 
19
7
10
15
16
11
8
17
16
13
11
14
8
17
7
7
12
11
14
7
15
11
16
12
16
16
18
11
17
8
7
13
11
13
9
18
20
8
9
9
12
16
9
15
13
10
9
11
12
20
14
16
13
16
20
13
16
16
13
12
10
13
12
11
20
14
15
18
8
10
15
9
9
8
8
19
19
8
17
11
11
9
11
9
11
9
16
14
11
17
16
18
15
11
16
8
14
20
16
17
11
10
18
16
12
15
7
14
14
10
20
16
15
9
16
17
7
16
15
20
11
9
17
8
10
13
18
10
11
16
16
15
16
13
11
10
18
10
18
8
16
19
12
20
20
15
15
15
7
20
17
15
9
16
9
16
15
20
9
20
7
7
9
8
17
18
17
19
15
11
8
20
18
12
19
8
12
8
15
11
20
13
17
19
9
10
8
13
19
11
19
7
18
10
12
11
8
20
16
17
19
20
18
14
7
7
10
8
7
8
13
16
15
7
18
18
15
14
13
11
7
19
15
19
11
8
7
12
8
20
11
12
12
20
13
9
20
13
7
9
13
20
15
14
16
17
16
18
12
12
13
12
9
19
19
19
7
14
8
13
19
20
13
12
12
10
11
16
19
10
14
9
16
13
7
19
19
16
10
14
15
20
14
12
15
14
10
11
14
13
12
16
7
7
20
19
11
13
16
10
18
14
7
11
14
8
14
9
10
18
11
10
15
8
11
15
12
11
13
15
18
19
8
17
10
9
13
8
17
10
9
12
17
20
7
12
19
14
15
16
19
19
19
15
13
9
16
17
18
18

25 40 59 85 99 122 145 161 182 212 227 244 263 278 303 330 357 378 407 437 459 481 507 535 565 590 620 638 658 685 706 736 761 791 805 835 859 879 899 