350 100 7 
10
14
20
18
17
8
17
19
16
7
14
19
18
19
11
16
14
11
15
20
15
19
7
9
10
10
11
19
7
18
9
17
19
16
12
10
20
18
9
16
7
12
12
9
13
15
10
15
19
9
19
15
10
17
14
7
10
13
18
18
19
19
17
10
7
9
11
10
15
12
19
7
20
7
18
10
11
16
7
11
13
11
18
11
19
20
19
13
20
15
17
13
14
13
13
18
17
19
10
14
20
9
16
15
14
10
19
19
20
12
16
11
18
7
8
16
14
16
15
18
8
8
13
14
18
18
12
16
18
18
16
14
17
17
12
11
14
7
8
15
19
16
8
13
12
11
18
11
19
17
14
11
10
17
8
15
10
9
11
10
9
16
12
15
10
16
13
15
14
7
11
16
20
18
17
19
9
12
12
18
20
16
9
16
16
18
16
14
20
10
7
12
8
20
11
17
17
19
13
13
17
10
15
7
13
16
8
18
17
18
9
7
15
11
12
13
8
7
18
16
8
14
10
7
20
17
12
7
14
16
19
20
13
7
10
12
16
12
12
13
8
20
10
20
12
8
20
9
11
9
19
20
20
17
19
7
19
15
18
16
19
15
17
19
19
20
15
12
19
7
8
15
19
14
12
18
8
9
15
20
19
10
19
19
8
11
12
10
10
12
7
11
11
11
12
10
11
17
10
20
14
12
7
8
20
18
20
17
17
11
17
10
18
14
8
7
12
17
8
12
19
14
16
16
12
19
14
10
12
11
10
12
19
7
13
14
9
15
13
17
19
9
16
7
14
18
17
8
20
13

29 43 73 91 116 146 174 197 219 248 276 300 318 347 366 387 405 422 448 471 495 523 539 565 581 604 623 651 673 688 714 739 760 778 796 819 847 872 887 904 933 952 974 1000 1029 1052 1075 1102 1124 1151 1170 1197 1225 1255 1275 1290 1314 1331 1347 1365 1384 1404 1420 1448 1465 1480 1496 1510 1531 1550 1579 1599 1624 1654 1683 1711 1731 1752 1768 1784 1800 1825 1840 1865 1880 1906 1922 1943 1970 1990 2011 2033 2057 2073 2095 2123 2137 2160 2190 