350 40 6 
14
10
12
18
16
16
17
18
6
17
8
11
7
18
18
13
19
11
13
13
14
6
15
20
7
16
11
9
19
19
18
17
14
20
12
19
16
14
12
8
20
10
14
7
9
12
14
16
20
10
14
20
8
9
19
11
18
15
17
19
9
13
20
18
18
20
20
18
16
6
8
11
10
13
19
15
13
18
16
17
19
17
7
15
20
16
17
9
19
13
9
19
11
8
13
19
17
13
7
6
18
15
6
15
9
11
14
8
16
12
10
11
10
10
19
9
10
13
19
8
20
19
13
7
10
7
18
7
10
9
15
20
9
12
8
20
11
9
11
9
13
10
13
6
17
11
18
20
16
18
12
13
20
15
13
15
15
12
11
12
19
13
20
17
16
10
13
9
20
15
14
10
18
18
17
9
12
15
10
13
15
17
14
19
8
18
10
7
19
20
13
10
7
6
18
16
13
19
14
9
19
14
19
19
11
18
7
10
12
11
20
15
16
14
13
9
17
10
10
11
17
15
14
6
8
8
12
8
20
18
17
17
15
20
20
6
19
7
10
13
10
19
6
12
15
11
6
12
9
8
18
18
14
10
10
8
16
8
13
9
16
14
15
17
14
18
19
7
16
20
19
11
15
7
10
11
7
20
9
11
10
18
10
15
16
7
20
18
14
12
9
14
8
17
17
18
12
8
11
20
7
18
15
20
17
16
9
19
14
20
8
15
8
6
6
6
11
12
8
7
8
16
15
13
14
14
16
17
9
14
17
14
15
12
19
9
19
8
20
10
11
10
7
9
15
13
16
10
18
10

12 34 48 68 90 105 130 148 174 203 224 239 261 289 318 347 372 384 411 427 457 487 512 532 547 572 586 604 632 662 691 704 724 749 769 790 804 824 843 