300 10 7 
20
10
18
8
7
9
16
12
14
8
19
16
13
12
10
20
11
20
9
16
19
18
12
12
7
18
19
13
8
9
17
20
9
20
17
7
17
14
17
10
14
18
11
9
17
7
16
8
15
18
18
18
16
8
20
20
7
8
20
8
20
20
10
8
18
9
10
12
8
13
7
13
10
7
16
16
15
11
9
16
8
13
20
18
15
17
10
15
19
15
14
15
19
11
16
14
7
10
14
16
16
19
13
7
10
17
8
19
10
12
14
14
16
18
10
15
18
8
16
10
11
12
7
12
19
9
10
18
17
8
9
13
14
8
10
20
15
10
18
12
11
15
7
8
14
11
19
7
13
20
19
13
19
14
19
7
16
15
16
17
8
12
15
12
16
11
18
10
7
8
15
12
8
10
17
14
13
12
11
15
16
13
18
17
8
11
11
9
13
11
7
7
19
12
17
11
13
15
9
13
11
10
12
13
15
11
13
15
9
12
7
9
14
14
7
15
14
7
18
16
19
19
12
19
10
19
8
20
15
14
13
10
15
15
19
20
17
9
19
19
18
18
13
17
15
9
20
17
7
13
9
17
10
10
8
7
19
20
15
17
10
11
9
13
17
18
12
14
10
7
9
12
20
18
10
9
17
18
12
8
7
15
16
7
20
20
19
18
9
16
7
7
17
10
9
18
16
8
11
19

20 43 70 90 111 139 158 180 198 