200 40 6 
11
20
6
18
16
16
8
14
12
8
18
17
20
8
11
13
8
18
14
10
18
20
19
20
7
10
6
16
20
14
12
7
20
14
8
9
10
15
16
13
8
6
19
18
19
14
19
13
8
18
19
18
19
6
20
10
15
15
19
10
8
15
9
11
13
19
17
11
12
18
17
19
12
20
19
18
11
9
18
20
16
19
19
20
8
19
17
16
14
15
14
11
12
19
11
7
14
20
9
9
8
19
6
12
9
7
20
15
20
13
20
11
14
16
16
8
9
17
16
19
14
6
6
10
13
12
20
15
14
15
9
9
19
8
13
19
9
15
20
14
6
14
15
20
9
12
11
17
14
18
18
9
7
19
9
20
8
19
19
14
11
6
10
19
13
10
10
14
11
20
7
6
11
13
8
17
12
10
12
16
7
8
13
9
15
15
8
14
20
17
17
8
14
10
13
12
14
17
6
10

15 38 53 81 97 125 146 161 184 197 224 252 271 300 319 348 364 386 406 419 444 471 501 517 538 567 588 602 628 644 658 685 706 729 741 758 784 796 822 