200 150 6 
20
19
16
15
15
19
11
13
7
6
9
17
16
8
9
17
11
6
20
20
10
12
19
14
14
9
13
17
19
18
16
19
18
11
16
14
13
12
16
17
16
9
11
9
17
14
9
10
12
12
17
16
20
16
17
18
11
18
19
12
14
11
17
10
14
6
7
16
12
15
11
20
14
20
7
10
16
8
7
7
15
11
11
10
12
12
20
8
20
20
16
18
11
9
20
7
11
8
15
9
13
14
13
15
19
14
12
9
9
20
12
15
14
11
17
9
12
7
19
10
17
20
11
10
12
14
6
20
7
16
11
18
6
9
6
11
19
13
17
10
19
16
12
18
13
20
17
7
9
20
18
6
12
10
11
10
20
11
17
20
7
20
10
6
10
10
13
6
10
7
6
16
8
20
6
13
9
18
9
16
14
17
9
18
8
12
11
19
9
9
16
10
11
10
7
18
9
8
15
11

13 34 57 80 100 130 155 180 195 211 228 245 261 288 303 316 336 348 361 391 421 443 459 489 506 520 550 568 591 603 633 654 679 699 718 740 768 790 808 831 860 888 909 937 962 977 991 1003 1031 1055 1075 1091 1105 1132 1152 1165 1195 1215 1241 1255 1281 1306 1331 1350 1371 1391 1421 1435 1459 1482 1495 1525 1547 1559 1578 1600 1625 1639 1657 1680 1699 1727 1746 1776 1796 1818 1846 1866 1887 1916 1933 1955 1984 2001 2016 2032 2048 2074 2088 2102 2121 2144 2168 2195 2215 2236 2260 2272 2293 2312 2329 2355 2373 2399 2411 2431 2454 2472 2492 2520 2549 2570 2594 2617 2632 2651 2680 2709 2727 2740 2758 2781 2807 2824 2850 2870 2887 2913 2931 2960 2978 3002 3032 3060 3079 3094 3107 3135 3151 