300 50 6 
12
18
9
7
20
14
19
15
6
16
7
15
19
17
17
8
13
15
12
16
13
14
18
10
12
20
7
11
17
18
7
12
12
10
11
6
8
7
18
14
6
10
16
15
14
20
10
15
19
11
12
9
15
14
8
6
6
12
13
20
18
20
19
20
14
14
19
6
8
9
13
11
20
18
13
16
6
6
10
6
8
10
16
16
19
12
9
10
10
17
17
18
13
14
14
6
8
12
7
9
16
18
16
20
13
17
12
17
12
13
9
14
7
9
17
19
16
10
17
16
9
11
9
18
11
8
7
12
18
9
18
11
14
19
16
15
7
6
16
20
9
6
6
8
8
6
17
14
12
9
12
20
13
16
17
18
20
6
20
12
8
18
9
11
10
18
17
17
17
13
18
13
8
6
6
17
19
14
14
17
13
12
10
9
16
8
6
14
12
18
9
14
12
8
15
17
11
9
15
12
8
9
11
10
17
9
6
15
20
10
7
20
14
17
20
14
16
17
19
19
8
18
17
18
10
15
6
9
19
19
12
15
19
14
15
11
7
16
18
13
13
15
10
8
8
15
18
14
16
6
18
7
11
17
19
8
17
16
8
14
13
20
10
18
17
15
16
19
16
8
10
12
18
20
12
12
6
19
14
20
9
11
17
10
20
6
14
18
15
7
13
18
19
11
9
10
14
18
8
9

19 40 61 83 103 133 158 171 192 204 232 252 271 283 308 330 343 366 390 403 419 444 472 486 514 543 572 596 608 626 656 677 694 707 729 749 775 801 820 848 860 885 907 921 933 945 967 996 1023 