350 100 6 
17
10
13
18
12
15
13
8
8
11
19
20
14
6
9
11
13
15
17
16
17
16
10
13
10
18
6
11
11
12
10
6
9
19
12
8
14
13
11
6
13
15
11
7
19
20
12
11
12
9
12
20
11
6
15
14
16
13
13
20
17
15
9
14
8
15
18
17
14
13
15
11
15
20
20
14
11
19
19
13
15
18
6
19
11
13
13
14
15
11
15
12
20
6
17
19
13
20
8
12
6
10
12
19
7
19
19
10
17
9
7
19
11
14
17
9
7
10
6
7
6
10
15
6
17
14
9
6
13
14
17
18
18
19
7
16
7
11
10
6
17
10
13
10
17
13
7
14
20
11
18
14
20
8
13
14
12
7
9
10
7
8
11
14
12
11
18
9
17
10
15
12
7
6
16
19
10
16
6
15
6
13
10
20
19
16
9
12
14
13
6
11
18
9
20
17
10
9
16
16
18
20
10
20
16
6
20
13
15
6
9
19
17
17
6
6
12
7
8
16
16
12
11
16
13
20
15
16
20
10
6
15
11
18
15
12
16
18
9
12
8
13
12
8
6
12
12
20
7
7
20
18
20
8
17
14
7
19
18
9
16
16
10
12
7
14
9
19
14
18
13
17
8
15
18
20
20
15
13
7
13
9
18
14
17
19
10
7
13
6
9
7
18
13
14
19
18
6
17
10
20
11
13
6
13
20
10
20
20
10
14
9
9
9
10
20
11
16
18
18
10
9
13
7
8
16
15
20
16
16
6
18
18
12
14
11
13
7
15
7
8
7
14
19
19
20
8
14
16
15

28 43 69 87 113 143 162 179 206 234 257 272 286 313 341 364 380 398 425 450 471 498 512 532 557 578 594 616 636 653 677 697 727 744 766 780 804 830 853 873 894 919 940 967 990 1017 1044 1057 1072 1087 1108 1123 1139 1159 1182 1198 1221 1237 1262 1290 1305 1323 1352 1365 1389 1411 1431 1458 1478 1501 1513 1528 1551 1578 1607 1636 1658 1671 1684 1714 1743 1766 1792 1812 1829 1847 1868 1885 1901 1929 1951 1976 1991 2004 2019 2038 2055 2082 2111 