300 30 5 
17
12
5
18
17
20
8
20
10
13
17
8
13
18
17
14
12
6
14
17
20
7
11
10
12
5
9
19
19
20
13
15
5
17
20
8
15
18
5
9
19
17
6
14
14
9
18
8
8
17
9
5
11
10
8
15
8
20
10
19
6
6
15
6
12
13
13
19
17
20
20
8
18
5
6
18
20
15
7
5
11
9
17
17
10
6
11
17
12
9
11
6
18
10
10
19
13
9
7
10
15
19
14
8
13
20
10
12
8
12
8
13
13
20
15
13
9
18
13
8
16
11
19
18
16
9
20
16
18
13
10
5
17
7
10
16
13
20
9
20
18
6
14
9
5
10
9
17
15
7
5
13
14
19
11
16
8
10
7
20
17
17
14
12
14
7
16
10
10
13
11
18
10
8
16
15
13
5
10
5
6
12
11
6
12
8
9
8
17
6
10
7
18
11
12
7
15
11
9
13
12
8
8
15
7
8
6
8
11
10
7
17
20
10
8
12
20
19
7
19
5
20
6
17
15
6
11
14
12
13
11
17
11
13
9
17
18
15
9
13
8
19
10
13
18
8
19
8
12
11
13
7
10
13
18
10
15
8
20
9
13
18
17
14
14
19
5
18
20
20
16
20
12
8
10
17
8
16
20
16
12
9
17
14
9
8
6
10
9
10
13
17
10
5
16
12
15
19
20
8

13 30 49 74 98 121 149 165 187 201 222 243 258 274 284 307 332 358 379 402 432 451 473 490 509 523 553 579 594 