200 150 7 
18
14
11
13
13
11
11
18
12
15
8
11
19
17
12
20
12
9
19
7
8
15
20
12
17
16
10
20
19
7
13
9
18
12
20
7
18
16
10
16
13
13
7
16
20
16
8
16
14
13
10
18
10
13
10
7
16
20
20
20
20
13
14
12
16
7
15
11
15
20
16
11
14
20
8
17
18
14
10
13
15
11
16
9
12
13
15
9
20
15
17
13
7
14
8
14
9
14
9
7
9
9
11
18
11
9
12
15
8
9
17
14
20
19
16
14
17
8
18
16
17
18
19
8
19
8
20
20
7
12
15
19
20
12
10
17
7
10
7
10
9
10
20
7
9
20
15
7
15
7
15
17
18
18
19
17
20
19
12
10
12
18
18
13
8
8
10
15
20
12
9
9
8
13
11
9
20
9
10
8
14
20
13
18
16
14
16
15
12
18
12
13
10
10
20
15
12
14
8
14

14 39 55 75 91 106 125 146 161 188 208 228 258 273 298 312 327 354 374 395 422 441 470 486 500 520 549 578 607 630 655 682 709 733 749 767 797 826 847 873 898 921 943 970 994 1017 1038 1067 1086 1106 1136 1158 1181 1211 1234 1255 1270 1284 1302 1330 1354 1368 1397 1416 1439 1466 1485 1512 1537 1551 1578 1599 1620 1649 1663 1681 1704 1727 1742 1762 1789 1809 1831 1851 1866 1886 1908 1930 1953 1973 1997 2018 2032 2050 2070 2097 2118 2147 2168 2195 2216 2231 2254 2284 2300 2326 2353 2377 2406 2420 2438 2462 2491 2506 2524 2539 2554 2581 2607 2635 2658 2672 2689 2708 2726 2749 2771 2788 2816 2838 2866 2894 2910 2930 2950 2974 2991 3015 3043 3057 3072 3088 3114 3142 3156 3171 3192 3207 3223 