10 150 6 
15
17
8
13
6
16
18
15
19
17

12 32 54 78 97 122 140 164 185 205 228 241 261 274 298 328 344 356 369 385 397 422 440 460 475 501 530 553 581 611 641 653 672 697 724 747 759 776 791 820 846 872 893 914 939 962 982 1006 1036 1064 1086 1103 1131 1156 1184 1199 1221 1242 1260 1275 1300 1327 1345 1372 1393 1414 1435 1462 1474 1498 1524 1551 1579 1608 1633 1651 1680 1708 1728 1758 1783 1800 1824 1839 1863 1881 1910 1936 1965 1984 2009 2021 2037 2063 2085 2109 2129 2142 2165 2182 2209 2229 2250 2276 2297 2321 2349 2371 2391 2409 2425 2443 2471 2496 2515 2535 2555 2568 2585 2598 2619 2642 2662 2692 2710 2735 2763 2777 2805 2819 2847 2861 2890 2912 2937 2965 2991 3014 3032 3057 3085 3105 3133 3161 3186 3205 3221 3249 3266 