20 150 7 
7
16
14
18
12
14
19
12
17
10
19
14
9
19
15
15
9
10
8
18

29 59 79 97 123 138 160 181 208 235 262 278 306 333 358 373 394 424 450 478 505 526 542 568 583 611 632 655 684 713 734 756 772 786 806 836 852 873 893 907 935 954 976 996 1023 1047 1062 1081 1095 1118 1133 1149 1174 1201 1228 1243 1264 1280 1297 1322 1336 1364 1390 1414 1438 1456 1477 1499 1527 1557 1572 1590 1613 1627 1656 1674 1690 1710 1729 1749 1770 1793 1811 1840 1859 1879 1909 1937 1959 1980 2001 2028 2047 2072 2094 2114 2134 2164 2183 2209 2225 2253 2277 2303 2331 2355 2379 2402 2416 2444 2459 2475 2493 2516 2545 2560 2580 2605 2623 2652 2673 2687 2712 2727 2747 2763 2781 2809 2833 2855 2877 2906 2929 2944 2973 3000 3016 3046 3062 3083 3100 3127 3156 3177 3203 3227 3250 3267 3289 