20 150 5 
10
7
17
17
18
13
6
15
6
17
12
20
6
15
20
9
13
12
11
12

16 32 43 55 82 100 126 143 160 187 210 226 247 261 290 306 318 331 360 385 406 424 436 457 477 493 521 531 547 569 594 617 631 647 672 695 725 748 758 779 794 816 837 855 870 880 906 928 945 968 998 1022 1038 1054 1067 1090 1107 1135 1165 1180 1195 1210 1226 1240 1254 1279 1304 1323 1349 1368 1392 1404 1423 1435 1448 1468 1481 1497 1523 1538 1561 1575 1600 1612 1633 1655 1681 1699 1727 1745 1761 1774 1790 1811 1835 1851 1879 1891 1906 1932 1958 1986 1998 2016 2046 2069 2093 2110 2124 2149 2178 2196 2216 2236 2263 2275 2293 2305 2328 2353 2383 2413 2423 2451 2471 2495 2522 2548 2573 2593 2608 2637 2661 2681 2698 2723 2752 2777 2791 2815 2839 2852 2867 2887 2906 2921 2950 2973 2996 